vx	vy	vz	score	numLines
-0.83619847	-0.54842506	-0.00144211	4546.04	285
-0.09789688	0.99519651	-0.00033090	4010.68	315
0.97825488	-0.20740577	-0.00048248	2365.94	180

nLines	x1	y1	x2	y2	length
285
	5.13	3.78	21.42	15.04	19.80
	22.17	3.74	28.90	7.68	7.80
	34.95	4.07	94.84	45.24	72.67
	42.07	3.89	100.03	43.43	70.16
	150.13	40.89	157.02	46.48	8.87
	167.56	54.00	196.23	74.91	35.48
	210.88	4.10	218.03	10.97	9.92
	338.54	3.98	342.92	10.01	7.46
	357.48	4.01	361.01	9.99	6.94
	365.84	4.09	380.35	27.10	27.20
	370.26	3.85	377.07	15.97	13.90
	379.96	3.57	385.60	16.22	13.84
	384.72	3.96	390.36	14.82	12.24
	393.43	4.03	412.07	39.93	40.45
	400.59	3.95	408.07	20.90	18.52
	505.60	4.31	506.51	11.04	6.79
	541.19	3.98	543.81	24.94	21.12
	19.23	4.65	91.16	52.83	86.58
	95.94	7.06	102.05	12.43	8.14
	333.99	7.01	342.47	20.03	15.54
	349.88	20.11	364.88	44.07	28.27
	70.00	7.52	79.99	15.02	12.49
	3.57	8.52	19.19	18.61	18.59
	363.77	9.16	378.63	34.92	29.74
	479.76	8.98	481.98	16.09	7.46
	78.98	11.11	106.10	34.03	35.50
	361.02	17.99	372.04	35.98	21.09
	36.67	12.96	43.83	17.26	8.36
	222.82	13.79	227.34	18.76	6.72
	352.75	15.18	367.35	38.86	27.82
	23.98	15.77	40.88	27.11	20.35
	570.30	15.99	570.01	24.00	8.01
	244.29	16.66	279.43	55.46	52.35
	397.99	18.00	413.01	44.90	30.80
	113.02	19.98	117.19	23.13	5.22
	529.69	20.02	530.51	30.07	10.08
	50.67	22.44	74.01	37.48	27.77
	395.30	48.05	406.08	66.97	21.77
	506.64	22.99	509.57	43.99	21.21
	345.93	25.04	362.21	49.75	29.59
	478.01	24.98	480.08	31.02	6.38
	87.06	26.28	100.13	34.90	15.65
	246.09	25.92	250.28	30.68	6.34
	251.12	38.93	268.25	54.79	23.35
	8.08	27.29	18.08	32.82	11.42
	395.91	27.05	416.13	62.95	41.20
	6.14	54.78	34.94	69.23	32.22
	572.19	27.92	572.49	33.98	6.07
	44.95	30.07	87.17	57.84	50.53
	294.91	31.08	298.50	35.78	5.90
	543.25	31.04	544.52	38.90	7.96
	394.93	32.03	412.92	64.06	36.73
	411.46	77.01	406.48	69.07	9.38
	229.99	34.34	237.23	41.84	10.42
	46.02	35.96	67.08	51.39	26.11
	269.08	38.97	275.56	46.96	10.29
	103.47	37.67	111.98	42.96	10.02
	216.16	39.80	223.97	46.45	10.26
	370.24	39.92	384.27	61.83	26.02
	350.24	40.75	356.87	50.14	11.50
	419.26	40.99	427.37	57.25	18.18
	107.30	90.20	134.81	107.83	32.67
	85.83	46.29	91.97	50.05	7.20
	245.84	45.62	268.20	67.73	31.44
	398.30	45.83	402.97	54.02	9.43
	217.84	47.22	222.75	51.23	6.35
	55.04	50.89	64.96	56.56	11.43
	335.98	51.02	343.69	61.27	12.83
	366.66	52.21	379.69	70.24	22.24
	112.93	52.73	152.59	81.51	49.01
	319.32	54.92	322.98	60.02	6.28
	566.86	55.69	567.47	62.94	7.27
	113.08	57.38	146.69	82.36	41.88
	55.82	58.36	95.75	83.31	47.09
	306.88	59.11	318.00	70.99	16.27
	396.70	63.04	408.01	82.99	22.93
	399.79	63.15	403.89	70.06	8.03
	304.94	64.10	313.40	73.92	12.96
	112.02	66.49	117.23	69.65	6.10
	547.27	66.00	550.86	92.99	27.23
	140.02	66.94	158.05	78.40	21.37
	222.42	68.48	228.22	74.08	8.06
	366.71	68.25	370.76	74.05	7.07
	56.97	68.63	67.35	75.67	12.54
	414.68	69.17	417.38	75.01	6.43
	34.11	70.77	39.37	73.37	5.87
	110.96	73.07	134.31	87.61	27.50
	123.99	75.06	194.25	122.62	84.84
	545.46	75.97	548.34	95.01	19.26
	194.21	106.79	240.29	139.07	56.26
	404.11	80.98	410.80	93.11	13.85
	229.07	81.81	237.29	87.99	10.29
	11.90	82.66	37.07	95.39	28.21
	16.84	83.31	29.76	89.87	14.49
	292.91	83.22	298.65	88.44	7.76
	311.06	83.95	314.99	88.01	5.65
	304.10	85.84	307.38	89.62	5.01
	307.93	96.01	321.20	109.67	19.04
	385.96	86.41	397.29	103.12	20.19
	157.86	86.73	167.11	93.90	11.70
	308.65	87.28	326.11	104.85	24.77
	65.89	87.76	94.72	104.30	33.23
	152.09	90.91	203.17	124.66	61.22
	513.36	92.76	514.62	98.00	5.38
	28.62	93.99	37.00	99.00	9.77
	137.87	94.16	189.01	127.91	61.27
	146.34	93.56	151.17	96.73	5.77
	171.85	96.46	180.27	101.54	9.83
	407.31	98.00	411.03	103.98	7.04
	137.92	100.24	157.14	112.87	23.00
	181.88	99.67	190.84	106.21	11.10
	529.12	103.38	530.00	109.00	5.68
	216.06	104.36	220.25	107.16	5.03
	306.65	105.92	318.87	117.74	17.00
	62.81	106.99	92.15	124.28	34.06
	485.05	106.88	487.57	113.99	7.54
	106.01	109.99	132.80	125.26	30.83
	61.94	130.05	91.10	145.37	32.94
	230.11	113.26	234.83	117.18	6.13
	160.00	114.35	168.87	120.11	10.57
	135.20	116.76	148.11	124.87	15.24
	170.99	121.19	220.01	152.51	58.17
	195.99	124.01	212.08	134.87	19.41
	221.11	136.78	212.08	130.89	10.78
	173.95	127.16	187.13	135.70	15.71
	192.00	129.99	224.82	151.50	39.24
	105.10	130.86	132.04	143.81	29.89
	175.05	132.35	185.10	139.33	12.24
	60.13	153.27	89.98	166.60	32.69
	293.14	134.78	297.11	138.19	5.23
	353.83	143.18	350.25	139.11	5.41
	213.97	136.04	217.96	139.06	5.00
	191.01	137.98	196.09	140.89	5.85
	273.22	162.76	301.01	181.99	33.80
	220.05	139.92	227.09	144.85	8.60
	224.89	139.72	238.99	149.02	16.89
	178.99	142.35	242.13	180.29	73.66
	243.07	151.92	266.03	166.94	27.43
	354.74	145.24	361.03	151.46	8.85
	103.01	151.00	130.70	164.42	30.77
	133.23	153.70	138.08	156.29	5.50
	230.95	155.10	272.07	180.90	48.54
	143.54	157.41	162.00	166.53	20.58
	531.33	158.10	533.04	165.99	8.08
	229.90	158.69	250.20	171.83	24.19
	57.65	176.24	89.03	188.83	33.81
	142.99	161.02	160.85	170.21	20.09
	184.98	163.09	240.69	195.21	64.31
	306.84	163.20	323.96	176.36	21.59
	538.17	164.00	538.84	169.02	5.07
	145.82	168.31	157.02	173.99	12.56
	185.96	180.56	239.04	207.77	59.65
	102.07	171.90	129.98	183.54	30.23
	132.08	172.90	136.94	175.17	5.37
	252.00	173.02	256.89	176.11	5.78
	196.03	175.98	204.19	180.81	9.48
	260.01	177.94	296.04	200.45	42.49
	517.91	177.98	519.58	183.11	5.39
	287.89	179.70	293.07	182.88	6.07
	261.95	182.09	268.26	185.45	7.15
	275.01	182.97	289.34	191.47	16.66
	130.98	192.03	137.00	195.00	6.71
	100.47	192.64	129.12	203.51	30.65
	290.36	192.51	295.15	195.30	5.54
	266.22	209.83	302.56	228.37	40.79
	266.02	194.51	306.88	218.40	47.32
	182.77	196.50	239.07	222.67	62.09
	251.03	197.28	262.02	203.92	12.84
	309.21	196.79	331.02	210.95	26.01
	342.86	234.01	351.98	240.02	10.93
	56.07	199.72	86.99	210.54	32.77
	183.95	214.12	239.03	237.70	59.92
	46.90	210.31	39.05	207.79	8.25
	304.90	206.66	313.40	211.86	9.96
	304.07	208.87	312.02	213.97	9.44
	129.93	211.08	136.03	213.49	6.56
	314.91	212.44	321.82	217.22	8.40
	269.60	217.04	274.01	219.48	5.04
	99.06	214.84	128.11	224.38	30.57
	351.95	214.57	361.69	222.33	12.46
	183.02	230.95	239.07	252.29	59.97
	270.93	223.66	301.21	238.49	33.72
	55.03	223.91	85.85	233.27	32.21
	319.08	225.22	326.09	229.86	8.41
	346.08	227.34	357.28	235.65	13.94
	354.36	227.47	364.42	234.53	12.29
	566.50	248.73	567.75	261.41	12.75
	501.22	231.59	503.67	236.36	5.36
	181.97	248.48	239.01	267.90	60.26
	98.00	236.43	127.06	244.23	30.09
	267.95	235.58	301.08	250.77	36.44
	343.18	245.00	351.91	250.10	10.11
	592.39	237.98	591.89	242.95	5.00
	268.00	249.43	301.97	264.16	37.03
	368.00	241.30	377.33	247.63	11.27
	136.97	247.06	157.16	253.50	21.19
	53.06	248.34	84.02	255.88	31.86
	128.00	250.46	132.99	252.11	5.25
	609.39	251.99	608.18	256.98	5.14
	181.96	266.15	233.81	281.42	54.06
	355.00	253.97	362.47	257.60	8.30
	366.89	258.42	378.68	265.25	13.62
	97.06	258.78	125.00	266.00	28.86
	267.00	263.03	302.02	275.88	37.31
	366.96	268.08	378.73	274.31	13.31
	95.99	285.04	123.90	288.64	28.13
	344.18	266.86	351.01	270.55	7.77
	126.98	271.08	133.03	272.86	6.31
	366.08	276.89	379.16	283.71	14.76
	15.83	275.53	22.92	277.15	7.26
	258.03	275.42	266.96	277.75	9.22
	276.01	279.96	302.04	287.88	27.20
	544.03	274.74	547.81	288.02	13.81
	345.04	277.92	351.14	280.56	6.65
	14.02	281.90	19.08	282.44	5.09
	539.04	281.88	541.20	288.10	6.58
	181.00	284.00	237.99	298.08	58.71
	42.14	299.31	34.00	298.10	8.23
	134.97	288.12	167.85	296.27	33.87
	344.96	289.10	351.97	292.13	7.64
	269.05	291.12	302.02	300.86	34.38
	567.09	291.97	570.11	322.99	31.17
	164.06	310.90	177.00	312.98	13.11
	131.98	292.77	234.01	311.94	103.81
	564.36	295.84	568.34	325.94	30.36
	117.99	297.19	122.98	298.02	5.05
	14.90	298.88	20.89	299.45	6.01
	560.48	298.91	562.36	307.92	9.20
	8.99	301.19	21.00	302.04	12.04
	57.93	305.45	73.16	307.71	15.40
	205.97	310.31	215.74	312.53	10.02
	32.30	318.67	41.00	319.97	8.80
	221.03	312.70	233.95	315.10	13.15
	354.85	313.16	362.03	315.18	7.46
	447.99	318.59	458.98	323.05	11.86
	203.99	327.58	255.01	334.51	51.48
	241.03	322.36	258.96	326.08	18.30
	56.19	336.19	39.70	334.57	16.57
	74.02	324.39	85.04	325.00	11.04
	28.04	328.29	17.94	327.61	10.12
	58.53	344.02	75.99	345.94	17.57
	114.74	325.34	121.00	326.27	6.33
	56.97	327.26	61.99	328.13	5.09
	43.00	328.97	51.89	329.38	8.91
	268.86	329.44	275.00	330.12	6.17
	11.00	333.04	16.93	333.18	5.94
	19.94	334.88	27.76	335.50	7.85
	65.01	338.05	73.04	338.17	8.04
	343.06	338.91	347.95	340.04	5.02
	340.20	346.38	347.88	347.14	7.72
	282.06	345.54	287.14	346.29	5.14
	32.08	351.83	54.10	351.93	22.02
	247.94	360.25	255.13	360.69	7.21
	169.97	357.79	178.18	357.70	8.21
	504.35	356.60	510.88	358.32	6.75
	555.18	357.23	559.98	362.07	6.82
	449.07	362.10	457.00	362.68	7.95
	13.00	359.00	20.77	359.36	7.78
	77.00	360.98	88.93	361.60	11.94
	182.06	362.45	187.98	362.65	5.93
	504.39	365.49	511.99	367.40	7.83
	564.01	364.99	568.17	368.81	5.64
	74.00	370.13	90.05	369.68	16.05
	182.17	369.58	189.00	369.61	6.83
	508.05	372.83	515.98	373.84	8.00
	456.00	374.78	461.94	375.32	5.97
	596.00	375.99	603.44	374.53	7.59
	357.89	379.84	363.05	379.76	5.16
	58.00	383.99	3.99	383.35	54.01
	536.97	381.06	544.02	380.94	7.05
	4.02	392.11	65.03	390.34	61.03
	233.00	391.68	242.20	391.20	9.21
	50.97	394.13	63.04	393.20	12.10
	3.90	398.92	17.67	397.64	13.83
	41.91	399.23	47.95	398.67	6.06
	168.88	407.34	174.98	406.86	6.11
	616.95	406.13	621.23	409.06	5.19
	3.98	412.85	65.01	408.13	61.21
	11.97	416.34	117.81	409.48	106.06
	179.03	414.73	159.21	415.56	19.84
	55.03	421.71	112.98	415.86	58.24
	10.04	417.33	4.00	417.66	6.05
	493.03	417.04	488.20	419.19	5.29
	188.05	421.03	198.13	419.72	10.16
	98.98	421.70	113.97	419.86	15.10
315
	78.11	4.01	77.31	10.03	6.07
	83.77	3.93	83.28	11.07	7.15
	103.95	4.00	103.53	9.93	5.95
	120.14	4.02	118.86	20.00	16.03
	138.92	4.01	137.97	17.00	13.03
	150.80	3.98	149.25	35.02	31.08
	157.30	4.00	154.98	41.00	37.07
	170.32	4.03	167.55	53.01	49.06
	301.26	4.00	300.83	37.91	33.91
	325.30	3.95	327.15	39.00	35.09
	505.60	4.31	506.51	11.04	6.79
	513.14	3.98	513.89	19.94	15.97
	541.19	3.98	543.81	24.94	21.12
	582.37	4.02	584.20	21.01	17.09
	598.33	4.01	599.86	16.03	12.12
	166.16	7.95	165.49	32.98	25.04
	572.38	8.00	574.13	21.94	14.06
	243.35	8.70	243.16	14.80	6.10
	527.04	9.00	528.28	30.97	22.00
	382.37	10.94	384.20	36.96	26.08
	516.27	12.00	517.48	32.00	20.04
	586.92	12.00	587.45	18.19	6.21
	305.59	13.22	305.36	24.92	11.71
	453.62	13.02	454.11	18.99	5.99
	103.13	13.94	102.07	26.00	12.11
	318.00	14.00	319.00	37.00	23.02
	472.61	13.94	472.91	19.02	5.09
	507.23	13.97	507.71	21.06	7.11
	597.58	13.82	598.39	20.03	6.26
	421.41	14.93	421.20	22.84	7.91
	41.61	27.95	36.90	67.98	40.31
	495.29	17.02	496.14	27.98	11.00
	491.83	18.01	492.60	27.99	10.02
	138.35	24.99	138.42	37.05	12.07
	482.86	19.00	482.92	31.02	12.02
	117.87	24.25	117.62	37.99	13.74
	473.46	21.94	474.04	34.01	12.09
	529.69	20.02	530.51	30.07	10.08
	162.00	21.00	161.28	35.88	14.90
	128.74	21.97	128.04	28.00	6.07
	110.50	23.03	109.59	32.04	9.05
	342.57	36.02	342.58	44.99	8.97
	453.13	23.01	456.43	51.98	29.16
	506.64	22.99	509.57	43.99	21.21
	309.01	24.98	309.53	34.76	9.79
	362.81	50.15	363.22	57.17	7.04
	173.30	26.03	172.45	54.00	27.99
	250.88	31.08	250.72	38.11	7.04
	430.25	26.08	430.81	40.94	14.87
	572.19	27.92	572.49	33.98	6.07
	505.85	30.97	506.46	43.99	13.03
	345.33	31.98	346.79	49.01	17.09
	190.31	33.05	189.46	49.65	16.63
	136.34	43.01	135.80	52.98	9.99
	183.26	35.11	182.33	48.00	12.93
	229.70	40.01	229.31	48.94	8.94
	145.14	42.06	144.69	58.98	16.93
	110.76	42.97	107.09	89.02	46.20
	196.36	43.98	196.16	49.96	5.98
	102.45	47.52	98.09	82.01	34.77
	331.27	48.02	331.33	56.08	8.07
	452.96	47.90	453.07	53.03	5.13
	188.55	51.11	188.41	67.05	15.94
	154.10	54.00	153.06	66.00	12.05
	150.54	53.01	149.44	65.12	12.16
	240.07	58.94	239.70	71.01	12.08
	566.86	55.69	567.47	62.94	7.27
	237.25	57.93	237.61	65.04	7.12
	547.27	66.00	550.86	92.99	27.23
	88.03	67.00	87.83	73.00	6.01
	517.80	68.26	518.85	88.00	19.77
	244.42	69.23	243.50	111.05	41.83
	182.95	71.02	182.64	77.03	6.02
	511.99	71.00	513.86	90.05	19.14
	291.63	72.23	291.32	85.02	12.79
	232.18	72.98	232.03	79.00	6.02
	356.87	73.07	357.40	83.88	10.83
	324.40	73.88	324.90	81.04	7.17
	484.47	73.96	486.92	103.00	29.15
	533.37	76.04	534.16	95.00	18.98
	545.46	75.97	548.34	95.01	19.26
	527.81	77.03	529.22	96.00	19.03
	198.13	78.01	198.03	84.00	5.99
	411.76	78.01	412.93	90.00	12.05
	520.61	78.27	522.74	98.03	19.87
	192.32	79.03	191.14	101.01	22.00
	417.56	78.87	417.80	93.00	14.13
	83.34	80.01	83.05	93.01	13.00
	180.31	80.01	180.38	86.93	6.93
	434.39	91.01	435.39	115.95	24.97
	510.28	81.00	512.29	99.97	19.08
	237.66	89.00	237.76	109.90	20.90
	496.41	81.95	497.97	102.00	20.11
	499.43	82.02	501.14	100.99	19.05
	90.03	84.99	89.60	95.19	10.21
	308.33	89.72	308.03	95.00	5.29
	63.78	104.00	65.00	88.59	15.46
	200.60	92.98	199.74	107.04	14.08
	6.24	91.04	3.48	112.95	22.09
	106.62	92.99	105.33	108.06	15.12
	438.51	93.96	438.62	108.28	14.31
	16.31	96.04	15.13	103.99	8.04
	291.68	103.93	291.95	98.01	5.93
	412.98	96.01	413.68	103.03	7.05
	234.82	104.11	235.11	112.00	7.90
	246.57	100.05	246.60	113.02	12.97
	38.18	100.99	31.67	183.94	83.20
	27.18	103.04	26.42	108.97	5.98
	231.09	104.00	230.99	110.00	6.00
	268.87	130.96	269.56	104.05	26.92
	517.43	104.06	518.38	110.96	6.97
	522.59	104.99	523.06	110.00	5.03
	96.06	106.00	95.10	123.03	17.06
	134.79	108.98	134.49	113.99	5.01
	275.23	108.92	274.92	116.10	7.19
	61.15	111.00	59.92	124.98	14.03
	328.55	111.96	327.89	177.00	65.04
	63.79	113.01	62.17	128.96	16.04
	104.95	112.99	104.10	128.02	15.05
	169.31	121.06	168.15	149.03	28.00
	243.15	114.35	242.12	137.02	22.69
	40.59	116.04	35.37	174.97	59.16
	341.19	116.01	341.20	122.99	6.98
	55.44	118.36	54.68	126.08	7.76
	272.79	120.92	273.15	129.01	8.10
	320.50	123.02	320.88	135.04	12.03
	315.48	124.98	313.06	165.02	40.11
	303.55	129.09	303.38	157.99	28.90
	335.94	129.00	335.98	136.00	7.00
	343.39	128.94	343.46	135.05	6.10
	103.14	133.00	102.66	148.95	15.96
	88.15	134.01	88.07	139.01	5.00
	61.70	134.98	59.91	152.04	17.15
	317.19	135.98	317.70	142.99	7.02
	263.36	138.95	263.04	150.96	12.02
	273.04	139.03	272.88	162.10	23.07
	347.59	139.98	347.86	150.90	10.93
	517.19	140.07	518.84	172.78	32.74
	524.19	139.96	526.93	171.00	31.17
	357.41	161.99	357.25	174.98	12.99
	177.85	143.94	176.77	157.00	13.11
	488.71	144.05	490.23	173.98	29.96
	536.00	145.00	536.36	154.96	9.96
	504.74	147.07	507.44	174.98	28.04
	86.99	148.00	86.30	160.08	12.09
	140.52	147.99	139.05	172.00	24.05
	491.37	148.31	492.56	178.03	29.74
	10.03	152.00	8.33	181.07	29.11
	320.01	151.67	320.48	170.91	19.25
	102.27	153.99	101.23	168.02	14.07
	336.05	155.00	336.18	162.01	7.01
	503.55	155.99	503.66	165.95	9.96
	41.85	158.02	40.60	167.96	10.02
	250.67	172.22	251.47	189.00	16.81
	519.48	160.03	519.57	165.04	5.01
	303.45	162.49	302.93	180.01	17.52
	350.94	166.00	350.68	208.08	42.08
	538.17	164.00	538.84	169.02	5.07
	55.80	166.38	55.34	172.71	6.34
	91.80	168.01	90.65	187.08	19.11
	157.36	175.02	154.59	251.03	76.06
	504.52	167.97	504.85	177.03	9.06
	143.75	169.04	140.28	245.01	76.04
	162.41	170.89	159.96	252.00	81.15
	185.13	171.02	185.04	179.93	8.91
	21.36	173.05	20.37	180.00	7.03
	257.55	176.95	257.62	198.87	21.92
	552.39	173.20	552.72	179.02	5.82
	523.23	177.03	524.19	184.97	7.99
	56.90	177.99	56.61	196.97	18.98
	138.29	178.06	137.15	190.01	12.01
	170.56	177.98	170.92	198.00	20.02
	149.70	179.20	148.47	202.82	23.64
	505.28	179.15	505.47	185.03	5.89
	336.53	181.00	336.38	188.99	8.00
	492.89	181.03	493.60	186.96	5.97
	96.14	182.04	95.43	192.62	10.60
	321.42	183.97	321.25	192.67	8.70
	83.77	191.00	83.31	202.03	11.04
	263.25	194.07	263.16	204.03	9.96
	240.35	197.07	239.65	265.03	67.96
	341.03	210.96	342.70	232.97	22.07
	352.97	241.02	353.46	246.92	5.92
	183.93	201.00	183.00	213.47	12.50
	531.51	209.48	531.02	203.66	5.84
	56.82	202.86	54.81	220.08	17.34
	168.63	202.97	168.73	208.03	5.06
	148.67	210.03	146.51	246.02	36.06
	167.34	217.08	167.89	209.64	7.45
	87.56	212.16	87.52	230.86	18.70
	128.24	213.02	128.07	220.02	7.01
	249.62	214.94	250.02	277.00	62.07
	308.91	215.07	309.03	220.99	5.92
	523.34	214.93	526.11	246.98	32.17
	132.05	216.01	131.60	221.98	5.98
	488.37	215.94	488.94	224.02	8.10
	547.57	216.25	549.78	246.98	30.80
	246.32	218.97	245.86	277.98	59.01
	532.51	217.33	534.56	249.99	32.73
	183.42	217.93	182.12	230.28	12.42
	257.67	220.22	259.73	261.03	40.85
	521.12	218.04	524.34	250.96	33.07
	177.53	218.90	177.07	225.03	6.14
	339.69	219.27	338.50	276.97	57.71
	338.42	278.02	338.84	299.04	21.03
	465.50	218.94	465.88	246.00	27.07
	497.71	218.87	497.71	264.96	46.09
	507.15	219.06	509.98	262.01	43.04
	510.83	219.07	513.82	262.03	43.06
	136.89	219.97	135.89	230.99	11.07
	190.85	222.27	190.87	227.97	5.70
	3.34	240.06	5.86	220.89	19.33
	43.11	221.02	40.15	249.00	28.13
	96.34	222.91	95.50	232.01	9.13
	453.37	223.10	456.07	266.01	43.00
	44.51	226.01	42.46	259.02	33.08
	51.60	226.00	50.14	248.00	22.05
	267.31	226.02	267.55	232.98	6.96
	29.91	227.01	29.27	245.02	18.02
	54.34	227.97	53.18	245.03	17.10
	560.36	227.96	561.11	243.99	16.04
	566.50	248.73	567.75	261.41	12.75
	39.15	229.02	38.78	254.14	25.12
	302.49	308.59	302.87	232.01	76.58
	452.72	232.99	452.48	255.88	22.89
	594.00	233.00	594.84	242.96	10.00
	182.61	234.07	181.96	247.02	12.96
	87.06	234.98	85.72	252.96	18.03
	67.27	237.52	67.13	243.27	5.76
	267.95	240.00	267.61	248.40	8.40
	138.89	260.99	138.73	279.00	18.00
	49.25	250.04	49.08	260.99	10.96
	307.69	296.91	308.56	250.01	46.91
	314.71	250.04	314.35	256.63	6.61
	353.87	298.99	352.38	253.98	45.03
	266.96	253.00	266.79	260.00	7.00
	528.77	253.00	529.62	261.98	9.03
	470.68	253.67	470.62	265.01	11.34
	524.14	254.00	524.41	261.00	7.00
	466.39	255.00	467.00	266.00	11.02
	491.98	255.02	492.07	266.05	11.03
	358.23	266.18	357.53	280.02	13.86
	85.49	258.07	84.95	275.00	16.93
	52.84	258.90	52.31	264.02	5.15
	92.98	261.00	92.39	277.08	16.09
	174.39	270.99	174.93	296.08	25.09
	146.53	263.96	146.62	279.77	15.82
	360.75	266.79	360.87	278.01	11.21
	154.42	268.24	154.25	280.98	12.73
	239.70	268.99	240.12	312.98	43.99
	165.59	271.01	164.95	284.94	13.94
	125.65	274.00	125.75	280.16	6.16
	607.44	274.97	608.87	284.00	9.15
	616.64	273.94	617.80	283.04	9.17
	10.42	277.45	8.54	292.99	15.65
	263.07	297.00	263.77	311.99	15.01
	178.09	286.01	177.80	299.09	13.08
	243.43	285.53	243.66	301.89	16.36
	181.06	288.00	180.55	295.53	7.55
	246.80	290.18	246.51	304.26	14.08
	597.35	291.01	597.84	299.06	8.07
	527.88	294.07	529.87	315.99	22.01
	567.09	291.97	570.11	322.99	31.17
	627.07	293.00	630.60	321.99	29.21
	613.00	294.00	618.28	325.92	32.35
	266.97	298.98	267.49	317.94	18.96
	600.44	294.99	603.29	326.80	31.94
	76.42	295.87	76.12	305.07	9.21
	498.33	295.97	499.48	310.96	15.04
	564.36	295.84	568.34	325.94	30.36
	612.65	296.01	615.42	326.01	30.14
	469.69	296.91	470.60	319.98	23.09
	526.06	301.01	526.95	314.98	13.99
	445.16	302.95	445.67	309.03	6.11
	457.17	303.08	458.40	320.98	17.94
	553.58	303.05	554.35	314.00	10.98
	500.94	305.20	502.00	319.00	13.84
	513.60	305.07	514.40	318.08	13.04
	468.30	306.03	469.02	324.00	17.99
	43.01	311.01	42.40	319.77	8.78
	76.13	311.15	75.06	319.96	8.87
	506.01	312.99	506.34	318.04	5.06
	112.42	318.07	112.06	326.08	8.02
	93.93	318.97	91.62	384.01	65.08
	15.65	330.04	17.16	319.79	10.36
	77.15	346.20	77.74	340.96	5.27
	481.99	329.00	482.03	339.01	10.02
	496.84	330.21	496.99	335.99	5.79
	610.47	331.91	610.96	339.00	7.10
	126.01	333.99	125.37	346.78	12.81
	6.61	335.01	5.80	341.97	7.01
	122.30	334.93	122.42	342.35	7.43
	103.39	340.07	102.95	360.00	19.93
	29.24	345.07	29.17	352.04	6.97
	181.59	347.04	181.01	356.00	8.97
	160.20	348.98	159.25	413.00	64.03
	168.02	351.00	167.96	357.00	6.01
	496.65	354.84	497.53	363.67	8.87
	170.47	360.99	170.97	386.99	26.01
	164.04	363.99	163.68	369.03	5.06
	157.12	366.01	155.30	383.06	17.15
	190.86	374.97	189.73	393.94	19.00
	200.73	378.00	201.03	373.01	5.00
	181.39	370.03	181.58	382.99	12.97
	167.52	372.98	166.74	381.93	8.98
	236.47	374.98	237.01	389.00	14.03
	223.35	380.05	221.65	398.99	19.02
	71.95	383.99	71.56	390.91	6.93
	256.23	388.01	256.53	402.90	14.88
	243.00	392.00	242.96	421.01	29.01
	229.35	394.07	230.12	410.03	15.98
	236.76	394.88	235.62	413.01	18.16
	215.06	400.01	215.27	409.85	9.84
	261.07	404.05	260.02	421.00	16.98
	306.81	408.00	306.51	420.86	12.87
180
	229.93	6.58	243.98	3.91	14.30
	419.05	12.67	467.97	3.81	49.72
	480.35	8.47	505.02	4.19	25.04
	515.83	5.65	528.04	4.19	12.29
	514.89	8.26	526.81	5.80	12.18
	343.16	20.91	349.01	19.53	6.01
	549.92	9.33	561.02	7.21	11.30
	352.35	8.13	345.00	9.00	7.40
	462.04	9.62	471.00	7.88	9.13
	483.01	16.25	504.92	12.20	22.28
	496.02	10.10	503.04	9.22	7.08
	481.98	11.74	488.99	10.94	7.05
	460.45	16.43	469.05	14.80	8.76
	549.90	16.28	560.97	14.75	11.18
	433.90	17.54	447.96	16.16	14.13
	474.17	35.17	462.97	37.31	11.40
	431.03	24.69	453.02	20.91	22.31
	462.04	23.21	471.06	21.75	9.13
	572.07	26.26	600.88	21.65	29.18
	573.95	28.58	584.02	27.09	10.18
	554.05	30.50	569.03	28.21	15.15
	482.01	33.62	494.92	30.77	13.23
	517.01	35.05	542.00	30.98	25.31
	533.04	35.23	541.01	34.21	8.03
	511.00	44.99	581.90	34.59	71.66
	428.07	63.70	580.98	40.79	154.61
	518.82	37.81	526.96	36.43	8.26
	483.95	41.75	489.99	40.96	6.10
	463.02	46.05	474.45	43.59	11.69
	484.00	51.05	509.00	47.01	25.32
	555.04	49.19	565.97	47.91	11.01
	481.66	49.41	457.07	53.51	24.92
	518.72	54.38	542.98	51.10	24.48
	517.04	57.65	544.98	54.06	28.16
	426.03	61.01	455.00	55.03	29.58
	567.98	55.59	575.01	54.75	7.08
	492.06	58.23	509.28	56.79	17.28
	556.15	57.52	564.04	56.64	7.94
	480.03	68.23	551.00	58.01	71.70
	482.98	62.37	509.88	59.20	27.08
	465.06	62.18	475.08	60.71	10.13
	429.45	80.34	438.92	78.85	9.59
	431.99	66.97	448.00	65.00	16.13
	519.96	68.72	545.04	65.25	25.32
	555.04	67.51	568.01	66.36	13.02
	486.00	73.99	510.00	70.00	24.33
	520.88	74.69	545.04	71.22	24.40
	556.01	71.09	561.04	70.62	5.05
	425.03	76.28	437.96	74.43	13.06
	500.04	76.23	508.02	75.15	8.05
	487.04	77.70	496.02	76.29	9.09
	434.08	85.30	439.94	84.64	5.90
	45.97	98.81	57.15	97.72	11.23
	525.00	100.02	546.00	97.95	21.10
	501.85	103.88	510.78	102.38	9.06
	489.03	104.83	498.10	103.88	9.11
	530.96	103.87	536.86	103.47	5.92
	486.11	118.16	523.90	113.60	38.06
	343.01	115.11	352.03	114.17	9.07
	535.94	119.33	520.96	120.54	15.03
	488.08	122.61	494.04	122.21	5.98
	540.49	132.46	533.00	132.97	7.50
	440.06	130.62	450.94	129.58	10.93
	514.99	133.79	525.77	132.60	10.85
	498.03	136.79	506.01	135.60	8.07
	525.17	138.42	533.92	137.24	8.82
	500.99	141.89	515.98	139.64	15.16
	526.95	143.44	537.03	142.25	10.15
	507.04	145.26	515.02	144.33	8.04
	490.97	147.20	500.00	146.01	9.11
	470.02	156.67	482.00	155.04	12.09
	470.02	163.17	483.00	161.99	13.04
	559.92	168.75	519.99	173.38	40.19
	470.06	171.32	482.99	169.83	13.02
	470.08	178.42	483.95	176.80	13.96
	471.08	186.37	484.00	184.93	12.99
	530.03	187.67	555.94	184.81	26.07
	494.00	190.30	519.02	188.49	25.08
	470.99	193.41	476.99	192.97	6.02
	455.04	196.62	470.99	195.84	15.97
	331.91	211.67	340.43	210.59	8.58
	531.95	203.29	556.00	201.99	24.09
	496.02	206.18	522.44	204.64	26.46
	445.02	209.34	473.94	206.52	29.05
	530.90	211.87	556.97	209.73	26.16
	494.06	215.23	523.09	212.28	29.18
	550.00	214.98	557.03	214.32	7.06
	445.04	218.24	464.05	217.19	19.04
	473.98	217.37	478.99	216.97	5.03
	513.00	217.94	518.99	217.58	6.00
	326.96	230.11	336.14	229.74	9.18
	474.00	233.12	486.96	232.26	12.99
	475.01	240.22	487.05	239.44	12.06
	571.95	243.21	585.12	241.61	13.27
	474.97	248.71	488.01	247.93	13.06
	572.01	249.94	585.01	249.36	13.01
	475.03	255.80	488.00	254.99	12.99
	613.02	258.84	618.02	258.26	5.04
	554.04	263.10	566.03	262.25	12.02
	611.97	262.74	620.00	262.10	8.05
	552.05	266.28	591.95	264.41	39.94
	596.15	263.69	608.01	263.66	11.85
	552.05	269.54	619.98	265.28	68.07
	521.06	268.71	538.92	267.67	17.89
	457.92	269.43	469.07	268.24	11.21
	463.04	271.65	492.00	269.03	29.08
	547.18	275.60	600.01	271.21	53.02
	451.99	279.88	542.99	274.72	91.14
	563.04	280.19	599.00	278.03	36.02
	23.01	279.16	31.03	278.78	8.03
	524.00	282.00	538.01	281.87	14.01
	465.97	285.91	500.00	283.90	34.09
	567.39	288.18	594.00	286.10	26.69
	538.02	292.05	565.92	291.17	27.91
	471.97	292.36	489.01	291.31	17.07
	490.01	291.26	495.98	291.14	5.97
	625.97	292.31	616.99	293.10	9.02
	603.00	293.80	609.98	293.31	7.00
	570.01	294.63	595.02	293.62	25.03
	556.00	295.88	563.07	295.36	7.09
	526.01	296.33	500.99	298.93	25.16
	472.00	298.98	496.00	298.06	24.02
	136.95	306.11	144.86	305.73	7.91
	461.01	301.42	466.98	300.90	6.00
	571.00	301.69	597.05	301.26	26.06
	447.96	302.35	453.02	301.89	5.08
	373.00	305.95	382.86	305.39	9.87
	472.98	306.36	496.02	305.22	23.07
	504.00	305.03	509.99	305.14	5.99
	18.90	316.93	12.01	317.35	6.90
	144.27	310.04	157.97	309.95	13.70
	571.01	309.11	598.02	307.54	27.06
	472.98	313.44	496.95	312.37	23.99
	181.01	315.98	194.01	316.22	13.00
	572.00	316.77	598.03	315.56	26.06
	514.99	318.57	524.77	317.71	9.83
	21.14	320.27	27.01	319.97	5.88
	473.01	320.83	498.00	319.87	25.02
	573.02	324.13	599.00	323.00	26.01
	259.96	324.43	266.86	323.85	6.92
	484.00	327.00	490.01	326.90	6.01
	526.97	330.19	536.72	329.34	9.79
	601.99	329.34	632.98	327.91	31.03
	472.99	330.26	478.00	330.03	5.02
	590.00	331.25	599.02	331.12	9.02
	11.00	333.04	16.93	333.18	5.94
	227.04	340.83	253.01	340.33	25.98
	297.72	337.87	305.45	337.82	7.73
	65.01	338.05	73.04	338.17	8.04
	30.08	341.41	10.03	342.51	20.08
	49.98	343.53	44.00	344.03	6.00
	476.90	344.88	482.04	344.59	5.15
	83.99	346.70	89.04	346.24	5.07
	32.08	351.83	54.10	351.93	22.02
	61.96	353.91	71.08	353.74	9.12
	80.05	353.41	90.03	353.09	9.99
	169.97	357.79	178.18	357.70	8.21
	589.98	359.86	595.00	359.48	5.04
	182.06	362.45	187.98	362.65	5.93
	583.56	368.52	595.09	367.76	11.56
	74.00	370.13	90.05	369.68	16.05
	182.17	369.58	189.00	369.61	6.83
	190.92	369.20	198.10	368.69	7.20
	357.89	379.84	363.05	379.76	5.16
	58.00	383.99	3.99	383.35	54.01
	536.97	381.06	544.02	380.94	7.05
	4.02	392.11	65.03	390.34	61.03
	233.00	391.68	242.20	391.20	9.21
	50.97	394.13	63.04	393.20	12.10
	483.15	399.92	491.34	400.36	8.21
	482.96	405.43	489.98	405.53	7.02
	541.09	403.11	546.10	402.75	5.03
	267.00	403.99	274.00	404.02	7.00
	168.88	407.34	174.98	406.86	6.11
	3.98	412.85	65.01	408.13	61.21
	11.97	416.34	117.81	409.48	106.06
	165.67	411.58	180.04	411.75	14.37
	179.03	414.73	159.21	415.56	19.84
	439.95	415.16	446.24	414.78	6.30
	10.04	417.33	4.00	417.66	6.05
