vx	vy	vz	score	numLines
0.97895142	0.20408704	0.00161276	3660.16	123
-0.99744045	-0.07150200	0.00008646	2826.82	191
-0.04503139	0.99898557	0.00006318	2522.75	159

nLines	x1	y1	x2	y2	length
123
	127.19	3.30	140.96	7.41	14.37
	170.14	3.41	248.03	25.47	80.96
	188.14	3.45	324.87	44.35	142.71
	156.07	3.67	169.03	7.45	13.50
	3.98	9.12	39.00	16.01	35.69
	180.08	10.13	187.15	12.59	7.49
	188.26	11.10	207.96	15.79	20.25
	88.97	17.05	100.14	19.64	11.47
	480.03	16.86	483.98	20.02	5.06
	187.94	19.82	205.00	24.02	17.57
	206.04	20.80	220.06	23.83	14.34
	76.01	22.91	156.00	38.96	81.58
	128.01	25.83	136.85	27.30	8.97
	250.96	26.85	299.97	40.11	50.77
	75.02	28.64	122.03	36.75	47.71
	255.00	37.56	284.00	44.11	29.73
	301.97	40.16	337.02	49.84	36.36
	9.04	41.23	14.93	42.10	5.96
	191.92	40.53	218.06	45.45	26.59
	634.50	43.18	623.82	73.91	32.53
	327.85	45.56	368.68	56.45	42.26
	186.01	47.94	207.06	51.68	21.39
	210.98	49.45	242.90	56.20	32.63
	340.87	52.23	368.96	58.22	28.72
	370.00	58.01	426.91	75.80	59.63
	132.04	58.28	138.86	59.44	6.92
	89.07	58.95	94.96	59.80	5.95
	255.04	60.21	266.69	63.19	12.02
	269.03	59.88	292.97	63.65	24.24
	309.10	60.37	319.80	62.39	10.88
	329.96	70.36	307.83	65.60	22.64
	612.04	74.00	608.43	102.00	28.23
	434.26	70.41	429.17	68.86	5.32
	275.90	77.87	270.05	77.37	5.87
	328.57	167.03	316.94	169.44	11.88
	502.63	69.03	508.01	72.08	6.19
	347.07	69.83	360.04	72.95	13.34
	574.83	72.07	578.58	78.39	7.35
	4.00	75.94	12.01	76.61	8.04
	454.00	77.00	464.83	80.13	11.27
	62.94	79.29	70.04	79.62	7.11
	205.99	96.29	216.02	96.93	10.05
	66.06	101.82	76.99	101.59	10.93
	62.92	137.42	69.13	137.11	6.22
	554.14	148.75	501.14	176.30	59.73
	611.79	150.17	613.07	156.06	6.02
	444.98	152.90	485.09	145.29	40.82
	524.99	159.97	300.87	253.72	242.94
	558.48	162.32	542.08	176.11	21.42
	297.12	421.13	568.00	165.01	372.79
	531.90	166.22	519.01	173.24	14.67
	572.03	170.01	560.70	183.78	17.83
	569.34	195.68	580.96	172.97	25.52
	535.16	178.31	530.27	182.33	6.33
	523.50	181.99	528.09	179.20	5.38
	559.11	179.06	525.95	217.94	51.10
	406.25	206.55	462.17	183.33	60.54
	555.08	191.05	560.06	185.56	7.41
	570.86	186.25	557.25	213.08	30.08
	595.50	189.81	594.52	195.94	6.20
	322.91	195.37	313.08	197.70	10.10
	406.04	198.46	412.07	195.88	6.56
	568.39	197.76	551.01	235.07	41.17
	300.90	239.75	404.97	200.45	111.25
	325.95	206.46	314.01	210.03	12.46
	495.07	206.71	488.98	210.64	7.25
	399.15	209.42	374.29	219.38	26.78
	76.95	223.69	87.03	221.93	10.24
	442.84	229.42	448.00	226.04	6.17
	534.31	238.34	539.00	231.74	8.10
	489.42	234.32	353.09	357.61	183.82
	351.60	358.54	332.01	378.01	27.62
	548.02	236.01	531.11	274.02	41.60
	525.84	278.82	451.55	421.03	160.45
	586.51	236.99	585.52	242.90	5.99
	299.99	249.32	320.08	239.69	22.28
	500.51	255.02	494.60	261.97	9.13
	91.97	276.80	105.87	272.61	14.52
	141.94	301.32	63.93	330.36	83.24
	62.93	330.85	3.94	348.85	61.67
	91.00	273.99	107.00	269.99	16.49
	118.02	284.56	128.95	280.86	11.54
	450.69	281.66	445.68	286.68	7.09
	14.79	297.36	59.00	286.06	45.63
	442.76	288.79	308.03	421.03	188.79
	114.66	293.69	99.03	299.67	16.74
	9.06	297.63	17.14	295.55	8.34
	510.31	294.93	486.74	334.72	46.25
	123.03	302.74	141.06	297.14	18.88
	92.96	314.82	113.97	307.48	22.25
	431.41	307.34	425.12	313.13	8.56
	140.96	318.90	4.04	375.61	148.19
	135.44	312.45	141.06	310.08	6.10
	23.38	314.31	33.00	310.94	10.19
	138.03	314.21	63.95	344.35	79.98
	530.68	324.90	528.62	331.45	6.87
	510.85	323.34	507.73	328.88	6.36
	3.95	382.86	142.01	324.03	150.08
	592.72	332.05	592.07	339.92	7.89
	4.07	344.74	21.15	339.48	17.87
	500.61	342.07	469.10	409.97	74.86
	482.61	343.06	445.12	409.07	75.91
	57.89	347.25	35.05	356.12	24.51
	16.96	351.97	25.98	348.96	9.51
	117.13	354.17	109.92	357.30	7.85
	136.19	356.42	141.82	353.71	6.24
	3.92	368.83	32.01	357.02	30.47
	353.81	360.77	347.69	366.67	8.50
	368.76	371.02	373.01	366.01	6.57
	58.92	371.82	67.98	367.96	9.85
	110.09	370.21	103.92	372.82	6.69
	361.35	378.33	356.80	382.73	6.33
	284.47	421.57	329.96	379.96	61.65
	355.16	384.12	351.61	388.02	5.27
	438.76	385.59	433.98	393.00	8.81
	43.57	387.27	26.21	396.56	19.69
	63.15	393.93	73.69	389.29	11.51
	322.68	389.64	289.05	421.05	46.02
	319.07	421.06	351.04	390.90	43.95
	66.98	397.58	78.00	392.06	12.32
	357.43	396.97	346.46	409.50	16.65
	14.17	400.40	8.03	402.78	6.59
	328.11	417.13	324.14	421.09	5.61
191
	210.05	35.74	220.25	36.52	10.23
	13.24	50.83	6.02	50.75	7.22
	303.98	50.33	326.94	53.64	23.20
	255.93	52.70	272.07	54.79	16.27
	89.07	58.95	94.96	59.80	5.95
	275.90	77.87	270.05	77.37	5.87
	193.00	74.57	200.84	74.69	7.84
	340.99	75.44	365.10	78.40	24.28
	4.00	75.94	12.01	76.61	8.04
	62.94	79.29	70.04	79.62	7.11
	376.84	82.69	388.06	83.21	11.22
	205.99	96.29	216.02	96.93	10.05
	536.00	107.94	541.84	108.15	5.84
	530.23	141.71	536.94	142.51	6.76
	103.01	142.45	111.79	143.28	8.82
	557.06	150.29	574.94	152.10	17.98
	557.05	155.41	569.04	155.99	12.01
	576.28	156.23	582.85	156.71	6.58
	376.51	160.35	384.04	161.18	7.57
	83.96	161.17	92.04	161.60	8.09
	575.08	163.24	592.94	164.85	17.93
	425.04	184.53	439.16	185.73	14.17
	496.98	186.78	510.96	187.82	14.02
	479.99	187.95	494.93	188.80	14.97
	515.14	188.62	529.00	189.24	13.88
	406.80	190.58	427.99	191.01	21.20
	105.83	257.08	89.01	255.92	16.85
	574.26	194.50	591.02	196.97	16.94
	387.25	197.14	401.95	198.69	14.78
	31.98	199.45	37.01	199.96	5.06
	553.96	206.91	548.11	206.62	5.86
	363.98	204.96	376.95	205.22	12.98
	437.94	206.67	449.08	208.39	11.28
	506.99	208.27	515.25	209.33	8.32
	344.97	210.44	352.00	211.16	7.07
	445.99	211.06	451.12	211.64	5.16
	475.00	213.98	490.93	214.47	15.94
	430.02	216.05	446.07	216.54	16.06
	413.93	219.78	439.00	222.46	25.22
	485.04	219.83	499.98	221.08	14.99
	567.86	223.44	561.00	223.02	6.87
	410.98	223.11	432.00	224.67	21.08
	480.98	224.92	494.99	226.05	14.05
	424.05	228.88	442.00	229.36	17.96
	448.99	225.93	477.94	227.46	28.99
	558.00	230.50	587.89	234.38	30.14
	339.00	231.70	344.11	232.32	5.15
	518.88	235.42	525.22	235.83	6.36
	526.90	238.54	532.97	238.78	6.07
	391.97	232.51	459.00	236.55	67.15
	466.96	233.50	484.93	235.30	18.06
	377.02	236.02	416.76	237.77	39.78
	321.03	239.13	328.24	239.58	7.22
	435.09	240.36	451.98	241.67	16.93
	465.00	241.78	476.99	242.46	12.01
	391.02	245.51	414.00	247.43	23.06
	106.07	246.27	115.05	247.54	9.08
	549.96	246.07	584.94	250.30	35.23
	415.03	249.13	429.02	250.56	14.06
	92.01	251.30	102.00	251.95	10.02
	350.93	254.12	363.00	255.53	12.14
	433.93	251.75	448.92	252.76	15.02
	547.00	253.43	567.01	255.11	20.08
	417.01	254.33	430.05	255.77	13.12
	443.00	256.40	461.91	257.26	18.93
	394.02	257.82	411.01	258.88	17.02
	341.95	260.24	391.00	262.46	49.10
	396.93	262.53	406.00	263.03	9.09
	410.01	261.86	418.00	262.98	8.07
	419.99	264.06	450.98	266.69	31.10
	330.14	265.26	376.97	270.19	47.09
	539.15	267.70	584.01	274.17	45.33
	338.95	271.74	372.93	274.28	34.08
	314.02	277.38	374.08	284.29	60.46
	350.97	276.17	374.05	278.37	23.18
	484.50	276.46	503.00	278.06	18.57
	405.02	276.89	417.11	277.42	12.11
	544.95	277.26	559.98	277.77	15.04
	375.02	279.83	430.00	284.97	55.22
	378.04	284.33	396.89	287.25	19.07
	300.02	284.85	416.00	295.00	116.42
	418.88	288.41	424.01	288.91	5.15
	338.22	290.77	345.79	291.63	7.61
	300.96	293.20	335.25	295.24	34.34
	467.80	293.90	477.92	294.63	10.14
	527.96	299.17	583.94	305.63	56.35
	465.06	296.84	492.01	297.49	26.96
	571.02	298.69	557.00	297.01	14.12
	107.00	301.49	122.01	302.78	15.07
	345.94	297.41	413.05	302.35	67.29
	521.22	303.69	532.04	305.38	10.95
	333.98	299.68	349.14	300.32	15.17
	65.99	306.14	92.88	307.73	26.94
	367.09	302.28	374.08	303.28	7.06
	90.47	306.05	106.86	306.68	16.40
	459.06	304.91	487.00	307.99	28.12
	47.17	307.32	52.76	308.07	5.64
	301.00	306.99	325.10	307.64	24.11
	326.01	306.18	361.98	307.21	35.99
	524.84	309.21	553.41	310.22	28.59
	554.87	310.34	561.03	311.30	6.24
	300.00	311.46	356.03	317.52	56.36
	470.59	311.30	487.93	312.64	17.39
	361.07	312.18	383.00	314.97	22.11
	51.93	313.49	78.00	317.04	26.30
	353.11	314.67	362.27	315.63	9.22
	385.14	313.60	392.01	314.50	6.93
	463.97	316.23	476.97	316.59	13.01
	301.01	316.96	383.97	324.63	83.32
	368.11	319.55	389.97	320.75	21.89
	444.02	318.90	476.99	321.39	33.06
	524.17	323.67	530.00	324.00	5.84
	300.13	324.56	381.03	329.56	81.05
	441.95	329.08	452.99	329.48	11.04
	300.97	330.59	339.98	333.68	39.13
	474.03	334.15	486.18	334.66	12.16
	439.03	336.15	467.78	338.47	28.84
	300.00	337.76	364.99	343.76	65.26
	474.05	339.74	481.88	340.45	7.86
	504.04	340.84	545.01	346.01	41.29
	597.97	356.99	592.07	356.51	5.92
	473.27	342.64	478.97	343.55	5.77
	302.00	343.76	344.97	349.59	43.37
	456.43	350.58	448.99	350.36	7.45
	525.06	347.44	584.00	354.07	59.31
	346.91	348.61	358.31	350.35	11.53
	423.34	349.74	436.02	351.84	12.85
	130.13	351.36	135.65	352.20	5.58
	306.07	352.90	324.00	355.05	18.05
	447.79	354.44	459.98	355.20	12.22
	328.13	355.70	352.02	357.21	23.94
	115.87	358.56	132.91	361.27	17.25
	538.00	357.66	552.74	359.34	14.83
	449.92	359.81	457.29	360.67	7.42
	300.01	360.41	329.50	364.62	29.79
	330.97	363.42	341.03	364.22	10.09
	325.00	371.96	300.81	369.47	24.31
	329.03	368.09	334.99	368.61	5.98
	103.01	373.07	89.13	372.14	13.91
	392.05	370.43	412.02	372.16	20.04
	431.04	370.50	440.01	371.57	9.04
	303.95	373.57	313.99	374.24	10.07
	128.93	375.18	134.03	375.61	5.12
	324.02	375.88	328.99	376.49	5.00
	84.02	376.69	141.99	383.20	58.33
	308.97	377.60	325.95	379.21	17.06
	129.04	378.89	141.00	379.97	12.02
	397.30	379.66	412.04	381.54	14.86
	96.96	383.20	102.03	383.92	5.13
	425.00	383.01	436.94	384.34	12.02
	384.04	386.40	415.03	389.13	31.11
	301.99	388.02	314.01	389.03	12.06
	282.02	388.92	314.00	391.81	32.11
	106.98	390.11	115.04	391.48	8.18
	205.06	389.64	302.99	399.45	98.42
	78.98	392.12	287.09	416.70	209.55
	196.14	393.64	203.85	394.73	7.79
	43.99	393.88	62.01	395.98	18.14
	151.12	394.34	157.04	394.95	5.95
	272.00	394.02	279.99	395.01	8.06
	284.91	394.92	296.05	395.89	11.18
	396.00	394.99	406.00	395.65	10.02
	229.82	396.52	252.98	398.55	23.25
	41.05	397.58	67.07	400.88	26.23
	92.37	399.38	111.00	400.64	18.67
	385.11	399.34	403.99	400.02	18.90
	73.07	401.13	80.05	401.69	7.00
	271.04	402.04	280.96	403.17	9.99
	255.99	401.81	267.49	402.56	11.53
	358.96	402.78	400.08	409.80	41.72
	55.21	405.52	67.46	406.59	12.30
	143.97	404.71	159.14	405.45	15.18
	233.99	404.54	238.99	404.94	5.01
	145.99	410.95	198.73	415.49	52.93
	411.03	406.87	418.93	407.28	7.92
	173.01	407.83	184.01	408.94	11.06
	190.01	409.64	207.93	412.69	18.18
	485.02	409.80	499.99	411.58	15.08
	593.76	412.82	598.97	413.01	5.21
	60.02	413.54	109.93	420.42	50.39
	119.01	413.04	136.13	414.70	17.20
	514.00	413.97	534.18	416.60	20.35
	227.06	415.65	246.90	417.19	19.90
	31.00	416.94	38.03	417.46	7.05
	40.05	417.08	68.98	418.96	28.99
	200.13	416.67	238.00	419.03	37.94
	128.09	418.77	144.00	421.49	16.14
	248.99	418.80	259.03	419.78	10.09
	31.77	420.27	44.90	421.42	13.18
	145.87	420.67	160.12	421.27	14.26
	482.56	420.47	495.90	421.24	13.36
159
	485.82	3.99	485.51	17.28	13.29
	162.90	10.65	162.19	17.02	6.40
	479.71	102.91	484.64	22.96	80.10
	176.44	20.94	173.19	59.02	38.22
	188.32	22.95	187.89	39.31	16.37
	249.75	27.06	248.45	37.18	10.20
	160.73	30.90	159.75	38.83	7.99
	250.12	38.01	246.58	70.90	33.09
	14.79	43.03	14.05	50.01	7.02
	54.32	42.97	54.41	48.05	5.08
	204.53	80.11	203.29	96.21	16.15
	17.95	94.98	8.80	294.91	200.14
	8.70	55.21	8.45	61.75	6.55
	62.38	55.03	60.31	94.04	39.07
	205.95	54.99	204.47	78.09	23.15
	302.04	56.00	302.02	64.00	7.99
	220.60	60.05	218.83	79.00	19.03
	294.36	65.89	293.26	74.98	9.16
	365.48	66.97	365.37	74.79	7.82
	596.36	66.97	592.73	97.97	31.21
	612.04	74.00	608.43	102.00	28.23
	229.15	68.03	228.29	84.92	16.91
	242.35	88.05	241.83	102.94	14.90
	392.90	67.98	391.09	89.04	21.14
	591.50	67.98	589.37	97.97	30.06
	277.17	69.08	276.15	77.17	8.15
	334.61	96.01	328.61	166.01	70.25
	627.03	68.96	625.16	122.00	53.07
	626.40	123.01	620.95	177.00	54.26
	472.18	71.02	471.67	110.20	39.19
	603.22	71.17	603.10	77.92	6.76
	617.59	71.98	615.39	88.83	16.99
	244.87	92.95	247.16	73.79	19.29
	313.28	73.92	310.40	100.04	26.27
	410.89	73.97	409.94	86.99	13.05
	14.71	80.22	15.11	75.00	5.24
	518.43	77.17	517.96	92.00	14.84
	171.72	78.05	171.10	83.05	5.04
	265.78	78.98	263.52	96.07	17.24
	280.27	78.98	279.89	85.99	7.02
	325.45	79.28	325.17	99.04	19.76
	28.39	80.00	25.37	142.01	62.08
	276.01	80.00	275.71	85.86	5.87
	10.73	80.99	10.13	89.92	8.95
	414.25	80.98	413.75	87.31	6.35
	46.91	83.99	37.31	275.02	191.27
	237.13	84.04	237.13	104.04	20.01
	97.51	118.99	96.86	130.27	11.30
	171.51	86.95	170.82	102.93	15.99
	357.88	87.00	356.93	101.00	14.03
	407.77	96.01	404.53	182.15	86.19
	388.88	100.97	386.37	134.04	33.16
	614.85	102.01	612.30	148.03	46.09
	23.30	91.98	21.64	140.21	48.26
	267.94	93.01	267.86	98.99	5.99
	425.84	95.16	420.09	174.01	79.06
	295.04	96.00	294.41	103.00	7.02
	328.20	96.07	327.99	116.01	19.94
	365.89	96.95	362.46	132.00	35.22
	203.53	97.90	203.56	102.98	5.08
	354.66	101.99	354.28	107.98	6.00
	561.92	101.97	559.58	121.96	20.12
	9.13	117.03	8.10	168.01	50.99
	460.76	103.88	460.43	110.12	6.25
	59.55	105.02	56.08	172.01	67.08
	135.06	128.01	129.23	241.01	113.15
	383.09	105.01	382.35	115.92	10.93
	54.79	106.95	53.45	120.48	13.60
	139.23	194.03	138.95	203.00	8.98
	623.34	110.06	619.63	159.01	49.09
	584.87	112.13	583.69	120.02	7.97
	557.74	113.07	557.44	123.01	9.94
	624.69	193.95	632.74	115.01	79.34
	322.57	117.38	319.77	168.11	50.80
	54.02	125.00	51.91	143.08	18.21
	548.52	122.98	548.11	130.00	7.03
	380.76	124.98	380.53	159.04	34.06
	308.80	126.07	307.42	139.94	13.94
	592.84	129.06	591.86	137.26	8.26
	348.33	130.28	347.90	144.94	14.66
	480.30	130.85	480.12	135.91	5.06
	508.29	145.15	508.94	135.00	10.17
	354.58	134.99	353.98	164.00	29.01
	465.93	136.00	465.57	141.00	5.01
	385.65	141.06	384.80	158.99	17.95
	361.43	141.96	360.23	162.02	20.10
	393.63	142.12	392.55	154.99	12.92
	412.25	142.01	411.45	150.81	8.84
	52.81	143.96	51.98	157.00	13.06
	370.33	146.03	369.08	155.03	9.09
	130.80	146.99	130.27	153.96	6.99
	416.73	151.85	416.59	162.88	11.03
	474.11	152.01	472.99	160.00	8.07
	341.92	155.97	341.30	162.12	6.18
	447.10	156.02	446.57	171.99	15.98
	464.79	156.03	464.47	169.96	13.93
	23.88	156.98	21.54	197.00	40.09
	441.12	163.01	439.21	177.96	15.07
	51.76	163.93	51.12	171.32	7.42
	385.27	164.02	384.13	182.95	18.97
	378.09	165.02	378.03	175.00	9.99
	360.68	166.99	360.11	187.00	20.02
	392.97	172.03	392.36	183.02	11.01
	127.58	168.12	126.76	180.79	12.70
	330.31	171.95	329.46	178.66	6.76
	54.11	190.10	55.44	175.99	14.18
	71.04	174.00	69.98	185.83	11.88
	327.74	174.03	325.86	194.99	21.05
	356.64	179.06	356.35	187.02	7.97
	330.71	179.97	329.54	193.08	13.16
	634.55	182.04	632.71	205.99	24.02
	17.52	184.13	17.34	191.05	6.92
	67.97	185.98	67.41	191.00	5.05
	332.99	189.00	332.55	196.00	7.02
	75.52	189.98	75.08	194.99	5.03
	7.24	195.07	6.96	202.99	7.92
	17.96	200.99	13.00	292.00	91.14
	116.12	201.96	115.67	208.04	6.09
	31.02	210.99	31.77	203.90	7.13
	335.82	205.22	334.90	212.89	7.72
	53.44	207.79	49.48	282.94	75.25
	26.47	211.99	26.41	219.06	7.07
	324.64	224.07	324.87	218.00	6.08
	140.50	215.81	139.89	220.92	5.15
	30.10	217.00	29.64	233.04	16.04
	50.34	217.06	48.93	232.99	16.00
	630.30	254.94	627.94	280.98	26.15
	544.53	256.10	543.52	266.14	10.09
	48.45	265.89	47.50	274.01	8.17
	625.78	269.02	625.17	276.07	7.08
	121.85	270.99	120.87	280.98	10.03
	102.74	276.08	101.65	287.01	10.98
	502.99	283.00	502.33	290.18	7.21
	55.01	289.00	54.86	295.01	6.02
	32.91	295.97	31.56	307.99	12.10
	17.29	299.99	16.98	314.00	14.01
	39.37	301.27	38.87	306.97	5.72
	514.81	308.99	513.93	320.99	12.04
	23.47	331.01	23.20	315.05	15.95
	521.86	311.98	520.68	320.88	8.98
	47.84	313.97	47.16	329.07	15.11
	618.56	314.24	617.78	319.97	5.78
	545.19	322.02	544.39	329.02	7.04
	592.72	332.05	592.07	339.92	7.89
	634.54	345.09	629.28	389.05	44.27
	464.78	360.97	464.08	366.00	5.09
	459.66	364.01	458.25	374.07	10.16
	535.91	371.04	533.27	389.48	18.63
	530.09	373.98	527.89	404.04	30.15
	361.08	381.91	360.41	386.98	5.12
	433.74	393.94	430.95	418.02	24.24
	160.14	390.99	159.94	397.99	7.01
	505.14	394.09	504.58	401.04	6.97
	633.37	401.68	632.38	410.92	9.30
	419.54	416.96	419.84	410.85	6.12
	110.32	410.03	110.37	419.14	9.11
	463.53	409.96	462.83	419.96	10.03
	425.05	411.01	424.55	418.79	7.80
	457.86	414.98	457.08	421.00	6.07
