vx	vy	vz	score	numLines
-0.23862431	0.97111119	0.00122385	8902.19	389
0.75556577	0.65507276	0.00022445	8548.65	535
-0.53870440	-0.84249383	-0.00130893	1099.23	226

nLines	x1	y1	x2	y2	length
389
	447.32	9.98	431.81	28.88	24.46
	553.46	9.98	454.32	115.33	144.67
	562.59	9.00	567.68	3.76	7.30
	576.76	9.76	582.55	3.57	8.48
	471.50	5.31	429.89	56.37	65.87
	304.97	11.99	291.37	32.91	24.95
	474.27	11.38	438.04	54.03	55.96
	559.37	12.30	457.72	117.75	146.47
	444.10	118.68	541.20	15.14	141.95
	296.52	17.98	290.47	29.13	12.69
	516.38	34.60	476.89	77.91	58.61
	529.47	20.00	517.98	33.97	18.08
	488.90	26.92	452.68	68.73	55.32
	462.93	124.92	557.60	28.71	134.97
	316.21	32.16	300.97	54.99	27.45
	320.98	32.00	300.81	59.86	34.39
	480.99	41.99	470.13	55.08	17.01
	548.01	45.01	544.20	49.16	5.64
	325.64	55.61	321.99	60.97	6.49
	442.13	67.04	438.89	70.99	5.11
	452.91	73.96	459.81	66.73	9.98
	510.90	82.25	490.92	102.91	28.74
	365.95	108.01	353.87	123.95	20.00
	483.80	109.88	478.93	114.39	6.64
	549.25	110.14	530.19	127.28	25.64
	358.39	145.05	386.88	111.87	43.73
	379.31	115.36	358.51	140.49	32.62
	452.49	121.38	444.48	130.54	12.17
	457.69	121.65	452.68	126.72	7.12
	518.25	135.10	513.36	139.95	6.89
	399.52	125.45	373.99	155.99	39.81
	403.93	126.94	390.69	141.67	19.80
	429.99	131.00	410.93	151.93	28.31
	600.18	137.21	552.99	175.45	60.74
	378.19	181.12	424.96	131.96	67.86
	438.13	132.10	335.07	240.11	149.28
	439.59	136.58	424.79	151.82	21.24
	559.98	174.99	602.98	139.85	55.53
	372.08	141.07	367.43	146.42	7.09
	442.23	146.23	393.94	196.98	70.05
	443.50	148.74	429.60	163.67	20.40
	422.62	153.62	385.65	192.65	53.76
	616.04	154.06	572.55	187.57	54.91
	446.01	171.00	442.04	174.38	5.22
	396.62	165.69	386.82	175.83	14.11
	634.06	169.58	559.39	224.92	92.94
	426.09	180.09	430.02	176.03	5.65
	633.85	180.30	558.84	234.85	92.75
	412.38	180.90	401.93	190.93	14.48
	633.91	186.37	557.90	240.81	93.50
	333.20	230.13	369.91	191.55	53.26
	372.87	191.94	365.70	198.70	9.85
	383.89	194.89	340.66	238.74	61.57
	456.36	194.91	442.22	209.09	20.02
	633.99	197.46	570.06	243.09	78.54
	613.79	205.73	622.54	199.63	10.67
	385.16	204.04	343.98	244.98	58.07
	610.57	208.44	602.99	213.98	9.40
	481.72	216.93	468.04	229.08	18.29
	469.10	248.03	501.99	220.97	42.59
	368.65	223.55	356.78	235.78	17.05
	514.91	233.89	483.01	260.01	41.23
	487.39	278.90	539.05	240.68	64.27
	290.24	274.83	323.14	241.73	46.67
	293.93	281.90	334.70	241.68	57.26
	530.86	260.84	557.01	242.64	31.86
	296.35	285.20	335.82	244.77	56.50
	399.70	247.14	388.96	256.96	14.55
	557.14	252.03	541.01	264.49	20.38
	337.11	253.05	303.05	287.06	48.13
	498.54	292.41	540.03	265.56	49.42
	423.05	267.03	412.03	276.55	14.56
	442.10	270.29	414.96	292.99	35.38
	453.96	281.96	426.99	303.45	34.48
	489.20	288.39	506.43	276.59	20.88
	280.94	285.56	253.53	313.00	38.78
	290.59	286.06	254.10	323.16	52.03
	485.92	290.37	434.23	328.43	64.19
	352.47	290.23	342.67	299.60	13.56
	474.08	289.67	430.90	321.97	53.93
	254.80	292.74	246.60	301.70	12.15
	486.68	293.55	388.86	365.76	121.58
	295.01	295.00	264.97	325.97	43.15
	444.08	334.10	491.03	300.02	58.01
	368.00	332.00	390.82	312.71	29.88
	230.00	317.00	214.99	334.97	23.42
	265.57	316.51	228.75	353.83	52.43
	589.04	317.02	573.00	327.11	18.95
	246.93	321.84	225.49	344.49	31.19
	574.00	342.51	609.86	321.70	41.46
	401.82	322.78	378.91	340.88	29.20
	215.52	362.41	253.20	325.19	52.96
	584.05	325.10	579.89	327.97	5.05
	423.00	327.95	386.18	355.18	45.79
	309.45	330.06	302.13	337.13	10.18
	259.44	331.46	234.23	357.24	36.07
	585.04	354.13	621.82	333.72	42.07
	437.28	339.09	396.97	367.96	49.58
	417.09	342.12	392.24	359.41	30.27
	329.95	346.94	323.01	352.49	8.89
	200.94	347.90	188.80	361.83	18.48
	588.94	372.48	633.97	347.94	51.28
	356.09	359.10	337.92	373.90	23.43
	326.23	365.15	346.41	349.56	25.50
	217.46	353.49	195.64	374.06	29.99
	612.73	369.48	633.84	358.68	23.71
	229.69	360.02	207.19	383.18	32.29
	221.70	360.59	202.41	380.92	28.02
	513.17	378.76	543.02	361.07	34.70
	214.31	363.28	199.16	379.27	22.02
	278.34	442.56	383.81	364.82	131.02
	590.00	378.00	616.21	366.37	28.68
	372.11	366.72	342.61	387.93	36.33
	387.09	367.44	346.98	396.43	49.49
	633.92	369.31	607.96	383.42	29.55
	545.98	370.95	540.91	373.83	5.83
	523.01	389.06	553.80	371.75	35.31
	531.92	412.89	609.81	371.65	88.14
	448.18	373.13	435.95	381.77	14.97
	353.89	398.29	386.92	374.93	40.47
	173.53	377.50	164.32	387.35	13.49
	294.01	377.02	288.07	382.13	7.83
	524.98	377.95	519.00	381.11	6.76
	575.00	378.34	527.98	403.99	53.56
	290.92	393.93	309.01	379.96	22.86
	523.14	385.13	529.14	382.20	6.68
	187.74	382.58	178.99	391.99	12.85
	572.33	387.65	582.16	382.77	10.98
	135.64	448.68	198.02	385.02	89.13
	191.45	385.97	167.17	411.03	34.89
	317.56	388.41	302.16	401.72	20.36
	243.58	389.39	238.37	394.55	7.33
	199.99	390.99	182.51	408.99	25.09
	565.98	391.50	552.11	398.73	15.64
	589.12	390.77	553.95	410.38	40.27
	177.43	392.98	171.67	399.07	8.38
	334.97	393.92	309.34	414.23	32.70
	459.95	409.93	483.93	394.87	28.32
	133.38	405.10	142.91	394.91	13.95
	281.15	445.18	346.08	397.70	80.44
	141.86	411.82	151.88	401.83	14.15
	536.99	406.39	546.25	401.93	10.28
	262.27	403.26	256.06	408.23	7.95
	347.11	403.03	326.99	417.48	24.77
	400.45	404.30	390.16	411.56	12.59
	470.10	419.25	495.81	404.75	29.52
	260.46	418.33	274.97	406.57	18.67
	149.96	423.83	164.69	408.62	21.17
	538.19	417.41	552.49	410.48	15.89
	474.90	432.88	513.01	412.60	43.18
	529.79	413.08	481.09	440.17	55.73
	479.95	440.93	453.85	453.73	29.07
	495.22	428.90	525.41	414.60	33.40
	283.98	414.98	270.00	426.43	18.07
	123.25	416.30	115.59	425.02	11.60
	160.85	432.07	176.04	416.05	22.08
	326.01	418.51	317.39	424.45	10.46
	123.98	431.98	131.87	422.89	12.04
	274.91	438.96	297.12	422.77	27.49
	500.24	436.52	528.88	422.81	31.76
	412.32	437.34	432.94	424.91	24.08
	597.03	424.03	583.06	431.12	15.66
	125.53	424.99	121.92	428.95	5.36
	153.11	425.71	133.98	444.97	27.15
	386.82	479.94	414.96	464.82	31.95
	312.73	428.09	299.92	437.39	15.83
	231.96	428.95	227.77	432.72	5.63
	142.57	429.55	127.62	443.72	20.60
	491.12	431.22	477.08	438.14	15.65
	252.70	439.62	241.07	449.09	15.00
	231.06	442.04	243.90	431.82	16.41
	442.98	433.97	423.05	445.58	23.07
	187.20	440.28	190.95	436.95	5.02
	103.95	438.06	97.40	445.32	9.77
	139.46	451.45	154.01	438.01	19.81
	496.32	438.44	486.01	444.49	11.96
	299.03	438.55	291.31	443.48	9.16
	498.86	439.29	493.74	441.62	5.62
	472.44	441.37	454.08	451.16	20.80
	458.03	442.11	428.06	458.10	33.97
	264.81	447.22	247.97	459.97	21.12
	260.99	455.34	272.77	446.61	14.67
	277.00	448.00	252.20	466.30	30.82
	605.10	460.20	633.96	447.89	31.37
	373.21	460.25	391.97	449.38	21.69
	474.07	450.15	437.04	469.59	41.82
	198.98	496.12	212.84	485.29	17.59
	206.22	463.02	218.05	452.65	15.73
	256.19	468.22	277.72	454.58	25.49
	80.08	461.07	85.94	453.94	9.23
	87.25	497.20	127.70	456.73	57.22
	317.07	459.36	325.18	454.11	9.66
	449.95	455.90	416.86	473.73	37.58
	83.10	463.37	88.29	456.86	8.33
	237.12	472.09	260.08	456.65	27.67
	399.87	458.24	381.87	468.48	20.70
	227.04	460.05	216.04	469.06	14.22
	96.10	462.12	90.80	468.81	8.54
	615.05	470.14	634.02	462.56	20.43
	126.44	463.62	120.31	469.26	8.33
	425.20	465.50	390.19	485.39	40.27
	105.16	468.20	95.37	477.96	13.83
	223.03	478.50	237.08	467.70	17.72
	227.25	484.33	250.05	468.11	27.98
	544.96	473.70	556.78	468.58	12.88
	184.34	480.07	193.89	471.86	12.59
	338.21	481.25	354.95	471.47	19.39
	73.48	473.01	69.35	477.37	6.00
	116.33	473.44	105.11	485.06	16.15
	429.05	473.05	396.44	490.53	37.00
	546.30	485.43	573.01	473.53	29.24
	251.23	474.30	232.65	488.00	23.08
	78.01	476.55	74.25	480.88	5.73
	397.90	483.84	414.87	474.75	19.25
	218.99	486.00	230.98	476.97	15.01
	193.09	486.21	204.63	477.74	14.31
	617.89	485.01	634.02	478.06	17.56
	361.97	479.93	347.93	488.36	16.37
	583.74	482.30	556.99	493.98	29.19
	565.01	509.01	634.01	483.01	73.74
	80.93	492.97	89.80	483.76	12.78
	176.79	487.91	180.95	484.68	5.27
	387.41	485.47	372.13	494.28	17.64
	225.09	486.28	203.91	501.11	25.86
	375.08	487.26	364.17	493.27	12.45
	590.00	490.71	597.95	487.64	8.52
	622.38	493.18	634.03	488.10	12.71
	164.41	496.36	172.95	489.55	10.92
	356.10	506.15	389.02	488.59	37.32
	227.07	490.07	209.57	502.66	21.57
	304.89	500.30	319.02	492.06	16.37
	492.00	496.99	501.78	492.69	10.68
	67.14	494.12	62.85	498.84	6.38
	610.00	497.01	618.02	494.15	8.51
	145.10	539.69	140.75	543.14	5.55
	371.03	503.05	389.90	494.81	20.59
	172.03	503.06	180.69	495.69	11.37
	495.07	506.19	518.12	496.54	24.99
	439.42	498.00	429.92	502.43	10.49
	74.87	498.80	67.37	506.98	11.10
	580.12	499.35	575.15	501.45	5.40
	61.05	523.29	83.92	499.93	32.69
	313.06	507.53	325.89	499.77	14.99
	570.04	517.55	616.83	499.66	50.08
	100.98	516.47	105.05	513.06	5.31
	202.44	502.46	164.96	529.96	46.48
	560.96	506.93	573.16	502.43	13.00
	86.06	503.05	76.34	513.32	14.14
	189.05	503.07	179.92	510.88	12.02
	146.34	511.20	154.05	504.71	10.08
	564.16	514.35	581.91	506.76	19.31
	274.05	508.62	278.82	505.76	5.56
	317.96	521.94	348.96	505.79	34.96
	503.05	515.23	526.81	505.58	25.64
	217.99	522.01	224.23	518.12	7.35
	276.25	517.17	290.03	509.08	15.97
	350.97	508.93	324.05	523.08	30.41
	200.81	509.71	194.93	513.37	6.93
	571.21	514.36	582.14	510.36	11.64
	154.06	517.10	161.86	510.84	10.00
	182.94	511.84	154.92	530.90	33.89
	456.63	512.49	448.04	516.45	9.46
	58.44	516.96	62.36	512.90	5.64
	339.90	520.24	352.84	513.75	14.48
	426.03	561.45	555.02	513.04	137.77
	614.33	522.92	608.64	524.50	5.91
	194.13	514.71	189.23	518.22	6.03
	451.09	525.24	470.95	516.36	21.76
	528.17	519.53	536.10	516.21	8.60
	512.05	533.18	554.91	517.82	45.53
	64.12	525.38	72.98	516.98	12.22
	285.10	523.67	297.72	516.55	14.49
	130.04	524.05	136.90	518.38	8.89
	300.48	520.01	295.02	522.97	6.21
	182.37	523.46	171.17	531.22	13.62
	251.43	532.21	262.90	524.81	13.65
	307.93	524.39	292.19	533.40	18.14
	314.00	524.00	304.79	528.61	10.30
	296.30	539.22	320.99	524.97	28.51
	33.92	529.05	29.89	533.90	6.30
	137.02	530.05	143.93	524.91	8.61
	459.03	533.11	478.95	524.87	21.56
	622.99	526.99	608.72	531.58	14.99
	516.00	537.00	541.40	528.27	26.86
	300.78	530.47	283.99	539.44	19.04
	322.08	530.11	305.05	539.08	19.25
	114.98	535.98	120.12	531.78	6.63
	134.97	541.23	139.08	538.09	5.17
	163.02	532.47	148.72	542.88	17.69
	269.87	532.27	261.09	537.64	10.29
	59.13	533.16	49.98	542.98	13.42
	49.75	533.58	40.52	544.54	14.34
	412.38	541.49	429.95	533.87	19.16
	152.68	544.96	163.01	537.01	13.04
	196.15	537.42	192.05	540.52	5.14
	499.58	536.91	467.37	550.42	34.93
	121.18	542.29	127.64	537.66	7.95
	244.73	546.57	235.91	551.32	10.02
	229.24	545.20	239.00	539.19	11.47
	270.06	551.68	292.00	541.00	24.39
	478.75	551.65	509.01	541.02	32.07
	419.95	548.77	437.84	541.72	19.23
	296.53	542.55	274.43	553.59	24.71
	117.02	563.93	146.06	544.09	35.17
	628.05	547.11	634.03	545.05	6.33
	552.14	550.62	566.01	546.04	14.61
	145.42	549.49	137.30	555.32	10.00
	376.09	556.19	390.96	549.85	16.17
	428.76	564.75	463.01	551.54	36.71
	208.97	556.95	216.99	551.97	9.45
	423.07	554.05	429.88	551.53	7.26
	166.05	603.65	268.86	554.80	113.82
	535.97	606.17	633.96	581.87	100.95
	263.12	561.24	270.83	557.73	8.47
	397.91	557.28	384.09	563.23	15.05
	459.82	558.43	433.99	566.94	27.20
	215.99	562.99	222.79	558.59	8.09
	16.12	559.68	12.23	564.19	5.95
	341.01	562.80	347.67	559.55	7.42
	580.85	560.39	571.02	564.07	10.50
	30.92	560.74	22.61	569.06	11.76
	508.05	565.25	517.09	562.25	9.52
	190.08	568.09	197.00	563.62	8.24
	345.19	569.39	358.98	563.38	15.05
	75.51	567.98	79.98	564.52	5.66
	16.42	565.02	12.52	568.84	5.46
	423.92	565.33	306.01	610.86	126.40
	574.02	572.44	597.05	565.68	24.00
	87.25	591.35	116.99	570.99	36.05
	352.99	575.98	365.83	570.59	13.92
	90.29	578.26	98.26	572.34	9.92
	330.17	597.42	394.86	572.63	69.28
	402.10	580.21	419.95	573.63	19.02
	581.01	581.04	605.95	573.76	25.98
	318.08	581.23	328.99	575.98	12.11
	553.92	588.23	534.01	594.03	20.74
	527.01	586.02	547.01	580.03	20.88
	336.71	582.50	325.05	587.13	12.54
	454.99	627.98	484.95	620.32	30.92
	154.73	588.72	161.95	583.84	8.72
	370.99	591.96	389.97	584.91	20.25
	183.81	593.77	193.92	587.87	11.71
	291.37	592.54	302.04	588.06	11.57
	45.10	593.00	49.06	589.80	5.09
	588.18	597.77	628.05	589.20	40.78
	630.95	592.30	613.00	596.58	18.45
	484.00	599.01	502.04	593.22	18.94
	298.04	598.53	307.98	594.46	10.74
	69.98	595.46	61.95	601.43	10.01
	607.24	596.57	612.19	595.45	5.07
	58.00	611.49	81.00	596.15	27.64
	270.10	601.73	278.01	598.07	8.72
	541.11	609.27	583.00	598.99	43.13
	599.00	601.00	607.99	598.56	9.32
	320.82	601.48	325.98	599.87	5.40
	490.00	606.05	508.93	600.77	19.66
	275.00	608.01	283.73	604.36	9.46
	551.26	612.54	584.09	604.37	33.83
	444.02	611.12	460.88	605.46	17.79
	260.96	613.44	252.98	616.08	8.41
	326.13	608.31	331.01	606.77	5.12
	495.04	617.15	532.90	607.52	39.07
	143.79	617.43	157.94	608.85	16.55
	169.93	609.34	156.17	616.83	15.67
	315.11	612.44	325.19	609.55	10.49
	498.07	620.19	535.96	610.75	39.04
	451.00	617.40	466.91	612.64	16.61
	229.06	618.61	234.99	615.96	6.50
	301.16	617.31	305.94	615.57	5.09
	292.04	621.16	300.23	618.66	8.56
	137.13	626.33	154.10	619.24	18.40
	263.13	623.35	270.17	620.31	7.67
	41.68	621.44	37.02	625.07	5.91
	233.01	624.06	238.97	621.94	6.34
	509.11	623.21	517.93	620.69	9.17
	380.88	621.57	375.00	623.01	6.06
	430.79	622.34	425.90	623.67	5.06
	468.84	627.45	490.98	621.87	22.83
	210.19	626.27	216.99	623.20	7.47
	381.02	629.07	393.01	625.09	12.63
	271.11	628.78	276.13	627.36	5.21
	485.06	629.23	493.00	627.03	8.24
	246.06	628.16	231.86	633.41	15.13
	260.10	628.10	244.12	634.18	17.10
	430.11	634.51	453.09	629.39	23.55
	445.79	633.34	467.95	628.83	22.62
	16.05	634.11	22.80	629.54	8.15
	398.87	631.47	390.07	634.21	9.22
	469.03	633.49	479.00	630.95	10.29
535
	303.58	4.52	312.90	13.95	13.26
	337.02	13.98	441.37	113.55	144.23
	404.26	3.62	416.52	16.77	17.98
	442.99	4.01	447.67	8.93	6.78
	583.23	8.09	594.96	22.04	18.22
	561.23	9.87	573.07	22.94	17.64
	568.26	34.78	581.48	47.61	18.42
	437.40	54.89	451.34	69.78	20.40
	475.98	13.02	488.85	25.16	17.69
	319.02	15.91	328.52	25.49	13.50
	560.98	17.02	569.05	25.95	12.04
	599.36	27.56	634.45	62.61	49.60
	334.17	27.89	338.05	31.94	5.60
	574.75	28.17	585.84	38.16	14.92
	345.02	37.99	357.85	51.15	18.38
	339.78	46.10	351.46	58.05	16.71
	585.55	52.96	590.89	58.07	7.39
	356.44	59.50	395.20	97.18	54.06
	361.46	58.52	373.25	69.74	16.28
	611.49	59.47	633.90	82.10	31.85
	605.03	59.98	614.22	68.76	12.71
	598.69	62.98	634.11	100.90	51.89
	617.47	71.54	628.85	84.20	17.02
	380.36	76.63	385.29	81.75	7.11
	387.49	81.46	400.78	94.26	18.45
	340.25	83.87	345.69	89.38	7.75
	627.28	85.67	634.40	92.54	9.89
	347.66	92.38	358.88	104.13	16.24
	404.85	97.15	414.70	106.84	13.81
	416.48	100.52	434.81	118.23	25.49
	386.28	105.77	407.20	126.95	29.77
	551.08	110.92	559.16	118.95	11.39
	563.64	122.13	575.99	135.01	17.85
	338.50	112.01	343.03	115.97	6.02
	369.91	156.64	358.79	145.90	15.45
	388.94	113.05	399.50	123.98	15.20
	435.19	119.77	441.04	125.95	8.51
	378.68	129.28	384.60	135.31	8.46
	532.95	130.15	555.93	152.18	31.84
	554.92	132.20	558.90	136.06	5.54
	448.12	132.90	482.86	162.13	45.41
	460.12	132.90	557.86	224.06	133.65
	604.34	134.76	622.17	151.83	24.68
	444.15	135.82	452.29	144.70	12.05
	603.80	140.17	615.91	152.10	17.00
	444.66	144.92	461.38	162.52	24.27
	456.45	146.42	480.00	168.81	32.50
	336.30	156.57	343.99	163.09	10.08
	352.31	157.56	374.95	181.01	32.60
	349.90	162.08	358.90	170.11	12.06
	466.03	166.96	474.09	173.92	10.65
	349.57	168.39	353.88	172.10	5.69
	478.07	175.92	514.79	211.48	51.12
	560.02	175.98	571.43	187.72	16.37
	555.03	176.97	568.11	189.88	18.37
	341.77	179.27	347.43	184.96	8.03
	436.49	190.38	426.66	182.38	12.67
	477.90	181.26	488.61	191.91	15.10
	458.90	195.10	481.06	215.91	30.40
	386.87	196.15	394.16	202.82	9.88
	498.04	199.94	505.98	208.01	11.32
	512.92	200.09	518.71	205.33	7.81
	444.64	209.91	453.40	218.61	12.34
	523.17	209.87	533.15	218.80	13.39
	391.10	212.95	399.90	221.19	12.06
	472.98	213.03	477.01	216.56	5.36
	628.71	221.87	634.24	227.69	8.03
	503.65	216.30	521.47	232.82	24.30
	403.94	221.00	414.02	228.98	12.86
	502.80	221.26	514.66	232.53	16.35
	403.20	223.81	411.86	231.15	11.34
	420.88	226.00	454.92	256.74	45.87
	548.32	226.51	556.65	235.36	12.15
	418.20	229.89	450.15	259.84	43.80
	527.03	229.51	536.91	238.13	13.11
	482.00	260.39	469.23	248.84	17.23
	327.15	234.94	332.08	239.93	7.02
	577.46	242.77	634.02	296.98	78.34
	559.12	244.90	567.04	252.94	11.28
	348.18	245.94	430.83	319.17	110.42
	401.96	247.03	422.99	266.01	28.32
	349.03	250.54	370.86	270.10	29.31
	343.15	258.90	354.00	267.98	14.14
	564.29	259.14	575.93	270.76	16.44
	563.27	262.66	567.84	267.04	6.33
	281.90	267.12	288.88	273.15	9.23
	470.45	267.41	478.78	274.21	10.75
	453.24	267.66	464.18	277.97	15.04
	443.17	270.82	453.88	280.99	14.78
	371.88	273.16	377.44	277.76	7.22
	579.22	273.71	587.20	280.80	10.67
	466.72	277.30	473.76	284.27	9.91
	369.92	277.66	399.91	304.62	40.32
	547.99	280.02	553.40	285.05	7.38
	327.05	278.91	339.08	289.90	16.29
	595.23	280.87	619.04	301.95	31.80
	326.52	281.92	335.01	290.21	11.86
	481.70	282.34	486.56	287.37	6.99
	591.12	281.89	615.21	304.74	33.20
	468.52	282.59	473.13	286.86	6.29
	298.84	287.75	308.06	296.30	12.58
	353.65	290.37	373.78	308.12	26.84
	394.02	292.95	397.99	296.48	5.32
	493.20	293.21	500.29	299.71	9.62
	415.09	293.93	424.96	303.04	13.43
	598.28	293.64	618.88	313.12	28.35
	503.47	295.55	588.04	369.97	112.65
	399.01	297.55	402.95	301.07	5.29
	491.94	298.99	496.87	303.25	6.52
	309.06	299.96	322.89	312.16	18.45
	344.60	301.46	348.91	305.26	5.74
	300.06	301.95	310.89	311.99	14.77
	408.06	302.41	427.70	319.91	26.30
	508.96	316.70	499.05	307.94	13.23
	242.08	303.89	251.04	311.96	12.06
	618.55	303.56	626.88	312.05	11.89
	551.47	308.43	559.47	316.48	11.36
	392.09	308.93	406.63	321.55	19.25
	401.64	310.37	419.92	327.13	24.79
	310.31	312.63	317.03	317.97	8.58
	391.87	313.15	401.74	321.36	12.84
	353.21	342.32	335.19	327.78	23.16
	571.99	327.37	563.25	319.68	11.65
	626.45	320.70	633.97	328.05	10.51
	514.70	322.34	521.21	328.77	9.15
	610.96	322.09	620.91	331.09	13.42
	426.79	323.24	431.48	327.41	6.27
	267.37	326.02	341.34	387.07	95.92
	311.79	329.21	330.12	344.27	23.72
	264.09	336.92	272.99	343.91	11.32
	368.16	332.86	378.05	340.93	12.76
	438.20	332.87	444.45	338.95	8.72
	208.12	333.80	220.99	344.46	16.71
	574.06	344.93	584.02	353.96	13.44
	449.16	335.80	526.23	403.89	102.84
	312.05	337.16	320.97	344.01	11.25
	362.41	339.47	376.38	351.65	18.53
	448.04	339.13	467.12	354.85	24.72
	504.18	338.86	520.85	354.21	22.66
	197.92	342.65	202.62	346.33	5.97
	544.89	343.14	548.78	347.20	5.62
	274.19	346.70	281.85	352.32	9.49
	347.56	349.42	356.35	356.62	11.36
	363.67	356.34	371.78	363.42	10.76
	490.95	349.06	496.34	353.62	7.06
	286.98	349.90	315.14	373.76	36.91
	254.15	351.31	263.93	360.13	13.17
	453.82	354.94	464.00	364.05	13.66
	561.85	355.18	569.97	362.03	10.62
	230.02	355.94	234.95	359.53	6.09
	311.09	356.85	316.17	360.71	6.38
	236.69	359.22	305.96	414.03	88.34
	557.59	360.07	562.64	364.39	6.65
	179.89	360.75	193.83	373.24	18.72
	277.49	361.43	281.98	365.03	5.75
	543.76	361.37	553.86	370.14	13.38
	248.60	380.50	233.72	367.35	19.85
	423.05	361.91	433.89	372.14	14.91
	176.91	362.68	199.60	382.44	30.09
	559.48	364.62	572.96	377.06	18.34
	278.01	368.28	285.79	374.08	9.71
	471.28	367.60	488.35	382.60	22.73
	286.71	369.34	294.47	375.44	9.87
	388.06	368.89	394.04	373.94	7.83
	399.75	369.24	473.12	431.96	96.52
	168.10	369.87	174.54	375.48	8.54
	449.67	373.40	466.52	388.46	22.60
	403.05	374.94	418.55	389.37	21.19
	233.97	387.29	223.99	379.03	12.95
	309.94	379.62	319.57	387.33	12.33
	314.54	380.39	332.13	393.22	21.78
	512.64	379.76	522.04	388.96	13.15
	592.95	383.04	600.22	389.69	9.85
	258.23	383.64	280.97	401.06	28.65
	207.29	385.73	274.00	436.52	83.85
	504.01	386.97	521.12	401.92	22.72
	303.81	388.18	308.35	392.01	5.94
	301.05	402.19	291.39	394.65	12.26
	607.07	387.92	634.19	411.75	36.11
	244.79	388.52	249.90	392.13	6.25
	403.05	389.01	442.12	419.32	49.45
	502.39	389.59	511.03	396.93	11.34
	145.92	391.03	161.91	404.17	20.70
	182.20	410.02	201.00	425.00	24.04
	300.09	390.95	305.12	394.68	6.27
	605.80	391.12	621.03	403.96	19.92
	203.11	393.03	211.95	401.14	12.00
	376.26	393.67	386.89	403.18	14.26
	418.82	394.07	423.99	398.00	6.50
	254.85	396.20	262.23	401.76	9.24
	347.56	398.29	353.31	402.59	7.18
	600.78	397.81	605.00	402.00	5.95
	374.10	398.60	379.15	402.82	6.58
	357.72	400.87	425.37	457.97	88.52
	232.96	408.06	251.72	425.25	25.45
	280.61	404.96	289.22	412.85	11.68
	401.05	404.97	406.72	410.39	7.85
	134.09	406.38	141.25	411.31	8.70
	275.96	406.11	284.84	413.12	11.32
	223.06	407.89	247.86	427.24	31.46
	581.03	409.93	586.28	414.15	6.74
	460.10	410.89	468.92	419.11	12.05
	570.14	411.88	580.01	420.50	13.10
	410.77	413.25	417.61	419.41	9.19
	127.02	413.99	140.93	426.15	18.48
	269.04	426.66	260.31	419.75	11.13
	290.97	415.04	296.93	419.56	7.48
	220.05	477.93	162.03	432.97	73.40
	448.10	417.30	464.06	432.93	22.33
	451.94	418.06	468.33	430.83	20.78
	543.11	417.91	616.82	484.05	99.04
	209.45	420.48	213.34	423.61	5.00
	339.01	420.99	348.36	429.54	12.67
	373.87	422.70	400.09	444.80	34.29
	342.06	428.87	337.73	424.99	5.82
	598.96	424.04	617.51	439.94	24.43
	201.91	426.65	224.08	443.34	27.75
	321.03	426.98	386.00	479.00	83.23
	254.54	428.43	267.72	439.32	17.10
	173.46	428.65	180.93	435.11	9.88
	447.61	430.48	459.99	440.39	15.86
	109.94	430.71	115.28	434.57	6.59
	156.11	430.86	160.82	434.61	6.03
	200.18	430.78	219.74	447.32	25.61
	244.94	431.20	253.45	438.41	11.16
	251.01	431.99	264.12	443.83	17.66
	602.08	432.38	606.12	435.93	5.38
	422.00	446.01	412.24	438.80	12.14
	585.91	433.61	590.08	437.39	5.62
	266.89	435.12	270.96	438.03	5.00
	316.09	434.92	331.98	448.02	20.60
	339.56	448.57	361.12	466.83	28.24
	107.72	436.27	121.01	446.99	17.07
	191.91	436.38	196.10	439.32	5.12
	242.05	436.96	246.10	439.90	5.00
	524.00	450.57	513.35	440.69	14.53
	546.51	437.90	556.00	445.95	12.45
	370.64	439.44	376.73	444.36	7.84
	158.44	440.46	172.09	450.85	17.16
	399.85	450.07	414.98	463.03	19.93
	87.56	443.37	109.80	460.15	27.86
	200.85	444.18	207.77	448.99	8.43
	559.18	443.88	586.13	466.87	35.43
	129.03	444.96	132.93	448.16	5.04
	225.00	444.51	245.11	459.89	25.32
	489.33	446.13	557.23	506.14	90.62
	84.12	446.84	88.73	450.34	5.79
	287.67	448.91	350.91	499.03	80.69
	490.05	449.93	504.76	462.88	19.60
	176.11	450.73	196.06	466.88	25.67
	283.08	457.94	297.96	470.07	19.20
	414.31	450.72	420.86	456.87	8.98
	140.88	452.09	198.08	494.93	71.47
	219.00	452.12	226.65	458.43	9.92
	539.76	451.86	556.15	466.26	21.81
	86.99	453.19	102.99	464.01	19.32
	480.37	455.68	490.00	463.01	12.10
	137.33	460.16	147.01	467.99	12.45
	142.08	456.93	152.15	465.23	13.05
	382.77	459.00	386.97	462.27	5.32
	215.14	469.38	207.42	463.51	9.69
	175.90	461.15	184.78	467.20	10.74
	373.09	461.91	380.81	468.22	9.97
	605.03	461.95	613.96	470.08	12.08
	141.00	474.02	133.00	467.65	10.23
	502.18	470.80	517.37	483.67	19.91
	273.16	466.47	280.03	472.45	9.11
	597.25	468.81	611.16	481.99	19.16
	81.04	466.95	94.61	476.21	16.43
	462.05	466.52	470.06	473.42	10.57
	459.96	469.00	468.05	475.78	10.55
	72.79	469.70	87.94	480.07	18.36
	122.82	470.10	176.98	512.00	68.47
	257.67	470.19	276.01	484.46	23.23
	302.20	469.75	322.03	486.96	26.26
	154.91	471.12	172.90	485.23	22.86
	356.01	470.99	366.02	478.98	12.81
	361.45	470.98	376.03	484.42	19.82
	441.05	470.95	506.72	526.99	86.33
	308.42	471.51	324.83	483.24	20.17
	574.03	473.08	583.62	480.52	12.13
	57.77	474.30	66.17	479.79	10.04
	233.10	488.94	288.99	532.01	70.56
	588.00	474.00	601.05	486.92	18.37
	293.01	474.98	307.98	488.02	19.85
	512.55	474.54	530.07	488.37	22.32
	149.62	475.60	162.81	485.19	16.31
	204.89	476.16	213.00	481.99	9.99
	254.14	477.87	268.95	489.08	18.58
	68.08	479.40	75.05	483.91	8.31
	435.29	479.72	448.15	491.82	17.67
	185.33	480.76	192.05	485.89	8.46
	516.54	481.48	524.59	488.46	10.65
	564.15	481.42	568.95	485.04	6.01
	150.47	481.67	156.04	486.50	7.38
	463.15	481.96	467.72	486.35	6.34
	556.06	494.19	546.40	486.56	12.31
	68.05	482.94	79.97	491.04	14.41
	116.32	483.50	125.08	489.77	10.77
	249.98	483.07	256.50	487.97	8.15
	560.05	483.27	564.36	486.72	5.52
	493.73	484.29	502.06	490.95	10.67
	39.72	486.31	52.98	495.02	15.87
	58.78	485.69	72.98	495.03	17.00
	107.02	485.99	141.81	512.25	43.59
	277.01	485.51	317.05	516.95	50.91
	136.95	487.05	153.94	500.10	21.43
	326.09	491.96	340.89	505.23	19.87
	418.91	488.14	427.99	496.01	12.02
	173.96	489.14	180.80	494.28	8.56
	273.02	488.97	294.34	503.70	25.91
	330.92	489.14	342.49	498.64	14.97
	319.86	491.49	329.96	499.06	12.62
	104.04	491.97	115.03	500.45	13.89
	399.67	491.90	462.42	543.78	81.42
	418.00	492.00	423.06	495.87	6.37
	134.89	493.65	145.43	501.43	13.10
	182.66	494.38	188.92	499.60	8.15
	90.90	499.96	144.07	540.17	66.66
	229.39	494.75	245.07	505.62	19.07
	164.81	497.65	171.01	502.90	8.12
	462.78	496.15	470.84	502.75	10.41
	519.52	496.46	528.92	504.05	12.08
	317.12	496.89	321.02	500.18	5.11
	538.02	496.97	543.29	501.69	7.07
	27.90	498.11	42.04	507.93	17.22
	440.60	498.35	456.81	511.17	20.67
	47.91	499.11	59.95	508.06	15.00
	100.92	498.67	106.98	503.52	7.76
	305.24	502.68	312.09	507.65	8.46
	91.84	509.73	100.10	515.31	9.97
	120.10	501.71	139.03	514.96	23.10
	155.00	504.11	170.06	514.87	18.51
	209.70	505.19	267.86	548.57	72.56
	390.02	514.75	380.89	507.20	11.84
	247.06	505.92	264.99	520.01	22.81
	494.21	508.73	501.96	515.09	10.02
	554.04	506.97	559.10	511.39	6.71
	205.99	513.02	216.95	521.08	13.60
	291.06	508.81	297.85	514.72	9.00
	45.23	509.72	55.68	518.19	13.46
	117.11	509.89	121.99	513.96	6.35
	364.05	509.96	423.93	559.04	77.42
	147.21	512.61	153.00	516.93	7.22
	85.89	512.17	94.00	517.83	9.89
	78.68	513.94	125.62	550.02	59.20
	143.87	513.84	157.93	524.09	17.40
	301.05	513.92	310.01	521.99	12.06
	424.31	514.58	433.32	522.65	12.10
	75.97	520.03	81.96	525.04	7.80
	105.06	515.93	119.90	527.14	18.59
	417.97	515.57	435.05	528.95	21.69
	278.11	518.85	283.98	523.40	7.42
	565.08	516.90	576.05	527.35	15.15
	137.98	518.15	150.91	527.62	16.03
	479.63	518.41	493.00	529.48	17.36
	572.04	518.94	634.03	570.96	80.92
	188.92	520.09	240.79	559.14	64.92
	464.12	522.33	468.35	525.57	5.32
	222.09	522.73	238.83	535.35	20.96
	73.90	525.15	79.97	530.06	7.81
	131.11	525.78	136.01	529.81	6.35
	345.91	524.71	352.84	530.74	9.18
	450.32	526.69	457.97	533.07	9.96
	66.06	525.58	112.78	562.13	59.32
	433.63	525.57	438.11	529.27	5.81
	13.99	526.84	20.14	530.78	7.30
	61.93	527.03	108.98	563.02	59.24
	329.86	527.09	386.12	571.91	71.93
	625.16	526.79	630.76	532.26	7.83
	91.09	528.88	106.09	538.66	17.90
	186.04	536.87	179.85	532.14	7.79
	378.58	529.36	399.91	544.63	26.23
	581.12	528.75	585.83	533.09	6.41
	121.01	531.26	133.93	540.57	15.92
	274.80	530.83	281.99	537.02	9.48
	15.82	532.11	26.21	539.83	12.94
	260.02	538.04	254.06	533.93	7.24
	88.98	532.52	98.90	539.12	11.92
	170.15	532.82	219.30	570.08	61.68
	4.05	533.94	26.06	551.02	27.86
	430.98	533.66	438.62	540.26	10.10
	326.08	534.90	361.76	560.30	43.80
	437.82	535.17	451.97	548.02	19.11
	202.03	535.97	218.77	549.44	21.50
	574.79	536.00	583.01	543.12	10.87
	200.89	582.01	154.04	545.94	59.12
	323.97	546.46	315.99	540.01	10.26
	247.98	538.02	258.46	545.51	12.87
	520.24	537.80	580.87	590.20	80.14
	589.33	546.57	607.17	561.63	23.35
	3.87	538.68	23.62	552.39	24.05
	239.95	539.13	256.06	550.89	19.95
	166.81	540.24	177.08	547.36	12.50
	302.16	541.83	356.27	584.93	69.18
	412.18	542.81	418.96	548.46	8.83
	107.00	543.01	117.97	551.04	13.60
	197.98	560.05	182.00	547.87	20.09
	567.03	545.96	581.96	559.05	19.86
	334.00	548.00	347.65	558.40	17.17
	298.42	549.50	310.35	558.52	14.96
	391.84	549.39	398.89	555.14	9.10
	291.04	551.32	299.57	558.00	10.84
	218.08	551.73	233.94	563.12	19.53
	564.99	551.81	572.64	557.94	9.80
	75.98	553.37	80.58	556.40	5.51
	474.99	554.01	535.07	605.33	79.02
	494.11	553.98	500.32	558.51	7.69
	605.67	554.41	612.90	560.07	9.18
	277.16	555.80	328.22	596.02	65.00
	31.07	556.96	72.79	589.23	52.74
	32.85	557.66	76.83	586.33	52.51
	383.06	563.69	376.07	558.90	8.47
	209.08	558.90	215.00	562.98	7.19
	276.07	558.85	284.97	566.04	11.44
	315.12	559.36	331.56	572.58	21.09
	629.27	558.65	634.04	562.95	6.42
	164.01	560.50	178.98	571.05	18.31
	535.90	560.65	556.48	577.54	26.62
	271.15	561.88	283.10	571.33	15.24
	197.99	563.09	212.97	574.04	18.56
	359.91	563.19	366.75	569.27	9.16
	470.18	562.77	506.84	589.20	45.20
	133.91	563.62	144.98	571.73	13.73
	265.02	564.50	273.42	571.02	10.63
	120.00	565.90	153.79	590.80	41.97
	251.94	568.06	301.82	606.03	62.69
	435.91	568.09	493.18	614.96	74.01
	154.01	568.99	182.19	590.95	35.73
	525.81	569.22	532.58	574.35	8.49
	117.90	570.27	163.40	602.61	55.83
	291.97	571.04	307.92	583.20	20.05
	346.05	571.94	352.00	576.03	7.23
	287.89	572.13	306.00	585.00	22.21
	144.83	573.84	154.56	580.61	11.85
	178.99	574.08	193.11	584.80	17.73
	247.89	574.11	259.16	582.79	14.23
	573.01	574.98	579.99	581.02	9.23
	73.08	575.61	78.10	578.95	6.02
	330.00	575.67	336.89	580.65	8.50
	428.39	575.56	462.00	600.00	41.56
	417.08	578.86	427.26	586.06	12.46
	230.07	578.57	278.94	615.03	60.97
	33.88	580.21	41.01	584.99	8.59
	172.03	579.97	177.14	583.75	6.36
	533.06	594.21	525.11	587.80	10.21
	548.10	579.78	556.48	586.40	10.68
	415.96	581.06	422.02	586.43	8.10
	324.02	587.21	318.13	582.78	7.38
	398.93	582.06	454.02	627.37	71.33
	10.02	582.80	45.80	607.23	43.32
	264.82	583.18	279.88	595.21	19.27
	482.70	583.35	488.60	587.60	7.26
	163.03	583.85	174.98	593.04	15.07
	227.01	584.00	237.98	593.03	14.21
	558.62	584.36	571.95	595.07	17.10
	448.71	585.27	469.94	601.23	26.56
	540.03	584.94	543.94	588.12	5.04
	258.29	585.68	268.96	593.43	13.19
	211.01	588.00	257.81	623.09	58.50
	303.09	587.74	309.79	592.20	8.05
	49.98	589.10	56.39	593.09	7.56
	394.46	588.50	407.05	598.93	16.34
	3.88	591.16	12.92	597.31	10.93
	115.89	591.22	125.87	598.15	12.15
	83.76	593.57	125.64	622.35	50.81
	242.94	593.08	257.92	604.11	18.60
	366.93	593.05	419.41	633.94	66.53
	503.00	593.01	510.82	599.19	9.97
	160.16	594.80	166.48	600.02	8.20
	206.81	595.20	217.08	602.32	12.49
	312.10	594.79	317.94	599.07	7.23
	511.88	595.24	525.50	607.51	18.34
	81.91	595.72	120.96	623.05	47.66
	238.31	595.53	247.79	603.18	12.18
	497.95	597.12	501.74	600.50	5.08
	191.97	598.08	237.06	631.12	55.91
	279.01	597.97	294.48	609.44	19.25
	15.59	599.47	35.91	613.13	24.49
	595.10	601.89	612.01	615.48	21.69
	627.12	607.30	621.02	601.97	8.10
	411.96	599.58	427.85	613.27	20.97
	189.40	603.54	199.02	609.96	11.57
	355.00	601.02	363.17	606.95	10.09
	483.16	600.79	489.07	605.89	7.81
	11.05	602.42	15.24	605.19	5.02
	32.98	604.02	40.03	609.45	8.90
	269.17	603.67	274.06	607.80	6.40
	339.14	603.93	378.89	634.16	49.93
	353.03	603.53	358.96	608.53	7.76
	173.87	605.25	209.35	629.53	43.00
	462.05	605.45	468.63	611.38	8.85
	218.11	605.81	227.02	611.97	10.83
	10.51	607.49	27.81	618.28	20.39
	171.47	607.48	207.92	634.12	45.15
	256.98	607.07	272.00	618.00	18.58
	399.13	606.95	403.99	611.09	6.38
	380.08	609.81	396.70	623.49	21.52
	333.98	611.02	345.06	619.41	13.90
	351.08	617.43	357.45	622.04	7.87
	3.93	612.10	15.94	619.61	14.16
	327.01	611.93	334.39	618.01	9.56
	473.69	612.40	481.56	619.33	10.49
	310.81	613.22	338.96	634.06	35.02
	371.57	612.58	381.97	620.04	12.80
	444.14	612.77	450.01	617.34	7.44
	55.95	614.07	84.91	634.12	35.23
	82.93	614.14	87.70	617.33	5.74
	200.18	613.66	209.89	620.16	11.69
	548.05	613.97	573.64	634.40	32.75
	570.91	614.15	578.02	620.28	9.38
	236.03	615.90	250.38	626.60	17.90
	426.05	615.91	431.95	621.06	7.84
	307.86	620.14	317.11	626.34	11.13
	369.71	616.88	374.00	620.00	5.30
	612.98	616.52	634.37	633.60	27.37
	47.13	620.82	54.93	625.64	9.17
	157.52	621.49	161.71	624.37	5.08
	228.09	620.85	232.03	623.95	5.01
	349.89	620.74	364.84	632.26	18.87
	288.86	622.09	304.85	634.18	20.05
	218.05	623.47	230.99	633.46	16.35
	343.02	623.45	352.01	629.44	10.80
	576.27	629.80	582.82	634.59	8.11
	393.99	625.02	406.98	634.02	15.80
	505.32	624.70	517.71	634.38	15.72
	66.78	626.31	71.93	630.07	6.38
	165.05	627.10	175.87	634.43	13.06
	340.41	626.73	345.02	629.74	5.51
	64.90	627.70	69.21	630.72	5.26
	134.93	628.10	143.91	634.15	10.83
	163.38	628.70	170.75	634.49	9.37
	323.99	628.62	331.85	634.20	9.64
	267.39	630.14	272.84	634.24	6.82
	599.76	630.27	604.69	634.46	6.46
226
	381.89	3.97	382.19	17.14	13.18
	619.38	3.74	615.84	13.94	10.80
	350.00	5.00	350.94	10.98	6.06
	499.43	7.03	498.14	22.04	15.06
	342.66	7.97	343.38	13.16	5.24
	526.99	10.00	524.52	21.83	12.08
	508.13	12.02	505.09	28.04	16.30
	356.81	14.98	357.38	20.43	5.48
	366.37	17.04	366.70	23.77	6.74
	517.29	18.99	515.33	34.91	16.05
	632.13	21.03	624.21	40.88	21.37
	621.36	22.10	617.68	31.06	9.69
	612.47	23.00	608.78	33.04	10.69
	496.73	24.92	495.97	32.99	8.11
	373.31	29.05	373.92	40.98	11.94
	410.77	31.97	410.45	43.06	11.09
	415.86	31.97	416.17	44.02	12.05
	429.66	35.93	429.20	41.00	5.09
	490.11	35.99	487.87	49.99	14.18
	485.24	37.22	484.27	44.02	6.87
	633.31	37.05	630.30	44.96	8.47
	562.04	38.01	560.88	43.96	6.07
	402.43	39.08	402.21	44.99	5.91
	434.90	39.03	434.39	47.07	8.06
	553.24	39.33	550.38	55.02	15.94
	422.85	43.94	422.60	52.96	9.02
	484.13	46.97	481.90	65.04	18.21
	400.13	49.00	400.28	54.01	5.01
	561.78	49.01	560.16	54.02	5.26
	393.72	61.04	393.15	54.99	6.08
	474.15	52.99	473.40	59.88	6.93
	478.92	53.99	477.96	65.99	12.04
	577.68	53.98	574.75	62.91	9.40
	562.74	56.94	559.33	68.76	12.30
	406.64	60.05	406.99	66.98	6.94
	461.83	63.90	460.98	70.01	6.18
	436.02	64.97	435.59	71.84	6.89
	528.02	65.03	525.99	75.00	10.17
	412.04	66.00	411.84	72.87	6.88
	591.62	67.03	588.14	79.07	12.53
	537.77	68.99	536.54	74.88	6.02
	458.68	69.92	458.31	77.06	7.15
	556.54	70.00	554.91	78.97	9.11
	560.19	74.01	558.80	79.98	6.13
	331.64	75.92	332.26	82.05	6.16
	435.23	75.79	435.24	84.04	8.25
	534.98	75.99	532.30	85.88	10.25
	551.96	76.00	550.40	81.18	5.41
	585.11	76.05	583.24	82.38	6.60
	539.06	77.02	535.41	92.08	15.49
	513.89	78.76	511.39	89.10	10.64
	455.32	80.83	454.18	90.00	9.24
	490.08	104.05	488.74	115.00	11.04
	603.59	83.05	595.28	108.06	26.36
	336.27	87.13	337.43	93.33	6.31
	551.52	87.13	550.13	94.06	7.06
	535.80	102.01	533.96	111.00	9.18
	556.96	90.99	554.64	98.96	8.30
	614.12	92.03	611.72	98.93	7.31
	502.90	92.97	500.42	109.13	16.35
	584.23	93.05	582.83	98.04	5.19
	604.58	96.03	599.74	109.94	14.73
	575.64	102.84	573.19	109.98	7.55
	613.82	100.99	611.66	108.28	7.60
	494.10	104.01	493.30	112.01	8.04
	509.01	104.00	507.87	108.93	5.06
	566.15	104.03	563.83	111.98	8.27
	591.29	104.04	589.33	109.74	6.03
	630.58	105.98	627.35	114.40	9.02
	403.03	109.99	402.83	115.92	5.94
	611.33	110.06	609.17	116.06	6.37
	514.40	112.08	512.76	121.99	10.04
	532.25	111.99	530.61	121.02	9.18
	594.92	112.98	582.67	145.90	35.12
	485.44	113.89	484.80	120.99	7.13
	626.12	116.05	622.52	126.10	10.68
	527.80	121.93	525.51	130.09	8.48
	410.30	122.98	410.48	130.78	7.80
	483.56	122.81	481.34	135.16	12.55
	596.17	123.07	593.93	128.98	6.32
	522.75	123.89	521.04	132.01	8.31
	491.60	126.04	490.05	133.02	7.15
	477.35	129.13	476.01	142.00	12.94
	528.02	129.89	524.34	145.89	16.42
	613.39	130.09	610.66	136.90	7.34
	505.07	136.04	503.53	142.93	7.06
	499.79	136.96	496.80	150.96	14.32
	402.56	137.60	402.94	143.00	5.41
	507.01	139.00	506.01	145.00	6.08
	518.71	140.03	516.66	149.86	10.04
	501.32	142.14	498.78	162.99	21.00
	571.72	144.90	568.91	154.96	10.44
	563.52	162.24	567.10	150.70	12.08
	562.48	152.64	558.63	164.81	12.77
	554.19	154.10	550.50	168.02	14.40
	511.85	162.98	509.85	172.98	10.20
	446.25	164.09	445.59	169.77	5.72
	545.57	165.01	543.62	170.93	6.23
	530.16	166.03	527.76	178.96	13.16
	522.06	169.01	520.31	175.16	6.39
	454.64	171.06	453.99	178.00	6.97
	524.72	173.14	521.90	184.95	12.13
	544.72	174.10	543.28	179.92	6.00
	615.52	173.51	612.54	181.13	8.19
	595.61	175.06	592.76	182.89	8.33
	556.40	180.01	553.47	188.70	9.17
	455.96	181.96	455.22	189.36	7.44
	582.28	197.12	585.57	187.54	10.12
	548.93	188.98	547.69	193.87	5.04
	596.09	191.04	594.23	196.11	5.40
	560.34	192.86	558.81	197.93	5.29
	578.46	193.05	574.53	202.75	10.47
	487.52	193.96	484.94	206.95	13.24
	551.09	195.03	549.27	200.07	5.35
	586.46	195.19	584.09	201.06	6.33
	426.83	196.95	426.61	202.01	5.06
	540.48	197.03	538.80	201.91	5.16
	474.94	199.51	473.99	204.99	5.57
	562.28	199.08	558.10	213.02	14.56
	553.65	199.97	551.02	208.01	8.46
	578.80	199.84	576.41	206.54	7.11
	497.50	202.86	493.06	220.01	17.71
	566.81	202.95	563.59	213.40	10.94
	548.65	204.02	547.05	209.02	5.25
	631.96	215.01	629.35	220.93	6.47
	627.38	217.16	624.92	221.99	5.42
	457.86	226.92	456.96	232.99	6.14
	617.22	228.00	611.35	239.82	13.19
	628.44	230.00	623.56	240.75	11.81
	525.32	235.27	522.24	247.96	13.06
	530.37	236.02	527.14	245.01	9.55
	522.23	238.12	520.46	245.97	8.05
	509.87	244.94	505.32	262.00	17.65
	513.96	245.00	511.05	254.01	9.48
	599.11	249.03	596.31	255.12	6.70
	631.94	253.00	628.88	258.97	6.72
	562.18	261.99	557.89	272.97	11.78
	569.16	269.03	563.74	283.97	15.89
	573.04	273.01	570.89	278.88	6.25
	557.00	276.00	555.34	281.16	5.42
	631.89	281.88	628.58	286.79	5.92
	525.09	291.04	523.84	295.90	5.02
	578.90	292.96	575.90	299.98	7.64
	595.26	292.94	590.88	301.92	9.99
	597.17	299.04	592.10	307.98	10.28
	348.64	309.00	349.89	313.96	5.12
	298.96	319.05	301.88	326.95	8.43
	473.22	331.86	474.32	325.86	6.09
	224.97	339.04	221.92	334.74	5.28
	556.02	360.01	559.38	352.40	8.31
	624.04	380.02	620.37	384.96	6.15
	522.24	402.92	519.43	408.23	6.01
	212.80	402.07	218.09	407.88	7.85
	127.02	413.99	140.93	426.15	18.48
	220.05	477.93	162.03	432.97	73.40
	179.20	416.04	193.67	430.39	20.38
	173.46	428.65	180.93	435.11	9.88
	109.94	430.71	115.28	434.57	6.59
	156.11	430.86	160.82	434.61	6.03
	234.99	447.01	231.25	442.96	5.52
	158.44	440.46	172.09	450.85	17.16
	176.11	450.73	196.06	466.88	25.67
	140.88	452.09	198.08	494.93	71.47
	86.99	453.19	102.99	464.01	19.32
	225.77	453.31	237.00	464.00	15.51
	70.05	458.92	80.00	465.00	11.66
	175.90	461.15	184.78	467.20	10.74
	133.03	465.03	142.50	470.98	11.18
	233.10	488.94	288.99	532.01	70.56
	149.62	475.60	162.81	485.19	16.31
	204.89	476.16	213.00	481.99	9.99
	117.05	481.07	124.11	484.89	8.03
	185.33	480.76	192.05	485.89	8.46
	291.92	482.00	299.95	492.06	12.88
	246.35	486.80	250.13	490.73	5.44
	173.96	489.14	180.80	494.28	8.56
	600.93	502.62	607.15	498.37	7.54
	209.70	505.19	267.86	548.57	72.56
	247.06	505.92	264.99	520.01	22.81
	15.98	513.09	29.97	518.02	14.84
	208.89	523.84	199.14	517.88	11.42
	37.12	519.56	47.01	522.46	10.32
	274.80	530.83	281.99	537.02	9.48
	260.02	538.04	254.06	533.93	7.24
	247.98	538.02	258.46	545.51	12.87
	364.54	539.22	366.94	544.10	5.44
	196.02	543.03	207.93	548.14	12.96
	298.42	549.50	310.35	558.52	14.96
	291.04	551.32	299.57	558.00	10.84
	535.97	606.17	633.96	581.87	100.95
	473.70	555.07	469.96	560.94	6.96
	629.21	557.06	633.97	554.92	5.23
	315.12	559.36	331.56	572.58	21.09
	48.96	563.17	71.94	567.11	23.31
	272.98	571.97	263.48	566.56	10.93
	154.96	591.57	161.03	592.92	6.22
	30.84	567.28	36.97	568.14	6.19
	581.01	581.04	605.95	573.76	25.98
	32.10	575.75	52.94	579.23	21.13
	339.81	580.25	348.00	588.00	11.28
	324.02	587.21	318.13	582.78	7.38
	114.00	585.99	142.00	590.98	28.44
	23.97	588.13	38.90	590.29	15.09
	96.02	588.78	102.00	590.06	6.11
	588.18	597.77	628.05	589.20	40.78
	120.98	589.63	147.15	595.28	26.76
	630.95	592.30	613.00	596.58	18.45
	607.24	596.57	612.19	595.45	5.07
	326.04	597.95	330.78	600.13	5.21
	98.83	599.64	122.00	603.01	23.41
	541.11	609.27	583.00	598.99	43.13
	599.00	601.00	607.99	598.56	9.32
	633.95	607.95	627.94	608.60	6.04
	355.00	601.02	363.17	606.95	10.09
	78.09	601.76	86.07	602.73	8.04
	551.26	612.54	584.09	604.37	33.83
	495.04	617.15	532.90	607.52	39.07
	32.85	615.70	41.18	616.36	8.36
	498.07	620.19	535.96	610.75	39.04
	371.57	612.58	381.97	620.04	12.80
	165.94	614.14	171.12	614.68	5.21
	369.71	616.88	374.00	620.00	5.30
	509.11	623.21	517.93	620.69	9.17
	468.84	627.45	490.98	621.87	22.83
	176.74	624.53	182.98	625.47	6.31
	469.03	633.49	479.00	630.95	10.29
