vx	vy	vz	score	numLines
-0.14271952	0.98976293	-0.00069832	4691.80	413
-0.85806596	-0.51353902	-0.00069408	2262.61	195
-0.59389266	0.80454363	0.00102590	1570.77	133

nLines	x1	y1	x2	y2	length
413
	46.18	11.01	44.73	27.01	16.07
	57.49	3.98	54.91	29.98	26.13
	69.02	4.00	68.49	22.26	18.26
	95.03	4.00	93.39	19.97	16.06
	154.07	4.02	153.55	11.86	7.86
	157.31	4.00	156.99	11.00	7.01
	228.36	4.00	228.87	13.13	9.15
	262.01	4.00	262.00	12.00	8.00
	316.71	3.99	317.66	13.94	10.00
	335.66	3.97	335.96	10.00	6.04
	385.98	4.00	386.99	15.00	11.05
	333.08	11.99	333.56	26.08	14.10
	66.43	35.53	64.69	49.00	13.58
	275.78	6.97	276.21	17.02	10.06
	323.03	8.00	324.07	16.00	8.07
	106.57	8.98	105.91	43.00	34.03
	140.83	11.96	140.93	29.96	17.99
	145.33	13.05	144.68	30.04	17.01
	328.89	13.14	329.95	20.00	6.95
	188.94	14.00	188.54	20.76	6.77
	89.65	15.04	88.71	21.96	6.98
	248.34	15.01	249.00	25.00	10.01
	289.39	21.69	290.11	32.96	11.29
	152.49	22.00	152.10	32.01	10.02
	261.45	22.02	262.61	35.01	13.04
	337.42	23.13	337.66	29.01	5.88
	93.15	24.00	91.98	37.99	14.04
	59.39	25.72	58.83	33.01	7.31
	33.23	27.12	32.04	43.00	15.93
	107.34	47.90	106.07	63.01	15.17
	269.17	28.80	270.27	38.97	10.23
	213.68	30.04	214.16	38.01	7.99
	384.03	37.97	386.47	53.00	15.22
	125.36	32.94	125.14	40.02	7.08
	373.51	32.95	374.34	45.02	12.10
	141.24	33.99	139.91	51.95	18.01
	407.93	35.07	408.91	42.06	7.07
	326.01	51.00	329.48	83.02	32.21
	395.00	50.00	396.35	61.40	11.48
	156.71	38.02	156.01	46.00	8.01
	186.24	41.03	186.29	51.15	10.11
	277.34	41.25	277.69	46.93	5.69
	18.68	43.96	17.16	58.08	14.20
	22.09	44.00	20.42	57.79	13.89
	32.27	47.95	30.03	60.01	12.27
	405.69	69.95	406.57	83.13	13.20
	333.53	54.99	339.06	90.97	36.40
	320.55	48.02	322.80	79.04	31.10
	375.09	48.99	376.08	59.94	10.99
	194.04	52.01	194.01	60.00	7.99
	217.30	52.12	217.51	60.98	8.86
	300.10	50.00	301.53	63.96	14.04
	52.06	51.02	48.75	87.93	37.06
	379.70	51.20	380.87	60.02	8.89
	38.06	83.01	40.05	65.01	18.11
	278.45	70.98	281.77	120.97	50.10
	232.20	56.77	232.65	62.06	5.31
	17.27	62.01	15.18	74.08	12.25
	309.34	65.81	309.99	73.17	7.39
	243.54	67.98	243.51	73.98	6.00
	349.54	65.97	350.36	73.10	7.17
	255.11	67.99	255.59	87.04	19.05
	29.42	69.93	24.12	104.18	34.65
	16.23	112.88	14.93	124.98	12.17
	271.90	75.01	272.12	92.99	17.98
	276.14	97.96	277.29	117.00	19.07
	401.10	69.86	402.52	77.10	7.38
	148.68	72.19	147.01	93.00	20.88
	139.14	105.01	139.11	125.15	20.14
	174.57	71.92	174.54	89.71	17.79
	259.89	73.97	260.47	86.82	12.86
	342.28	76.98	343.71	93.99	17.07
	361.05	77.99	361.94	88.00	10.05
	70.04	95.96	69.27	104.99	9.07
	77.89	99.91	79.83	82.96	17.06
	168.36	80.06	168.02	93.00	12.94
	410.59	80.12	411.58	86.10	6.07
	135.59	81.02	134.43	125.81	44.81
	86.86	82.99	86.15	106.11	23.12
	199.62	83.85	199.74	94.94	11.09
	297.02	92.99	296.95	102.24	9.26
	377.29	105.15	376.47	88.42	16.76
	384.91	93.67	387.37	110.14	16.65
	255.65	89.97	255.85	95.01	5.05
	264.28	91.97	264.46	110.05	18.08
	363.40	92.04	364.54	108.83	16.82
	156.08	94.00	155.41	104.05	10.07
	178.30	95.00	178.24	100.09	5.09
	255.71	97.03	255.87	106.11	9.08
	304.06	98.96	304.05	112.00	13.04
	99.36	100.63	98.77	106.07	5.47
	147.83	100.99	146.95	112.00	11.04
	390.98	101.00	391.99	111.00	10.05
	411.89	114.06	413.16	128.94	14.93
	272.98	102.01	272.85	113.01	11.00
	271.49	102.99	271.55	110.98	7.99
	310.50	110.79	309.53	102.99	7.87
	213.41	104.86	213.46	116.99	12.13
	394.76	105.01	395.61	113.10	8.13
	351.44	106.93	352.28	112.10	5.25
	61.52	116.98	60.46	130.79	13.85
	398.66	107.89	399.73	114.39	6.59
	23.89	109.00	22.96	116.97	8.02
	377.52	108.88	379.74	124.92	16.19
	306.57	136.00	304.92	115.91	20.16
	360.90	140.13	362.78	158.04	18.01
	33.33	123.98	27.91	166.97	43.33
	6.36	116.96	5.52	125.71	8.79
	318.01	113.00	319.00	131.00	18.03
	155.00	115.00	154.44	121.44	6.46
	147.05	152.00	147.08	164.00	12.00
	150.65	169.04	149.48	186.89	17.89
	281.73	146.31	283.99	201.01	54.75
	310.57	114.96	311.31	134.94	19.99
	237.87	128.01	239.05	153.01	25.03
	321.36	115.96	321.61	131.01	15.06
	324.04	119.00	325.05	131.99	13.03
	203.89	120.02	204.08	127.99	7.97
	328.84	121.98	329.62	127.88	5.95
	86.18	154.01	85.39	171.07	17.08
	333.32	123.96	334.66	141.15	17.24
	165.63	135.74	165.17	142.92	7.19
	221.77	126.02	221.61	131.27	5.25
	230.06	126.00	229.95	149.99	23.99
	249.90	135.07	251.20	161.00	25.97
	337.11	127.01	337.75	140.05	13.05
	96.43	128.98	94.57	148.14	19.26
	340.43	129.03	341.33	143.92	14.92
	329.72	129.55	329.84	135.04	5.49
	207.77	130.96	208.14	138.91	7.96
	561.93	138.05	564.41	150.97	13.16
	136.54	132.00	135.93	137.96	6.00
	127.04	147.03	127.12	156.00	8.97
	415.04	132.97	415.67	141.10	8.16
	109.74	134.06	109.20	139.98	5.94
	263.87	143.14	266.16	169.02	25.97
	9.13	148.12	7.79	154.97	6.98
	43.15	137.06	42.17	150.05	13.02
	133.12	152.08	132.54	161.14	9.08
	305.13	139.99	306.12	151.96	12.01
	255.08	141.00	255.02	161.00	20.00
	274.67	150.94	275.31	172.00	21.06
	279.63	176.90	280.62	200.01	23.14
	579.77	150.21	583.21	165.05	15.24
	38.25	145.04	37.68	151.01	5.99
	98.60	146.95	97.74	159.95	13.02
	141.06	154.05	140.46	162.05	8.02
	179.01	148.00	179.13	156.06	8.06
	152.11	149.00	151.40	164.05	15.06
	93.33	150.95	91.94	161.99	11.13
	209.26	154.77	208.90	165.98	11.21
	229.80	152.96	230.50	173.47	20.51
	280.38	153.05	280.19	174.01	20.96
	572.33	153.87	573.90	162.04	8.32
	238.78	155.96	239.97	177.01	21.08
	349.98	156.01	350.73	160.99	5.03
	7.74	158.99	5.96	169.99	11.15
	366.04	159.97	366.80	168.06	8.13
	14.21	161.02	12.09	176.01	15.14
	399.91	165.01	402.06	182.93	18.05
	134.94	162.02	133.59	187.02	25.03
	411.04	173.00	413.38	191.87	19.02
	146.14	165.88	145.65	190.02	24.14
	600.31	168.12	603.54	181.98	14.23
	388.54	164.99	391.47	193.07	28.23
	140.38	166.01	139.72	184.00	18.00
	51.58	168.14	47.47	210.03	42.09
	422.04	195.99	423.83	213.06	17.16
	198.14	169.04	198.79	179.96	10.94
	60.68	170.25	59.22	189.01	18.81
	96.00	185.00	92.19	237.01	52.16
	256.40	171.00	256.52	185.02	14.03
	266.11	172.05	267.93	192.00	20.04
	84.83	178.94	84.10	184.00	5.12
	275.13	178.65	276.06	196.04	17.41
	15.59	179.94	12.23	203.13	23.44
	6.88	212.95	4.14	232.11	19.35
	103.34	187.95	101.93	209.00	21.09
	110.59	218.01	114.25	181.98	36.21
	395.16	180.06	396.78	194.01	14.05
	587.04	179.99	589.71	188.92	9.32
	330.14	183.93	331.17	194.98	11.09
	580.84	190.11	584.27	207.14	17.37
	195.16	185.93	195.16	191.03	5.10
	374.39	216.69	373.73	205.02	11.69
	403.39	186.14	404.99	198.00	11.97
	90.14	189.02	89.17	199.00	10.03
	407.25	189.99	408.13	199.97	10.02
	133.78	191.03	132.88	212.98	21.97
	573.02	190.99	577.63	214.97	24.43
	68.79	192.86	68.39	199.13	6.28
	338.65	205.71	340.10	227.99	22.33
	64.58	193.91	63.58	202.00	8.15
	150.51	194.90	151.22	214.94	20.05
	337.93	204.95	337.46	196.08	8.89
	611.63	196.13	618.36	222.90	27.60
	332.35	205.01	331.78	198.93	6.11
	24.38	198.99	22.85	208.01	9.15
	179.35	201.02	179.45	209.02	8.01
	602.11	217.99	604.16	228.00	10.22
	281.06	217.66	280.35	208.66	9.03
	154.65	206.91	154.16	212.89	6.00
	348.29	206.96	349.82	227.09	20.19
	404.54	214.97	405.30	221.08	6.15
	107.26	208.93	105.33	225.02	16.20
	192.02	209.00	191.91	218.00	9.00
	333.30	208.78	334.47	227.07	18.32
	352.20	209.98	352.99	225.00	15.05
	29.78	211.31	28.99	218.00	6.74
	99.31	211.37	97.17	234.06	22.79
	630.09	211.02	634.00	227.08	16.53
	359.53	212.11	362.82	233.02	21.16
	155.27	241.12	154.65	252.06	10.95
	388.15	214.97	389.37	221.85	6.98
	621.14	214.97	628.96	241.01	27.19
	274.58	215.76	274.79	221.82	6.07
	168.58	216.93	168.57	226.02	9.09
	259.59	216.89	260.13	225.86	8.98
	62.71	238.08	65.75	217.64	20.66
	310.70	244.39	313.29	264.95	20.72
	367.26	217.96	369.37	235.00	17.18
	389.91	229.69	391.92	249.01	19.42
	207.49	220.94	207.70	228.07	7.13
	153.65	223.09	154.08	239.00	15.92
	241.27	222.95	241.25	229.94	6.99
	418.78	241.02	425.32	281.05	40.56
	614.58	224.95	615.47	229.99	5.11
	48.12	255.99	47.13	275.05	19.08
	619.65	227.03	622.76	240.22	13.56
	630.68	246.34	633.78	258.07	12.13
	264.03	230.00	264.90	247.01	17.03
	348.97	230.00	351.46	252.06	22.19
	431.58	240.22	439.08	290.98	51.31
	259.68	230.92	259.91	249.01	18.10
	280.36	236.01	281.37	248.01	12.04
	268.95	249.95	270.45	277.05	27.14
	333.84	231.03	335.40	245.00	14.06
	235.98	232.00	236.19	237.98	5.98
	5.90	232.98	3.86	246.80	13.97
	45.85	232.97	41.99	279.00	46.19
	611.80	233.03	614.90	246.04	13.37
	74.52	233.94	74.06	254.06	20.13
	194.89	234.98	194.67	244.93	9.95
	374.40	235.05	374.94	242.04	7.02
	600.15	235.05	602.27	245.06	10.23
	222.08	235.96	221.53	247.96	12.01
	424.83	243.06	427.13	261.98	19.06
	431.95	268.00	433.79	287.05	19.14
	142.93	238.99	141.61	261.07	22.11
	136.96	240.00	135.95	263.00	23.02
	415.12	239.98	416.60	251.90	12.00
	150.85	243.01	151.12	253.96	10.96
	260.98	252.52	261.28	270.80	18.28
	593.53	243.33	601.68	280.10	37.65
	146.68	244.00	146.46	257.11	13.11
	170.27	244.00	170.15	267.02	23.03
	291.28	243.86	291.71	252.03	8.18
	303.46	247.96	304.06	258.99	11.05
	373.37	245.79	374.34	252.03	6.32
	56.46	248.58	54.39	266.02	17.57
	188.15	248.98	188.37	261.16	12.18
	301.18	248.92	301.74	253.93	5.04
	111.23	249.51	110.90	256.01	6.51
	163.25	250.05	163.39	270.99	20.95
	211.06	249.94	210.95	255.09	5.15
	276.24	250.99	276.85	274.02	23.04
	384.84	250.99	385.62	259.13	8.18
	430.25	251.99	431.90	263.01	11.14
	60.72	253.06	59.95	261.00	7.97
	108.01	254.00	107.36	262.92	8.95
	175.87	254.02	175.16	263.04	9.05
	281.78	254.02	283.05	278.97	24.98
	298.42	283.04	296.62	261.01	22.10
	394.59	254.06	395.75	263.94	9.95
	417.55	253.93	419.69	280.19	26.34
	264.89	255.00	264.91	270.01	15.00
	26.00	256.00	24.01	272.00	16.12
	18.72	279.90	17.96	297.02	17.14
	157.33	258.90	157.07	273.01	14.11
	29.44	256.96	26.85	289.98	33.12
	130.48	256.96	130.70	265.98	9.02
	154.47	257.76	152.61	278.05	20.37
	291.90	260.00	292.71	281.02	21.04
	150.50	260.84	149.27	279.01	18.21
	399.81	261.13	401.16	270.00	8.98
	589.68	261.06	591.17	267.89	6.98
	145.34	267.20	145.10	281.00	13.80
	140.45	266.26	139.74	287.00	20.75
	628.59	266.17	634.67	287.82	22.49
	15.90	374.88	18.11	360.09	14.96
	68.03	324.02	72.10	281.01	43.20
	310.15	269.00	310.26	276.02	7.02
	427.13	268.72	429.78	283.01	14.53
	130.96	270.01	131.30	295.13	25.12
	285.89	273.01	285.90	278.02	5.01
	328.70	277.04	329.44	300.94	23.91
	88.63	277.93	87.38	296.97	19.09
	165.54	278.00	165.39	284.86	6.86
	81.39	280.46	79.82	296.88	16.49
	311.99	280.00	312.47	293.67	13.67
	15.59	281.08	12.69	303.03	22.14
	23.42	281.16	22.53	292.01	10.89
	84.65	280.99	84.20	297.97	16.98
	277.12	281.05	277.48	289.01	7.97
	375.49	286.96	378.34	312.03	25.23
	387.87	294.00	391.26	318.97	25.19
	228.09	287.01	228.44	296.01	9.01
	373.17	287.95	376.29	311.77	24.02
	173.44	289.01	173.60	296.17	7.15
	361.42	289.97	364.86	330.02	40.19
	277.38	290.87	278.49	306.48	15.64
	380.49	291.97	381.57	313.93	21.99
	394.87	297.06	403.80	349.04	52.74
	9.29	293.16	8.88	298.30	5.16
	211.67	293.88	212.11	306.00	12.13
	385.20	293.93	388.15	317.87	24.12
	402.74	294.97	409.10	350.97	56.36
	157.79	295.98	157.65	305.98	10.00
	437.13	296.01	437.62	302.10	6.11
	220.49	297.04	220.15	306.03	8.99
	78.75	299.96	77.03	323.00	23.11
	173.13	299.97	172.77	305.03	5.07
	241.11	320.95	241.98	344.00	23.06
	346.02	299.97	346.87	307.02	7.10
	82.74	301.00	80.49	324.93	24.04
	85.91	302.00	85.31	307.95	5.98
	132.25	302.16	132.18	307.93	5.77
	118.79	307.80	118.89	313.88	6.08
	442.01	316.00	451.10	373.88	58.59
	200.73	308.87	200.32	320.11	11.25
	369.81	311.93	371.64	333.01	21.16
	609.93	312.03	611.60	318.94	7.11
	231.48	312.96	231.82	324.96	12.01
	606.10	312.98	610.39	327.88	15.50
	314.73	314.93	314.91	321.01	6.08
	354.22	315.02	354.94	323.00	8.01
	424.84	315.08	430.10	360.98	46.20
	419.77	316.07	421.02	324.00	8.02
	49.42	316.96	46.66	336.02	19.26
	127.55	317.17	127.29	324.03	6.87
	620.53	317.10	622.32	325.68	8.76
	595.52	318.39	597.06	323.98	5.80
	45.75	318.97	44.27	336.02	17.11
	376.07	318.96	377.73	335.02	16.15
	380.38	320.01	381.60	337.96	17.99
	184.05	340.06	184.81	324.15	15.93
	393.10	323.00	394.65	344.01	21.06
	142.87	374.97	143.40	356.68	18.30
	139.26	352.02	140.28	331.01	21.04
	211.89	324.01	211.22	338.12	14.12
	254.90	328.05	256.29	349.99	21.98
	18.29	326.07	15.90	345.99	20.07
	9.83	357.98	8.11	379.04	21.13
	131.09	333.06	129.69	348.98	15.99
	388.32	325.99	389.49	335.90	9.98
	68.20	326.98	66.17	351.04	24.15
	145.23	327.02	144.52	353.01	26.00
	631.78	326.89	634.51	337.84	11.28
	38.99	328.00	37.57	342.03	14.09
	85.75	328.00	85.08	341.04	13.06
	616.48	328.98	620.67	345.92	17.45
	270.94	335.03	272.42	355.98	21.00
	399.35	329.96	399.70	336.91	6.96
	261.36	333.01	261.28	350.89	17.88
	20.30	334.40	18.42	354.95	20.64
	282.03	339.98	283.22	358.99	19.04
	288.08	364.01	289.75	393.03	29.07
	125.73	338.99	125.71	348.99	10.01
	275.00	339.00	275.95	356.99	18.01
	112.10	345.06	111.57	357.98	12.93
	287.29	339.95	287.75	361.03	21.08
	84.03	342.96	83.67	353.05	10.10
	48.02	343.00	47.57	350.08	7.09
	441.37	345.03	444.66	368.05	23.25
	243.97	377.02	242.46	348.09	28.97
	369.87	350.15	371.12	358.33	8.27
	350.10	359.99	352.92	389.01	29.15
	255.97	352.99	258.12	381.99	29.08
	82.52	397.01	83.49	379.98	17.05
	129.41	354.06	128.48	382.96	28.92
	124.76	354.93	123.94	384.96	30.04
	309.61	360.41	310.43	372.00	11.62
	138.96	356.00	138.00	385.00	29.02
	185.09	358.00	184.54	369.01	11.02
	260.37	358.98	262.06	382.98	24.06
	359.02	362.99	361.28	393.08	30.17
	117.45	359.95	114.19	389.05	29.29
	272.71	360.10	273.79	387.98	27.90
	178.97	361.01	178.77	368.91	7.91
	187.64	360.99	187.50	366.90	5.91
	232.47	361.05	233.03	371.99	10.95
	344.17	362.99	346.12	387.00	24.09
	283.89	367.05	284.85	390.99	23.96
	13.61	365.09	12.69	373.07	8.03
	111.03	365.00	110.13	380.98	16.00
	276.45	368.08	276.32	382.00	13.92
	324.51	370.01	324.97	381.00	11.00
	368.57	371.96	370.73	397.00	25.14
	190.30	372.88	190.44	386.01	13.13
	396.53	380.97	398.62	396.98	16.14
	339.08	375.99	339.59	387.36	11.38
	422.87	376.03	423.83	382.05	6.09
	166.70	379.01	166.10	386.86	7.87
	391.74	380.04	393.27	396.98	17.01
	405.92	383.08	407.95	397.01	14.07
	142.50	381.03	142.67	386.91	5.89
	68.09	382.02	67.79	387.07	5.06
	124.11	388.01	123.58	397.03	9.03
	202.98	389.04	202.92	397.01	7.97
	331.40	388.06	331.84	397.04	8.99
	411.37	387.99	412.23	396.97	9.02
	143.50	390.98	143.54	396.98	6.00
	620.82	390.99	622.49	397.21	6.44
195
	229.17	13.78	269.96	43.55	50.51
	240.01	3.98	247.89	10.08	9.97
	252.09	8.89	259.18	13.79	8.62
	300.31	3.58	308.64	10.46	10.81
	318.47	15.46	330.96	25.56	16.06
	387.21	15.85	397.32	24.58	13.35
	324.41	4.52	332.30	11.06	10.24
	338.95	8.59	351.47	17.62	15.43
	253.03	13.48	258.98	18.02	7.48
	354.96	13.09	367.21	22.74	15.60
	283.00	16.29	288.92	21.08	7.62
	378.64	48.18	387.50	55.60	11.56
	228.18	25.19	244.19	35.82	19.23
	225.95	34.02	242.23	45.84	20.11
	356.88	32.13	370.73	42.32	17.19
	328.34	33.77	339.75	42.42	14.32
	342.77	36.18	346.72	39.46	5.14
	396.43	62.30	390.03	56.96	8.33
	240.94	37.01	255.26	45.77	16.79
	286.53	37.00	298.80	46.17	15.32
	358.55	39.41	370.90	48.72	15.46
	348.99	40.01	355.06	44.97	7.84
	306.91	42.07	312.96	46.06	7.26
	258.00	47.00	262.90	50.74	6.16
	322.77	80.16	337.13	91.30	18.18
	357.96	48.03	372.03	58.97	17.82
	223.06	64.88	229.25	68.75	7.30
	356.04	54.98	372.33	66.63	20.03
	311.02	53.94	318.07	58.91	8.63
	268.74	59.24	274.03	62.56	6.24
	311.09	65.37	318.01	70.53	8.63
	286.00	67.00	303.03	79.99	21.42
	377.21	70.79	402.96	91.42	32.99
	312.09	74.31	320.14	79.80	9.74
	311.02	84.51	336.12	101.31	30.21
	406.91	86.12	418.39	95.79	15.01
	240.02	86.93	248.85	93.24	10.85
	414.50	131.45	378.05	105.96	44.47
	377.95	88.06	383.98	93.02	7.80
	338.21	92.67	344.22	97.18	7.52
	387.33	94.59	393.40	99.38	7.73
	256.16	106.83	276.05	120.36	24.06
	395.40	100.59	411.00	113.00	19.93
	409.98	103.02	419.22	109.83	11.47
	340.68	104.69	345.01	107.99	5.44
	354.01	104.99	360.93	109.61	8.32
	352.86	113.10	361.77	120.26	11.43
	317.94	109.79	359.95	139.52	51.46
	319.09	131.99	343.86	148.83	29.95
	383.21	120.78	398.99	131.59	19.13
	556.03	118.97	561.99	124.01	7.80
	290.93	121.07	295.94	124.07	5.84
	277.06	121.88	288.84	129.24	13.89
	221.99	132.02	227.07	135.40	6.10
	230.08	151.00	236.04	154.92	7.14
	265.97	125.65	274.09	130.79	9.61
	347.95	127.20	352.98	131.02	6.31
	198.23	131.32	202.76	133.98	5.25
	553.99	131.01	561.03	136.98	9.22
	266.29	169.94	271.91	173.15	6.47
	403.67	135.26	414.84	143.17	13.69
	575.34	138.57	580.46	143.43	7.06
	570.98	143.02	579.21	149.78	10.66
	419.59	149.97	425.13	154.31	7.03
	347.32	150.60	362.27	159.77	17.54
	327.00	150.07	332.08	153.47	6.11
	297.16	154.80	305.99	161.15	10.88
	588.04	151.89	592.34	155.77	5.79
	230.97	174.04	322.23	226.79	105.41
	338.23	156.70	364.07	174.33	31.28
	286.05	160.95	293.90	165.67	9.16
	402.31	183.69	397.99	180.56	5.33
	252.16	161.83	261.75	167.36	11.07
	380.70	169.87	384.94	173.11	5.34
	392.02	193.98	421.90	213.13	35.49
	297.93	168.07	304.51	171.50	7.42
	284.89	169.16	319.89	190.15	40.81
	367.31	170.60	372.99	174.25	6.75
	377.84	176.06	383.01	178.97	5.93
	307.04	173.81	321.92	183.14	17.56
	285.99	180.11	291.03	183.40	6.02
	570.94	182.04	580.39	189.62	12.12
	221.89	184.66	226.89	187.52	5.76
	373.32	204.00	355.04	191.46	22.17
	365.18	187.81	370.14	190.79	5.79
	379.85	188.21	387.97	193.07	9.46
	140.18	189.65	145.01	191.92	5.34
	231.94	189.62	245.93	197.07	15.86
	300.94	190.12	312.99	197.02	13.88
	577.92	216.04	582.43	219.42	5.64
	591.18	191.90	597.41	197.01	8.06
	322.13	192.87	328.96	197.05	8.00
	359.89	211.06	370.15	217.70	12.22
	302.95	203.60	321.43	212.99	20.73
	315.94	199.15	329.12	206.86	15.27
	593.09	200.96	608.88	214.20	20.61
	233.05	202.91	258.44	216.02	28.57
	137.09	204.31	142.83	207.30	6.47
	266.00	209.01	280.00	216.97	16.10
	376.68	205.49	401.95	220.09	29.18
	350.20	205.81	357.99	210.02	8.85
	350.11	227.92	372.98	242.03	26.87
	392.11	207.85	403.79	214.23	13.31
	216.30	218.73	226.05	223.89	11.04
	313.18	212.79	318.21	216.10	6.03
	377.57	216.50	383.93	220.12	7.32
	372.17	218.70	388.96	229.14	19.77
	417.64	222.27	428.44	228.59	12.52
	291.99	223.55	307.62	232.38	17.94
	389.13	223.67	410.94	236.13	25.12
	575.60	227.28	590.00	238.99	18.57
	623.07	240.92	630.05	245.93	8.59
	415.85	230.22	430.98	239.03	17.51
	271.91	230.64	279.38	234.94	8.62
	375.26	242.69	391.11	251.24	18.01
	239.07	243.37	260.03	252.33	22.79
	261.34	271.77	268.02	275.20	7.51
	601.93	281.05	624.21	296.84	27.31
	304.16	259.92	310.13	263.22	6.82
	353.94	244.57	363.97	249.49	11.17
	400.07	248.69	413.83	256.16	15.65
	6.01	249.70	17.49	253.43	12.07
	282.01	250.91	303.75	263.27	25.01
	364.78	251.32	379.33	258.57	16.26
	582.20	252.77	590.98	258.88	10.71
	283.10	279.85	295.01	286.46	13.61
	419.99	281.01	433.20	289.48	15.69
	237.91	256.70	250.88	263.24	14.52
	395.01	256.65	416.08	268.72	24.29
	339.58	283.35	344.37	285.64	5.31
	306.00	263.84	321.80	272.39	17.97
	315.09	265.86	323.97	270.09	9.83
	344.00	275.31	358.09	282.26	15.71
	407.94	276.10	416.16	280.81	9.48
	246.97	276.59	256.64	281.55	10.87
	384.20	283.53	401.79	293.87	20.40
	220.88	279.16	230.10	283.79	10.32
	331.99	279.48	338.87	283.12	7.78
	312.99	294.42	328.36	301.47	16.91
	410.71	284.10	416.32	287.12	6.38
	346.79	286.70	358.15	292.80	12.90
	299.10	287.81	310.08	292.64	12.00
	243.60	290.30	259.95	299.06	18.55
	331.97	289.55	355.02	300.71	25.61
	595.60	289.67	615.24	303.68	24.12
	619.49	314.05	626.20	319.25	8.49
	413.83	290.68	443.03	306.43	33.18
	433.99	290.62	441.94	295.08	9.11
	606.01	291.99	617.37	300.07	13.94
	280.93	296.09	291.20	300.52	11.18
	627.00	298.71	633.40	303.06	7.74
	232.27	305.14	236.98	307.58	5.30
	333.91	303.16	354.94	313.20	23.31
	320.06	314.85	330.06	319.38	10.98
	305.99	316.03	310.69	318.46	5.28
	407.79	317.61	417.03	322.96	10.68
	335.13	318.82	345.97	324.24	12.12
	384.11	319.83	390.03	322.73	6.59
	244.99	323.63	254.47	327.47	10.23
	409.87	329.16	424.00	336.01	15.70
	621.17	346.80	633.99	355.01	15.23
	261.06	330.36	269.95	334.10	9.65
	272.26	356.92	279.94	360.16	8.33
	620.83	332.20	634.12	340.78	15.82
	276.03	336.95	281.69	339.42	6.18
	215.48	338.50	240.05	347.34	26.11
	233.00	340.94	238.00	343.01	5.41
	622.76	341.21	634.09	347.86	13.14
	330.94	343.07	366.00	359.00	38.51
	243.12	345.51	252.97	349.06	10.47
	303.01	345.97	314.06	349.84	11.71
	247.01	349.98	254.07	353.28	7.80
	353.06	390.00	359.08	392.80	6.65
	258.04	351.88	269.03	355.93	11.71
	320.07	363.92	312.04	360.40	8.78
	404.08	352.80	442.07	369.35	41.44
	377.98	353.51	422.81	373.61	49.13
	293.77	354.61	308.78	360.34	16.07
	370.08	360.25	374.66	362.34	5.03
	320.91	364.54	334.87	371.19	15.47
	325.03	381.98	331.98	385.05	7.60
	391.37	370.72	431.03	388.42	43.44
	231.58	374.27	288.81	395.23	60.94
	370.69	374.56	376.96	377.12	6.77
	339.93	388.05	350.04	392.29	10.96
	424.75	376.28	452.16	387.82	29.74
	314.95	379.19	322.06	381.93	7.62
	381.89	379.73	388.36	382.75	7.14
	398.84	379.81	405.12	382.30	6.75
	609.81	380.25	618.99	385.02	10.34
	19.03	386.80	28.99	389.04	10.20
	619.57	386.93	627.07	391.93	9.01
	305.91	389.60	315.25	393.40	10.08
	379.09	389.87	390.29	394.46	12.11
	231.00	392.06	241.05	395.90	10.76
133
	3.95	42.96	34.88	3.91	49.82
	54.80	30.91	48.90	37.91	9.15
	93.00	21.00	64.76	51.87	41.83
	125.75	5.72	113.00	20.00	19.15
	136.90	3.92	131.88	9.30	7.36
	143.07	4.06	123.27	27.22	30.47
	192.11	4.00	184.98	10.39	9.57
	91.04	7.03	67.00	35.00	36.88
	172.00	9.99	162.44	21.12	14.66
	173.57	29.51	163.99	40.50	14.59
	36.40	10.30	32.30	14.90	6.16
	204.97	17.49	211.12	11.25	8.76
	140.45	30.97	105.81	66.82	49.86
	125.39	13.90	118.97	21.41	9.88
	163.73	27.00	168.94	21.99	7.24
	91.55	39.06	63.26	71.36	42.94
	163.72	28.02	159.00	33.00	6.87
	123.63	28.60	108.04	47.03	24.14
	184.90	28.95	181.42	32.71	5.12
	63.21	31.30	56.99	39.00	9.90
	113.41	38.36	109.28	42.35	5.75
	13.01	39.01	9.54	42.85	5.18
	16.93	58.97	3.82	74.84	20.59
	3.89	61.91	15.99	47.99	18.44
	45.85	49.90	37.78	59.80	12.77
	48.58	88.69	41.80	95.83	9.85
	118.10	66.10	131.79	52.57	19.25
	14.71	75.16	3.93	87.94	16.72
	23.98	104.98	16.93	111.95	9.91
	138.91	125.92	105.96	153.93	43.25
	174.60	90.65	140.65	121.63	45.96
	165.76	79.78	156.99	88.64	12.46
	85.86	106.87	62.54	129.56	32.54
	61.03	86.03	55.01	93.01	9.21
	154.89	89.91	148.95	95.95	8.48
	76.50	100.11	72.60	104.40	5.80
	114.81	95.81	108.04	103.03	9.90
	125.89	96.36	122.09	100.20	5.41
	97.91	96.86	89.57	104.60	11.38
	47.25	98.85	39.91	106.95	10.93
	40.00	100.00	35.10	105.07	7.05
	117.94	114.33	132.02	102.03	18.70
	10.07	105.07	3.68	111.82	9.30
	166.46	112.77	175.99	104.99	12.30
	22.76	117.69	17.82	122.83	7.13
	372.20	111.21	366.93	114.62	6.28
	43.20	112.16	33.61	123.00	14.48
	104.03	118.03	109.33	113.29	7.11
	173.82	114.89	152.50	135.05	29.35
	12.36	129.92	6.95	135.93	8.08
	81.17	131.13	75.07	137.15	8.57
	74.13	131.11	69.90	134.98	5.73
	135.94	138.89	127.97	145.96	10.66
	126.98	157.00	115.31	168.33	16.27
	106.04	135.67	101.77	139.71	5.87
	165.06	136.06	154.87	145.84	14.12
	19.92	136.96	9.65	147.66	14.83
	42.04	151.03	35.64	157.60	9.17
	81.27	138.24	71.80	148.84	14.21
	52.96	142.32	45.81	148.84	9.68
	155.18	154.19	167.64	143.64	16.32
	188.09	146.05	183.79	149.87	5.75
	97.63	160.73	87.53	170.49	14.04
	175.45	146.94	166.06	155.14	12.46
	122.88	151.84	111.26	162.19	15.56
	49.99	152.99	43.05	160.20	10.00
	154.95	164.92	162.22	158.83	9.49
	133.20	188.08	114.74	203.73	24.20
	49.93	162.93	40.44	171.37	12.69
	129.95	163.97	116.08	177.01	19.03
	132.13	166.23	119.22	177.24	16.97
	172.15	178.20	185.02	169.07	15.78
	113.15	170.13	96.32	184.30	22.00
	36.45	175.48	27.24	185.20	13.39
	26.09	190.10	35.88	179.85	14.17
	75.94	183.46	68.00	190.45	10.58
	84.85	186.13	78.82	191.21	7.88
	8.00	227.00	47.88	189.87	54.49
	132.64	214.08	114.92	229.26	23.33
	13.82	203.83	26.65	191.62	17.71
	347.11	201.04	340.00	205.00	8.14
	63.33	206.07	75.98	193.94	17.53
	171.14	204.07	151.09	218.62	24.77
	34.35	210.97	40.02	205.60	7.81
	28.69	218.79	21.99	224.44	8.77
	162.82	235.90	155.71	240.68	8.56
	79.75	227.72	90.12	218.76	13.70
	98.61	234.49	110.67	224.52	15.65
	16.68	230.09	21.06	225.64	6.25
	88.10	233.08	77.94	240.88	12.81
	73.76	254.73	48.55	274.46	32.01
	334.43	249.92	348.00	242.89	15.28
	99.84	259.05	109.98	250.92	12.99
	95.76	251.15	73.09	269.08	28.90
	40.99	252.99	34.55	259.06	8.85
	33.09	267.62	40.08	261.61	9.22
	120.88	265.29	97.84	281.24	28.02
	9.93	378.91	15.32	375.41	6.43
	19.00	359.00	67.23	324.84	59.10
	72.39	279.87	87.19	268.22	18.84
	46.89	278.33	41.06	282.50	7.17
	117.15	279.14	112.88	282.26	5.29
	158.96	294.94	180.97	281.80	25.63
	10.54	285.01	4.92	290.32	7.72
	111.11	283.08	102.88	288.85	10.05
	42.92	291.97	33.68	298.68	11.41
	122.96	286.95	114.54	293.01	10.38
	274.39	294.45	265.12	299.28	10.45
	67.57	296.49	57.03	304.04	12.96
	149.91	299.46	154.93	295.86	6.18
	207.04	295.59	202.15	298.26	5.57
	110.01	298.01	102.72	302.81	8.73
	168.01	300.43	172.67	297.65	5.43
	3.95	302.94	8.00	299.53	5.30
	52.98	310.84	67.11	300.67	17.41
	167.05	301.53	150.06	313.03	20.51
	45.98	312.99	24.77	327.78	25.86
	99.97	303.97	89.43	311.97	13.23
	142.13	305.85	135.00	310.01	8.25
	94.91	321.41	108.97	312.98	16.39
	103.16	330.36	123.24	317.52	23.84
	39.86	320.75	22.01	334.03	22.24
	147.12	359.82	169.97	344.94	27.26
	65.51	352.44	16.01	386.04	59.83
	111.31	359.02	84.52	377.08	32.30
	65.05	341.07	54.01	348.02	13.04
	83.50	355.98	94.99	348.55	13.69
	84.04	379.03	123.98	353.51	47.40
	123.61	385.72	103.21	397.38	23.49
	170.82	360.32	146.93	373.40	27.24
	83.67	367.51	95.00	361.00	13.06
	164.03	378.04	146.02	389.03	21.09
	94.03	387.90	99.12	385.08	5.81
