vx	vy	vz	score	numLines
0.00564962	0.99998404	-0.00000424	8600.39	392
0.99147243	0.13031605	0.00038662	6814.05	326

nLines	x1	y1	x2	y2	length
392
	5.12	47.00	5.02	8.00	39.00
	12.18	6.93	12.94	22.00	15.09
	33.09	7.98	33.42	41.99	34.01
	26.97	9.02	27.88	54.98	45.97
	22.48	10.00	22.75	20.98	10.98
	122.23	52.92	122.04	19.01	33.91
	22.77	24.19	23.32	36.76	12.58
	156.24	22.14	157.25	56.01	33.88
	137.59	24.00	139.13	63.99	40.03
	147.77	66.83	147.37	56.05	10.79
	128.39	25.02	126.86	57.03	32.04
	146.96	26.06	147.32	35.97	9.92
	151.13	24.94	151.29	55.07	30.13
	241.21	35.04	241.98	65.00	29.98
	23.70	44.99	23.54	51.01	6.02
	272.99	38.01	272.69	69.95	31.95
	146.99	39.73	147.67	51.98	12.27
	247.61	39.07	247.06	50.00	10.95
	257.31	39.13	256.66	51.99	12.88
	269.02	40.99	268.32	66.95	25.97
	264.30	41.97	264.43	50.98	9.02
	10.51	43.11	10.39	48.98	5.87
	351.36	49.02	352.37	80.82	31.82
	247.08	52.00	246.18	70.00	18.03
	264.03	53.55	264.31	64.99	11.44
	257.21	55.99	257.35	78.01	22.02
	152.39	57.02	152.42	69.96	12.94
	356.14	63.99	356.51	81.01	17.03
	5.23	69.14	5.64	80.98	11.85
	264.24	68.86	263.63	80.09	11.25
	3.90	83.00	6.37	328.00	245.01
	3.60	341.00	4.33	490.06	149.06
	376.04	84.00	376.33	94.11	10.12
	46.71	108.43	48.57	177.01	68.61
	51.97	114.00	52.69	189.99	76.00
	65.29	105.98	65.81	191.03	85.05
	113.86	110.34	114.81	192.99	82.66
	108.96	114.08	110.58	160.12	46.07
	175.46	117.00	175.80	197.00	80.00
	43.75	112.02	44.55	181.00	68.98
	129.52	112.06	130.27	195.14	83.09
	23.42	113.99	23.47	129.78	15.79
	40.67	115.22	41.10	129.00	13.79
	19.34	115.02	20.23	127.00	12.02
	33.32	117.00	33.76	127.00	10.00
	37.23	116.99	37.82	128.97	11.99
	87.77	119.92	89.53	152.03	32.16
	191.82	118.00	192.57	198.01	80.01
	106.90	118.98	107.00	193.00	74.02
	72.75	119.98	72.78	133.06	13.08
	83.74	120.10	84.09	133.00	12.91
	96.90	121.12	97.72	134.01	12.92
	134.43	120.02	135.29	140.01	20.01
	16.88	120.99	17.14	127.00	6.01
	101.21	121.08	101.71	135.01	13.94
	235.50	121.29	237.13	200.04	78.77
	291.84	127.12	292.92	202.95	75.84
	168.53	123.10	168.95	197.02	73.92
	250.31	122.99	250.57	202.02	79.03
	146.78	125.02	146.97	140.00	14.98
	172.55	124.97	172.69	165.97	41.00
	163.38	125.86	163.48	140.00	14.14
	150.66	128.01	151.00	154.00	25.99
	228.50	128.36	229.37	196.02	67.66
	306.72	128.02	307.71	205.07	77.06
	198.56	130.29	198.29	157.99	27.70
	207.96	131.01	208.02	144.00	13.00
	285.54	134.03	285.74	204.16	70.13
	346.50	133.03	347.25	205.00	71.98
	24.62	130.95	24.36	145.01	14.06
	223.90	132.05	224.70	146.08	14.06
	15.85	131.95	15.68	141.08	9.13
	19.95	132.02	19.97	146.00	13.98
	212.33	132.01	212.19	145.01	12.99
	356.97	132.01	358.72	208.01	76.03
	394.77	135.40	396.22	182.03	46.65
	38.10	132.96	37.30	147.74	14.80
	254.37	133.04	254.41	150.97	17.93
	220.02	134.00	220.00	143.00	9.00
	257.68	134.19	257.59	148.01	13.82
	84.17	137.02	84.65	151.02	14.02
	282.46	137.00	282.38	149.90	12.91
	101.68	137.93	102.05	152.98	15.06
	265.97	138.00	266.10	148.01	10.01
	97.75	139.01	97.75	151.01	12.00
	279.78	139.09	279.64	148.03	8.94
	340.55	138.95	340.92	207.07	68.12
	77.06	140.01	76.77	147.98	7.98
	334.72	141.17	335.41	153.97	12.82
	136.64	141.04	136.58	154.00	12.96
	361.45	140.99	360.98	154.96	13.98
	146.55	141.96	146.79	154.99	13.03
	325.70	142.00	325.92	167.00	25.00
	163.54	143.17	163.46	155.98	12.81
	331.22	142.98	331.44	153.09	10.11
	389.65	143.05	390.91	209.03	65.99
	376.48	144.15	375.88	172.05	27.91
	289.66	146.03	289.04	159.01	12.99
	386.51	145.99	386.62	156.99	11.00
	207.75	146.88	207.51	159.06	12.18
	223.48	147.98	223.95	161.00	13.03
	368.95	148.02	369.51	156.75	8.75
	220.32	148.93	220.07	158.99	10.07
	381.28	149.12	381.63	155.99	6.88
	70.69	150.98	71.21	191.11	40.14
	257.28	151.02	257.26	164.00	12.97
	270.75	150.98	270.75	163.99	13.01
	266.04	152.00	265.85	164.97	12.97
	282.65	152.98	283.07	165.94	12.97
	279.68	153.94	279.82	163.00	9.05
	41.62	154.99	41.79	186.04	31.05
	335.16	156.95	335.66	168.99	12.05
	37.39	156.11	36.56	170.00	13.91
	135.13	157.00	135.20	195.09	38.09
	332.28	156.83	331.91	168.97	12.15
	102.40	159.91	102.04	173.00	13.10
	97.42	161.98	97.65	173.00	11.03
	152.36	162.12	151.99	178.00	15.89
	372.90	161.96	373.39	170.02	8.08
	381.91	163.02	382.25	171.01	7.99
	110.48	164.15	110.55	179.04	14.89
	361.58	163.98	361.83	170.01	6.03
	164.78	164.97	164.52	176.98	12.01
	88.31	166.00	88.63	173.99	8.00
	159.28	166.68	159.56	177.23	10.55
	210.35	167.61	209.89	180.97	13.37
	226.39	169.01	226.56	197.01	28.00
	213.24	197.85	213.14	185.03	12.82
	198.71	168.18	198.72	173.81	5.63
	204.80	168.14	204.45	173.72	5.59
	172.55	169.13	172.64	185.12	16.00
	213.11	170.00	213.30	181.87	11.88
	257.72	170.08	257.44	200.98	30.91
	14.11	171.01	13.73	178.00	7.00
	222.53	171.01	222.24	179.98	8.98
	271.36	171.08	271.63	185.00	13.92
	34.83	173.27	34.99	187.00	13.73
	282.68	172.99	283.08	185.00	12.01
	37.50	174.06	37.69	187.01	12.95
	262.59	174.07	262.32	184.12	10.06
	321.40	176.95	321.67	187.97	11.03
	279.75	174.98	279.80	184.02	9.03
	197.32	176.00	197.18	198.01	22.02
	101.97	177.01	101.47	189.01	12.00
	325.85	178.00	325.94	198.00	20.00
	336.09	177.99	336.06	188.98	10.99
	73.91	178.98	74.15	185.95	6.97
	331.85	178.99	331.83	185.97	6.98
	376.25	179.00	376.30	192.00	12.99
	110.40	181.03	110.44	187.96	6.92
	152.43	180.98	152.33	194.12	13.14
	164.92	181.01	164.68	193.04	12.04
	145.38	181.71	145.56	193.01	11.30
	311.63	182.03	311.90	188.99	6.97
	369.00	182.00	369.69	191.07	9.10
	159.89	183.05	159.72	193.01	9.96
	210.06	184.04	210.12	197.02	12.98
	222.69	186.02	222.37	196.00	9.99
	172.75	186.92	172.81	192.99	6.06
	264.92	188.00	265.62	200.01	12.03
	289.62	188.06	290.01	199.00	10.95
	262.68	188.94	262.71	194.00	5.06
	282.93	189.00	282.93	201.02	12.03
	279.85	191.02	279.89	199.00	7.99
	311.38	190.97	311.62	202.03	11.07
	336.34	192.01	336.70	204.87	12.87
	369.84	197.04	369.64	206.07	9.03
	392.81	197.03	392.31	204.99	7.98
	65.02	239.01	65.39	338.02	99.01
	129.91	241.98	129.97	339.00	97.02
	175.35	244.04	177.00	271.00	27.01
	178.29	272.11	176.87	335.95	63.85
	192.22	244.13	192.66	255.07	10.94
	251.69	247.05	251.64	338.00	90.95
	50.56	247.99	51.39	336.93	88.94
	113.05	248.02	114.28	327.06	79.05
	308.05	249.02	308.08	258.99	9.97
	346.81	250.08	346.75	259.99	9.91
	48.63	263.00	47.94	292.00	29.00
	192.83	258.01	192.67	339.15	81.14
	43.65	260.08	44.13	338.93	78.84
	236.98	262.00	236.58	337.06	75.06
	292.31	261.97	294.03	337.02	75.07
	308.34	261.98	308.72	338.07	76.09
	26.02	263.00	25.47	296.11	33.11
	232.69	262.91	233.78	280.04	17.17
	347.55	263.10	348.69	337.03	73.94
	359.16	263.02	360.03	306.00	42.99
	361.48	307.00	359.59	338.05	31.11
	39.48	263.97	40.38	277.99	14.04
	73.70	264.14	72.33	336.92	72.80
	168.81	264.14	169.74	338.08	73.94
	104.57	265.11	104.42	337.99	72.88
	134.11	264.99	134.71	298.99	34.00
	19.91	265.98	20.03	277.00	11.02
	137.71	266.13	137.23	300.04	33.92
	229.90	266.01	230.58	338.23	72.23
	37.04	267.02	36.52	277.11	10.10
	153.08	267.02	153.03	298.00	30.98
	197.23	266.97	197.30	338.06	71.08
	344.01	267.00	344.34	273.85	6.86
	100.33	268.06	101.55	321.98	53.93
	165.78	268.00	165.85	282.03	14.02
	208.76	268.05	208.68	282.01	13.97
	214.17	268.07	213.77	299.19	31.13
	286.84	267.96	287.28	337.88	69.92
	224.51	269.14	224.60	283.05	13.91
	257.30	298.95	257.01	271.00	27.96
	143.75	269.99	143.72	279.00	9.01
	266.36	269.97	265.67	299.92	29.96
	280.65	270.09	280.77	299.95	29.86
	162.16	271.05	161.83	278.98	7.94
	270.59	271.00	270.71	298.04	27.04
	313.12	272.05	313.35	300.08	28.03
	335.80	273.05	335.99	300.00	26.95
	391.39	271.92	390.61	303.05	31.14
	276.13	273.00	276.19	282.00	9.00
	326.60	273.01	326.91	299.03	26.03
	372.79	274.91	373.08	301.00	26.09
	385.61	274.31	385.84	286.01	11.70
	376.35	274.00	376.84	300.01	26.02
	331.90	275.00	331.70	283.05	8.05
	364.45	275.02	365.33	294.68	19.69
	40.43	282.00	40.69	297.16	15.17
	19.54	282.87	20.08	294.01	11.15
	33.40	284.02	33.13	294.99	10.97
	36.90	284.00	36.87	294.00	10.00
	143.72	283.89	144.35	297.96	14.08
	165.83	284.03	166.91	300.07	16.08
	172.98	285.00	172.94	292.00	6.99
	208.42	285.00	208.47	290.57	5.57
	150.68	286.02	150.40	297.88	11.86
	233.75	288.97	233.62	299.98	11.01
	276.21	289.01	276.21	296.92	7.91
	332.01	289.00	332.13	297.02	8.02
	385.69	288.87	386.02	300.00	11.13
	161.72	290.03	161.95	296.01	5.99
	173.42	294.98	172.69	311.90	16.93
	223.95	306.09	224.43	319.95	13.87
	25.53	303.06	25.75	318.01	14.95
	136.88	303.03	137.34	335.97	32.95
	290.92	302.99	291.10	314.00	11.01
	335.95	307.13	336.55	321.04	13.92
	39.75	303.95	40.66	319.02	15.10
	233.64	304.05	233.74	316.88	12.83
	279.87	306.31	280.78	321.02	14.74
	32.85	305.03	32.47	313.05	8.03
	134.52	305.00	134.57	313.94	8.94
	152.86	304.99	152.65	328.00	23.01
	391.34	304.94	392.74	338.18	33.28
	11.94	305.96	12.38	318.05	12.10
	165.63	305.98	165.36	318.99	13.01
	19.95	307.00	19.97	318.00	11.00
	36.85	306.93	36.54	317.10	10.17
	203.11	307.01	203.14	314.00	6.99
	257.45	307.19	257.33	317.79	10.60
	341.28	307.02	342.24	337.83	30.83
	312.89	307.99	312.33	338.11	30.13
	372.79	308.88	372.84	321.00	12.13
	146.08	309.00	145.77	318.95	9.95
	161.46	308.98	161.50	319.16	10.17
	364.37	309.05	363.43	338.00	28.97
	149.22	310.11	148.98	318.99	8.88
	219.61	310.00	219.89	319.98	9.99
	275.99	310.00	275.76	315.04	5.05
	386.79	310.07	386.63	321.08	11.02
	377.07	311.00	377.65	333.00	22.02
	327.93	313.00	328.30	320.88	7.89
	332.44	313.00	332.60	320.93	7.93
	110.21	314.02	110.93	327.98	13.98
	214.52	335.97	214.81	316.06	19.91
	134.49	316.01	134.99	338.99	22.99
	291.11	318.01	291.18	328.98	10.98
	25.27	319.97	25.86	335.99	16.04
	40.68	320.96	41.27	336.80	15.85
	255.34	322.03	256.49	337.97	15.99
	200.33	323.05	200.17	337.02	13.96
	203.15	323.00	203.25	336.95	13.95
	220.00	323.00	220.01	336.00	13.00
	224.04	322.98	223.48	335.91	12.95
	280.06	323.19	280.92	335.99	12.83
	20.05	324.01	19.82	335.00	11.00
	36.98	324.00	36.85	335.03	11.03
	146.28	324.03	147.12	337.09	13.09
	372.44	323.99	372.81	334.99	11.01
	386.16	323.89	386.73	335.00	11.12
	336.30	325.01	336.37	334.00	9.00
	314.49	327.00	314.26	334.96	7.97
	113.43	330.00	113.94	336.98	7.00
	153.39	330.89	153.14	336.00	5.12
	359.85	383.93	359.98	396.00	12.07
	233.33	384.57	235.14	471.99	87.44
	289.87	385.05	289.38	396.99	11.95
	307.56	385.31	307.85	459.01	73.70
	249.53	386.03	249.48	399.05	13.02
	172.68	387.15	173.90	478.97	91.82
	111.45	388.00	111.47	403.03	15.03
	127.61	388.02	127.96	483.03	95.02
	63.62	389.04	62.67	487.00	97.97
	347.01	400.00	348.05	461.00	61.01
	249.24	476.00	249.56	402.19	73.81
	290.88	401.04	291.98	470.99	69.96
	189.86	403.99	190.10	478.98	75.00
	341.86	407.00	341.85	439.97	32.97
	378.49	407.01	378.13	433.04	26.04
	48.16	407.98	47.69	486.90	78.93
	285.46	408.09	284.87	437.97	29.89
	363.42	408.03	363.42	415.99	7.96
	388.96	408.00	389.02	419.01	11.01
	111.96	409.00	112.55	473.00	64.00
	322.34	408.91	322.68	414.00	5.11
	167.83	412.99	167.93	479.09	66.10
	222.68	412.95	223.12	425.00	12.06
	256.87	423.85	256.08	413.01	10.87
	264.35	411.06	265.01	438.00	26.95
	279.70	410.90	280.01	437.00	26.10
	313.33	411.02	313.38	420.00	8.98
	367.79	410.88	367.02	435.01	24.14
	133.28	412.17	132.32	433.96	21.82
	228.95	412.00	227.19	474.93	62.96
	269.54	411.99	270.40	438.07	26.10
	150.83	443.92	150.05	417.00	26.93
	163.72	415.05	163.74	442.96	27.91
	212.06	414.99	212.21	424.04	9.05
	40.84	416.01	40.41	486.00	69.99
	135.28	416.06	135.21	427.98	11.92
	103.28	417.03	103.36	484.78	67.75
	44.40	417.96	44.83	449.99	32.03
	71.13	417.98	70.56	486.39	68.41
	144.74	418.04	144.63	426.99	8.96
	160.28	418.04	160.12	425.98	7.94
	321.31	417.98	320.40	434.96	17.00
	393.55	417.92	393.50	433.11	15.19
	195.28	419.03	194.27	478.17	59.15
	231.69	419.03	231.16	427.95	8.93
	36.72	420.02	36.31	431.98	11.97
	326.23	420.01	326.76	435.16	15.16
	15.15	421.00	15.07	426.05	5.06
	389.08	421.17	389.71	432.98	11.82
	31.08	421.92	30.93	431.00	9.09
	337.87	423.03	337.59	434.81	11.78
	311.66	424.98	311.34	435.05	10.07
	372.11	425.01	372.37	432.73	7.73
	256.40	426.97	256.21	437.99	11.02
	135.74	431.05	135.11	443.98	12.94
	144.80	431.99	144.10	443.02	11.06
	160.31	433.00	160.14	441.00	8.01
	35.65	435.21	36.11	448.01	12.81
	132.41	436.06	132.06	452.01	15.95
	22.06	436.98	21.88	448.01	11.04
	358.43	439.89	358.55	447.08	7.19
	367.53	439.83	367.16	466.00	26.18
	390.14	440.02	390.09	451.02	10.99
	253.82	440.97	253.77	449.96	8.99
	285.72	440.99	286.67	455.96	15.00
	326.69	442.06	326.69	453.05	10.99
	338.71	441.95	339.17	468.09	26.14
	342.15	441.95	342.61	466.99	25.04
	279.97	446.00	279.89	467.00	21.00
	265.83	458.00	266.49	444.84	13.17
	223.52	447.97	223.56	459.97	12.00
	163.41	450.05	163.26	478.95	28.90
	150.34	450.95	150.38	464.08	13.12
	135.12	452.02	135.26	464.89	12.87
	159.93	452.99	159.68	462.03	9.05
	144.38	454.01	144.15	463.00	9.00
	44.72	454.97	44.58	463.04	8.07
	36.15	457.02	36.75	470.96	13.96
	326.43	456.95	326.34	468.03	11.07
	130.41	457.93	130.95	480.99	23.07
	170.84	458.01	170.77	464.00	5.99
	286.46	458.98	285.97	467.01	8.04
	30.51	461.01	30.12	468.97	7.97
	211.46	461.95	211.54	473.63	11.67
	217.47	462.11	216.96	471.99	9.90
	223.58	462.19	223.64	473.96	11.77
	197.67	463.05	197.25	476.90	13.86
	314.34	462.98	314.51	468.87	5.90
	308.30	464.01	307.99	471.00	7.00
	135.23	467.10	134.75	480.03	12.94
	231.12	466.97	230.98	473.00	6.03
	159.83	467.97	159.90	477.01	9.04
	144.11	469.00	143.59	479.07	10.07
	17.68	473.88	18.07	486.01	12.13
	21.27	473.95	21.06	478.98	5.03
	43.36	473.96	43.34	482.05	8.09
	109.00	475.00	108.92	482.94	7.95
	30.32	476.06	30.65	482.22	6.16
	13.20	476.97	13.32	486.99	10.02
	388.59	492.00	389.00	481.00	11.00
	301.53	485.03	301.21	493.05	8.02
	347.01	486.00	347.42	492.94	6.95
326
	264.97	9.09	276.94	11.45	12.20
	58.98	11.09	64.03	11.40	5.06
	184.05	11.83	191.03	12.70	7.04
	124.05	13.21	169.87	17.34	46.01
	37.24	16.40	56.99	19.19	19.94
	122.41	18.45	151.46	23.47	29.48
	207.01	22.27	201.96	21.88	5.07
	299.00	20.10	314.01	22.90	15.27
	89.00	20.97	95.86	21.53	6.89
	15.00	22.00	21.99	23.06	7.07
	137.96	69.07	151.14	70.34	13.24
	165.99	25.07	173.00	25.99	7.07
	247.05	29.71	284.00	34.33	37.24
	37.07	27.68	51.97	29.15	14.97
	37.05	31.79	43.90	32.57	6.89
	246.08	33.49	269.18	37.29	23.41
	330.02	34.09	335.00	35.06	5.07
	15.00	36.97	20.99	38.06	6.09
	140.99	38.65	145.99	39.17	5.02
	258.90	39.38	264.17	40.29	5.35
	48.02	40.35	58.02	41.37	10.05
	161.03	41.77	179.98	45.12	19.25
	50.94	45.48	72.90	47.47	22.05
	321.01	49.64	329.98	50.80	9.04
	257.07	81.93	267.00	83.00	9.99
	10.08	53.89	26.04	55.81	16.07
	75.97	57.26	55.94	55.43	20.10
	54.00	60.19	63.93	61.59	10.03
	11.13	59.71	31.99	61.51	20.94
	195.93	61.30	203.03	61.87	7.13
	15.93	64.72	26.99	65.72	11.11
	80.09	65.55	92.05	66.58	12.01
	109.96	65.39	115.97	66.10	6.05
	124.03	69.27	119.00	68.95	5.04
	6.97	81.68	396.01	120.65	390.98
	6.05	69.30	394.00	110.56	390.14
	36.99	68.56	70.07	71.66	33.22
	228.10	69.88	233.92	70.28	5.83
	86.00	71.48	99.95	72.60	14.00
	139.31	71.62	153.04	73.73	13.90
	155.02	72.86	165.03	73.90	10.07
	171.99	73.22	177.98	74.10	6.05
	7.01	74.85	394.01	114.73	389.05
	119.03	76.73	205.05	86.10	86.53
	229.00	79.28	240.01	79.91	11.02
	288.05	80.55	295.00	81.03	6.96
	365.16	92.84	374.00	94.03	8.91
	271.00	84.99	286.96	87.07	16.10
	242.98	86.18	252.96	87.74	10.11
	7.97	88.29	28.96	90.49	21.11
	8.02	90.93	397.03	128.53	390.83
	31.00	91.04	66.94	94.49	36.11
	259.97	90.71	291.92	92.73	32.01
	68.99	95.15	115.92	99.60	47.14
	295.02	94.68	307.00	96.45	12.11
	9.00	100.04	17.00	100.44	8.01
	130.98	101.24	137.92	101.62	6.95
	31.92	101.74	37.98	102.03	6.07
	8.97	103.14	46.00	108.01	37.34
	67.98	105.74	113.00	109.98	45.22
	6.97	108.14	42.98	111.28	36.15
	202.08	107.70	229.02	110.50	27.08
	69.00	109.18	108.07	113.71	39.33
	131.99	111.38	174.85	116.18	43.12
	10.01	112.87	21.99	113.14	11.98
	252.02	113.12	283.02	115.32	31.08
	26.99	114.08	40.00	114.99	13.05
	72.01	114.31	105.97	117.18	34.08
	134.02	115.22	167.00	118.32	33.13
	74.00	118.11	86.85	119.16	12.89
	203.02	117.91	218.91	119.25	15.95
	318.10	118.33	357.00	122.39	39.10
	136.06	119.75	167.89	122.85	31.98
	195.90	121.30	223.98	123.24	28.15
	252.93	122.70	291.05	126.59	38.32
	137.98	123.38	144.02	123.74	6.06
	360.00	123.01	393.01	124.92	33.06
	155.07	124.85	160.91	125.19	5.85
	197.88	125.61	228.01	127.94	30.22
	254.00	126.04	290.03	128.77	36.14
	309.96	127.35	314.96	128.12	5.06
	8.92	128.72	22.00	130.05	13.14
	198.47	159.03	206.90	159.69	8.46
	200.01	129.61	206.65	130.41	6.69
	255.91	130.74	284.83	133.16	29.02
	333.88	130.22	346.08	131.96	12.33
	215.02	130.89	222.86	131.27	7.85
	309.97	131.20	343.13	134.78	33.34
	359.96	132.18	393.99	135.04	34.15
	73.97	134.40	85.06	134.80	11.10
	272.99	135.11	281.84	136.36	8.94
	312.90	135.54	339.95	138.14	27.17
	360.97	135.21	393.00	137.99	32.14
	312.96	138.88	320.02	139.98	7.14
	138.00	139.96	145.00	140.72	7.04
	326.98	140.22	334.13	140.88	7.18
	363.00	140.00	388.91	142.27	26.01
	154.00	140.91	161.03	141.79	7.09
	377.97	144.37	385.79	145.41	7.89
	199.89	144.67	206.03	145.53	6.21
	214.00	146.10	222.00	147.00	8.05
	9.01	146.53	17.98	147.11	8.99
	213.07	161.83	220.01	162.40	6.96
	258.01	148.96	268.00	149.99	10.05
	8.99	151.72	22.87	152.48	13.90
	314.00	154.01	319.09	154.24	5.09
	74.00	158.02	83.93	159.02	9.98
	90.98	159.10	101.97	159.27	10.98
	159.02	160.43	164.98	160.60	5.96
	10.02	161.49	20.14	161.59	10.12
	138.81	162.67	149.00	163.01	10.19
	10.92	165.47	18.93	166.41	8.06
	200.01	166.72	209.00	166.86	8.99
	211.10	167.18	226.19	167.81	15.11
	14.98	169.73	21.07	170.43	6.13
	26.01	169.78	34.01	169.94	7.99
	258.96	170.16	268.00	170.22	9.03
	273.00	171.02	282.01	171.93	9.05
	328.05	175.78	335.98	176.08	7.94
	214.00	183.03	224.00	183.07	10.01
	259.00	185.01	267.99	186.06	9.05
	75.02	185.85	80.95	186.33	5.95
	13.02	186.80	20.98	186.85	7.96
	272.96	186.66	282.94	187.50	10.02
	5.94	190.88	57.00	193.70	51.14
	62.00	192.73	118.99	197.12	57.16
	137.96	193.17	143.99	193.85	6.07
	365.06	193.71	375.02	193.67	9.96
	69.00	198.86	116.98	199.98	47.99
	153.80	194.39	159.01	194.96	5.24
	7.88	195.74	48.98	197.57	41.14
	125.97	196.94	178.91	200.54	53.06
	200.11	196.55	208.11	197.35	8.03
	129.02	201.87	166.00	203.88	37.04
	189.00	200.26	240.01	203.85	51.13
	193.01	205.93	238.65	206.69	45.65
	247.00	203.92	295.89	207.30	49.01
	250.98	209.31	294.55	209.59	43.57
	304.99	207.04	350.00	210.02	45.10
	308.01	212.89	347.87	213.80	39.87
	356.00	210.19	396.98	212.84	41.07
	359.96	215.32	395.00	217.33	35.11
	396.03	245.28	344.98	242.48	51.13
	39.97	224.13	49.96	225.06	10.04
	70.03	226.16	77.99	226.44	7.97
	9.00	230.04	56.00	231.63	47.03
	80.01	227.26	93.00	227.22	12.99
	9.95	228.43	31.99	229.35	22.06
	56.91	230.43	115.00	235.24	58.29
	146.03	236.37	191.02	236.25	44.99
	128.99	228.94	137.00	229.05	8.01
	34.06	231.31	53.00	232.50	18.97
	75.03	232.41	93.03	233.40	18.02
	33.04	233.27	39.03	233.30	5.99
	64.01	232.87	74.02	233.11	10.01
	249.09	234.68	258.97	234.43	9.88
	65.99	235.26	81.02	235.51	15.04
	83.03	236.30	100.03	236.27	17.00
	128.00	235.93	142.01	235.77	14.00
	171.04	237.27	179.04	237.54	8.01
	211.01	238.80	241.98	238.35	30.97
	192.04	238.10	201.02	238.81	9.01
	246.01	237.78	298.93	240.52	52.99
	157.02	239.37	173.03	239.38	16.01
	226.02	239.28	237.01	239.81	11.00
	303.03	240.35	341.99	242.40	39.01
	212.02	241.29	224.04	241.38	12.02
	284.04	241.25	291.02	241.56	6.99
	260.04	243.28	280.03	243.40	19.99
	285.02	244.29	290.03	244.29	5.01
	7.85	247.67	28.95	248.51	21.11
	367.00	247.31	393.05	247.27	26.04
	39.04	248.34	45.97	248.40	6.93
	311.04	261.46	346.00	262.57	34.98
	8.01	250.43	48.98	251.34	40.98
	77.00	250.07	87.96	250.25	10.96
	67.97	252.19	108.01	254.28	40.09
	133.98	254.34	174.02	257.35	40.15
	219.98	254.53	225.95	254.68	5.97
	200.99	258.70	234.01	258.77	33.02
	270.03	256.45	275.99	256.53	5.97
	6.97	258.13	42.98	259.35	36.03
	256.91	258.71	290.00	261.48	33.21
	44.01	340.39	56.00	341.03	12.01
	10.03	261.49	23.01	262.16	13.00
	27.98	262.44	39.00	263.08	11.04
	136.07	262.91	167.98	263.74	31.92
	74.04	263.49	103.95	264.27	29.92
	361.96	262.77	394.00	265.02	32.12
	199.10	264.43	228.98	265.14	29.89
	138.99	266.16	149.00	266.29	10.01
	261.01	266.71	285.96	267.38	24.96
	314.03	267.86	339.96	268.80	25.96
	364.71	269.33	390.03	270.24	25.34
	272.04	270.14	279.00	270.00	6.97
	315.01	271.57	320.03	271.72	5.02
	328.00	271.95	334.92	272.10	6.92
	378.97	273.26	385.14	273.80	6.19
	12.00	279.63	21.99	280.11	10.00
	155.00	282.85	164.01	283.07	9.01
	201.05	283.76	207.01	283.80	5.97
	215.99	284.13	223.03	284.67	7.06
	208.14	291.82	200.99	291.84	7.15
	258.86	285.22	264.07	285.40	5.21
	273.00	285.13	279.01	285.51	6.02
	314.79	286.41	319.99	286.32	5.20
	329.00	286.71	334.02	286.61	5.02
	379.00	287.99	384.87	288.44	5.89
	27.82	295.36	39.18	295.51	11.36
	156.00	298.16	164.00	298.03	8.00
	366.03	302.29	375.94	302.82	9.93
	19.05	299.69	29.98	300.35	10.95
	8.91	299.54	15.95	299.65	7.04
	324.96	301.81	315.04	301.82	9.92
	28.05	302.54	34.02	302.54	5.97
	161.01	302.19	167.03	302.33	6.02
	25.90	319.03	40.00	319.98	14.13
	201.01	302.78	213.02	302.77	12.01
	264.00	305.08	279.01	305.95	15.03
	154.98	305.24	163.99	304.76	9.02
	315.01	306.88	320.95	307.21	5.95
	366.03	307.73	371.84	308.19	5.84
	379.07	307.86	387.05	307.71	7.98
	134.89	340.27	127.00	340.80	7.91
	9.99	320.16	21.93	320.44	11.95
	139.00	321.01	149.93	321.77	10.95
	153.98	321.90	164.98	321.72	11.00
	365.99	322.68	371.00	322.97	5.02
	28.02	336.24	37.78	335.63	9.78
	91.05	336.30	98.01	336.12	6.96
	378.00	341.05	399.01	340.42	21.02
	61.01	340.44	102.99	341.08	41.99
	198.99	340.94	240.74	340.39	41.75
	248.04	340.63	296.93	340.59	48.88
	304.94	340.89	350.93	340.66	45.99
	357.09	340.28	372.00	340.48	14.91
	70.01	345.88	116.21	344.15	46.23
	130.01	345.47	178.96	343.97	48.97
	137.02	341.24	169.01	340.90	31.99
	7.01	342.13	42.97	341.61	35.96
	192.97	345.21	239.02	344.02	46.06
	250.99	345.09	295.74	343.81	44.78
	308.01	344.96	348.41	346.47	40.44
	53.84	343.82	8.01	346.26	45.90
	365.99	345.02	386.01	344.60	20.03
	323.07	347.75	345.00	348.08	21.93
	301.17	376.48	397.00	375.91	95.83
	37.00	376.86	49.92	377.23	12.93
	195.01	379.21	298.98	377.18	103.99
	59.01	380.68	180.94	379.37	121.94
	304.08	381.79	346.05	380.74	41.98
	355.95	379.77	397.06	379.71	41.11
	190.99	383.89	238.70	382.76	47.73
	248.90	382.37	293.80	381.50	44.91
	6.12	383.87	48.00	381.86	41.93
	129.02	385.33	173.06	383.36	44.09
	111.07	384.31	64.05	386.22	47.06
	47.10	386.36	6.97	387.81	40.15
	203.05	398.93	211.10	398.73	8.06
	319.96	399.60	327.04	399.65	7.08
	190.18	401.76	232.94	400.79	42.77
	249.80	400.79	288.96	401.38	39.17
	84.06	403.36	110.75	404.18	26.70
	9.00	403.99	40.03	403.52	31.04
	128.99	404.07	137.00	404.04	8.02
	218.07	404.62	225.96	404.40	7.90
	366.06	404.59	391.38	404.49	25.32
	65.97	406.51	102.93	404.62	37.01
	312.13	406.18	340.84	405.44	28.72
	277.07	407.58	284.84	407.27	7.77
	45.87	408.48	38.98	408.53	6.89
	67.95	409.44	73.94	409.67	6.00
	205.00	409.51	227.06	409.30	22.06
	137.04	411.48	166.84	412.10	29.80
	271.21	411.44	278.00	410.79	6.82
	219.97	412.39	213.02	412.89	6.97
	198.00	413.11	204.00	412.95	6.00
	7.75	415.32	40.02	414.95	32.27
	101.98	415.50	72.03	416.61	29.97
	136.19	415.42	147.00	415.02	10.82
	24.00	419.00	35.08	418.44	11.09
	6.94	419.78	17.96	419.36	11.02
	198.02	421.07	204.97	420.48	6.97
	381.00	420.23	388.03	420.34	7.03
	330.00	422.51	337.01	422.43	7.01
	271.99	424.79	278.03	424.38	6.05
	258.00	425.03	263.00	424.83	5.01
	212.00	427.02	219.00	427.03	7.00
	197.99	428.44	204.00	428.26	6.01
	151.96	429.31	162.00	429.07	10.05
	22.97	434.76	35.97	434.21	13.01
	8.02	435.44	18.04	435.38	10.02
	312.94	437.88	320.08	437.34	7.15
	257.05	439.33	282.99	438.90	25.94
	210.98	442.66	220.05	442.41	9.08
	152.98	443.85	161.98	443.26	9.03
	197.00	443.02	205.04	443.20	8.04
	136.17	444.29	144.83	444.29	8.66
	212.00	446.91	225.86	446.19	13.88
	256.08	445.50	262.99	444.76	6.95
	146.00	450.43	135.84	451.38	10.20
	152.01	450.19	161.97	449.76	9.96
	6.98	451.11	13.95	450.50	7.00
	15.85	451.56	37.96	450.94	22.12
	369.00	453.52	375.99	453.45	7.00
	329.94	455.43	337.00	455.05	7.07
	23.03	457.06	35.06	456.26	12.06
	6.98	457.41	18.02	457.26	11.04
	271.99	458.89	278.01	458.54	6.03
	136.00	465.94	145.95	465.58	9.96
	152.00	465.14	162.03	464.68	10.04
	161.04	481.63	347.00	471.94	186.21
	21.96	472.90	35.01	471.82	13.09
	7.00	473.47	16.03	473.15	9.03
	322.00	478.84	334.00	478.04	12.03
	314.03	479.15	320.01	479.02	5.98
	76.10	484.51	86.99	484.17	10.90
	24.02	491.43	134.98	483.86	111.21
	204.94	486.11	216.96	484.87	12.08
	218.89	485.28	230.98	484.74	12.10
	154.26	489.63	185.04	486.44	30.94
	293.04	494.48	278.00	495.12	15.05
	4.14	495.20	188.00	494.71	183.86
	218.01	495.67	245.01	494.31	27.04
	380.05	494.16	373.01	494.85	7.07
	33.88	508.25	40.08	507.80	6.22
