vx	vy	vz	score	numLines
-0.99253364	-0.12197016	-0.00051051	3787.90	334
-0.01036317	0.99994630	-0.00002453	3389.61	198
-0.99418028	0.10772846	0.00039437	1917.26	319

nLines	x1	y1	x2	y2	length
334
	130.95	3.42	135.97	3.91	5.04
	68.05	3.68	78.98	4.61	10.97
	272.11	3.58	448.99	28.95	178.69
	300.00	3.55	322.02	6.89	22.27
	335.02	4.27	436.02	17.80	101.90
	45.11	4.69	74.98	8.29	30.09
	243.99	4.92	249.13	5.44	5.16
	327.04	7.45	348.14	9.62	21.21
	404.81	10.33	428.15	13.68	23.58
	50.00	10.85	60.02	12.10	10.10
	206.03	10.94	211.95	12.08	6.04
	63.04	11.93	71.57	12.49	8.55
	357.06	11.67	372.19	13.36	15.22
	93.00	13.17	105.00	13.99	12.03
	374.10	13.29	384.00	15.01	10.04
	613.08	13.22	618.35	14.09	5.35
	85.01	13.91	92.00	14.78	7.04
	415.04	19.49	441.02	22.86	26.19
	253.95	23.46	265.00	25.52	11.23
	455.03	27.32	461.15	28.38	6.21
	484.92	27.70	493.09	28.62	8.23
	164.43	29.48	170.02	30.10	5.62
	505.88	30.13	512.04	30.86	6.21
	52.01	32.20	57.00	33.01	5.06
	224.00	32.02	233.06	33.56	9.19
	43.99	34.72	51.03	35.24	7.06
	361.89	34.59	368.21	35.57	6.39
	53.07	35.20	62.00	35.91	8.96
	94.00	40.41	87.98	39.93	6.04
	254.85	35.27	281.82	40.29	27.43
	481.89	35.65	487.01	36.09	5.14
	223.00	36.96	238.00	38.95	15.13
	533.04	38.61	545.95	39.63	12.95
	3.98	40.29	11.99	40.92	8.03
	45.05	39.78	60.00	40.94	15.00
	285.00	40.06	302.01	42.86	17.23
	265.97	41.06	278.00	43.14	12.21
	384.02	41.10	393.15	42.74	9.27
	135.67	50.81	129.00	50.51	6.68
	256.97	42.90	265.87	43.65	8.93
	316.04	45.07	332.92	47.30	17.03
	290.02	45.71	305.99	47.70	16.10
	514.04	47.60	531.94	50.14	18.08
	338.94	48.26	366.99	51.71	28.26
	628.96	48.92	633.96	49.63	5.06
	387.98	52.29	398.03	52.85	10.07
	350.12	53.65	370.05	54.82	19.96
	379.09	53.24	391.08	55.48	12.19
	531.96	55.57	548.04	57.40	16.18
	362.45	58.30	368.01	59.01	5.60
	439.00	62.77	455.24	63.62	16.26
	20.07	60.15	32.93	62.03	13.00
	394.00	60.01	404.92	61.56	11.02
	613.01	62.10	606.32	61.36	6.73
	32.97	65.93	21.00	65.64	11.97
	60.80	62.88	69.01	63.84	8.26
	229.36	65.58	236.95	65.84	7.59
	583.19	65.38	589.99	66.40	6.87
	418.01	66.63	425.26	67.67	7.33
	469.95	66.70	475.80	67.57	5.91
	491.06	66.35	497.11	67.29	6.12
	98.12	71.64	104.98	72.12	6.88
	464.05	74.75	469.97	75.10	5.94
	222.05	78.08	238.01	79.97	16.07
	440.02	83.39	447.97	83.75	7.96
	224.00	83.51	237.98	84.37	14.00
	256.01	84.69	266.00	86.03	10.08
	286.02	85.77	301.00	86.45	15.00
	349.01	91.13	354.99	91.64	6.01
	453.01	92.23	461.35	92.51	8.34
	358.01	92.02	369.21	92.47	11.21
	506.98	94.56	513.76	95.37	6.83
	453.00	94.67	461.00	95.00	8.01
	130.51	96.74	135.99	96.91	5.48
	356.99	96.30	369.02	97.23	12.07
	164.95	101.26	169.98	101.88	5.07
	624.05	102.76	633.89	103.68	9.88
	201.09	104.49	206.98	104.88	5.90
	254.03	123.24	248.99	123.01	5.04
	126.95	107.43	132.91	107.47	5.95
	89.00	109.10	96.01	109.50	7.02
	404.91	113.86	399.82	113.29	5.12
	94.99	110.87	104.97	111.69	10.02
	297.03	113.88	302.92	114.11	5.89
	186.02	116.92	194.07	117.72	8.09
	15.00	122.01	31.01	122.47	16.02
	154.93	122.27	160.15	122.51	5.23
	558.01	126.14	546.96	125.89	11.06
	223.96	123.90	237.92	124.61	13.98
	529.12	125.81	534.23	126.29	5.13
	46.08	127.17	57.01	128.51	11.01
	98.10	127.54	105.01	128.36	6.95
	172.98	127.52	180.10	128.11	7.15
	547.87	146.08	556.66	146.92	8.82
	12.01	128.71	44.01	131.75	32.15
	70.97	128.93	76.08	129.37	5.13
	187.03	130.32	239.04	130.86	52.01
	243.00	134.04	253.02	134.69	10.04
	311.01	132.02	331.00	131.99	19.99
	97.14	133.77	112.00	135.33	14.94
	244.00	132.00	298.93	135.49	55.04
	469.05	131.53	476.96	131.94	7.92
	46.02	132.55	93.95	134.46	47.97
	359.02	134.47	369.72	134.54	10.71
	617.04	134.08	626.17	135.23	9.21
	187.01	135.23	212.82	135.52	25.82
	16.97	137.13	47.03	138.84	30.12
	283.21	137.41	322.01	140.74	38.94
	218.97	139.61	255.02	141.67	36.11
	328.92	141.61	371.02	143.01	42.12
	264.99	143.02	272.09	143.35	7.11
	273.96	143.29	309.17	147.20	35.43
	310.92	145.61	321.00	145.85	10.09
	413.06	152.64	392.98	151.11	20.14
	572.00	146.02	586.01	146.47	14.02
	331.04	146.42	383.00	150.47	52.12
	434.98	148.23	441.00	148.57	6.02
	257.00	153.99	268.03	155.11	11.08
	316.00	167.54	332.99	168.21	17.00
	147.97	157.44	156.08	158.19	8.15
	323.05	157.13	332.03	158.16	9.04
	59.98	158.58	65.92	159.18	5.97
	258.83	158.56	263.97	158.84	5.15
	474.03	161.31	479.04	161.70	5.03
	516.05	162.14	525.94	162.78	9.92
	254.95	163.41	271.01	163.98	16.06
	142.99	165.08	164.96	164.53	21.98
	575.02	164.66	587.87	165.43	12.87
	136.00	165.85	150.12	167.30	14.19
	568.01	169.18	584.91	170.28	16.94
	624.95	169.78	633.98	169.76	9.03
	27.98	171.13	35.02	171.42	7.04
	259.07	170.72	280.09	171.54	21.04
	38.00	171.56	77.86	173.61	39.91
	5.26	173.37	10.83	173.68	5.58
	42.00	175.93	49.12	176.29	7.12
	57.03	176.51	70.04	176.64	13.01
	559.01	176.95	566.02	177.03	7.01
	489.02	179.33	500.06	179.72	11.05
	581.03	194.55	588.97	195.13	7.96
	524.87	197.30	542.96	196.65	18.10
	559.02	197.31	566.04	197.20	7.02
	152.19	198.17	157.91	198.19	5.72
	463.89	199.69	488.97	199.07	25.09
	103.95	200.76	109.02	201.14	5.09
	525.93	204.14	533.90	204.49	7.98
	628.97	204.78	633.99	205.21	5.04
	466.00	205.86	473.06	205.56	7.07
	572.02	205.85	577.99	205.83	5.97
	464.05	211.12	479.12	211.28	15.07
	563.01	211.92	594.76	212.56	31.76
	81.14	213.50	90.02	213.50	8.88
	481.37	217.64	489.00	218.06	7.65
	27.10	222.74	21.05	222.75	6.05
	152.99	219.18	168.99	218.85	16.00
	595.00	220.56	613.01	220.62	18.01
	455.01	221.09	460.98	220.88	5.98
	565.96	222.23	586.05	221.10	20.12
	563.96	225.75	588.04	226.44	24.08
	628.98	225.62	634.03	225.64	5.05
	593.07	231.30	587.02	231.56	6.06
	473.00	230.95	481.11	231.44	8.13
	455.93	231.94	468.00	232.06	12.07
	563.00	231.97	574.89	232.43	11.90
	104.01	233.04	109.02	232.95	5.01
	532.01	234.17	541.03	234.53	9.03
	579.96	235.80	585.07	235.86	5.11
	573.87	240.56	586.02	241.09	12.16
	475.04	241.45	488.02	242.10	12.99
	152.93	241.72	158.06	241.53	5.13
	533.01	241.91	559.98	242.15	26.97
	561.71	247.74	585.00	247.10	23.29
	586.86	246.68	592.97	246.83	6.11
	595.27	246.38	603.00	246.04	7.73
	567.95	251.15	604.00	250.99	36.05
	413.10	253.72	421.14	253.55	8.04
	574.82	256.42	579.91	256.45	5.09
	60.99	259.06	68.01	259.09	7.01
	125.94	259.89	132.01	259.96	6.07
	456.00	259.01	469.97	258.90	13.97
	539.92	262.17	559.91	262.27	19.99
	45.01	263.22	76.99	264.70	32.01
	540.05	266.51	633.98	263.25	93.99
	159.00	265.81	175.00	266.00	16.00
	455.00	266.87	480.83	266.38	25.83
	50.07	269.58	78.00	268.91	27.94
	83.78	269.31	95.00	269.10	11.22
	406.91	269.70	425.98	269.68	19.08
	431.00	269.90	451.00	270.00	20.00
	140.02	272.95	190.99	272.71	50.97
	623.03	273.02	633.99	272.26	10.99
	556.96	273.75	568.95	273.61	11.99
	580.99	273.09	615.01	272.86	34.02
	83.92	278.94	65.01	278.03	18.93
	398.01	278.66	451.98	277.45	53.98
	504.01	280.04	510.73	279.53	6.74
	555.02	279.93	620.95	279.59	65.93
	34.01	281.80	54.03	280.74	20.05
	4.00	284.52	31.99	283.11	28.02
	32.79	289.74	3.99	291.49	28.86
	545.12	284.31	551.02	284.34	5.90
	565.00	286.92	584.85	287.21	19.85
	537.86	288.39	543.06	288.56	5.20
	546.03	293.12	564.69	291.48	18.73
	132.12	290.50	140.02	289.95	7.92
	148.91	291.39	161.09	291.63	12.19
	165.96	292.51	171.05	292.10	5.11
	627.98	293.12	633.98	292.63	6.01
	41.01	295.60	55.94	294.73	14.95
	434.00	294.78	447.00	294.00	13.02
	418.18	296.24	424.00	295.91	5.83
	10.03	295.73	18.06	295.67	8.03
	553.98	296.96	563.96	295.84	10.04
	154.01	300.26	171.02	298.75	17.07
	35.98	297.57	63.06	297.65	27.08
	398.99	299.45	422.16	298.58	23.19
	12.95	302.24	27.93	301.18	15.01
	602.10	305.85	609.75	305.55	7.66
	616.01	300.96	627.02	300.77	11.01
	397.99	304.82	423.00	302.02	25.16
	586.05	302.05	595.00	302.07	8.95
	19.01	307.07	39.98	306.88	20.98
	117.99	306.18	125.01	306.32	7.01
	128.97	306.17	136.06	306.29	7.09
	618.96	307.15	627.17	306.45	8.24
	628.96	305.92	633.99	305.99	5.04
	454.99	306.93	463.93	306.87	8.94
	572.01	310.82	609.99	311.06	37.98
	625.73	310.80	633.97	310.68	8.24
	490.00	313.63	527.96	311.74	38.01
	144.90	312.70	166.02	313.04	21.13
	556.09	313.29	548.20	313.71	7.90
	479.03	318.73	538.01	316.02	59.04
	592.97	316.76	634.02	316.54	41.04
	92.20	317.81	103.00	317.11	10.82
	431.00	318.16	473.94	318.84	42.95
	540.09	316.86	550.02	316.75	9.93
	557.01	317.09	586.93	317.26	29.93
	45.98	319.62	83.07	319.30	37.10
	456.07	322.36	469.02	320.96	13.03
	526.97	321.39	531.99	320.78	5.06
	564.00	320.19	572.98	320.10	8.98
	587.02	321.32	613.00	319.83	26.02
	38.06	321.80	44.02	321.94	5.96
	164.05	322.88	172.83	322.61	8.79
	614.01	323.11	620.00	323.03	5.99
	399.00	326.03	456.02	325.64	57.02
	568.01	326.45	588.01	326.15	20.00
	77.19	328.37	100.13	328.33	22.93
	518.93	329.19	541.93	328.69	23.00
	101.00	334.25	141.05	331.61	40.13
	180.00	334.01	199.01	331.74	19.14
	405.00	330.44	413.03	329.83	8.05
	457.99	333.34	480.00	330.66	22.18
	160.04	333.11	166.05	332.59	6.03
	50.02	334.28	75.93	333.86	25.92
	400.04	335.32	432.00	333.28	32.02
	137.02	334.42	130.06	335.19	7.01
	407.16	338.55	456.99	333.75	50.06
	104.05	336.70	113.04	336.57	8.99
	473.09	337.37	482.90	336.66	9.84
	400.01	338.60	405.90	338.33	5.89
	4.02	342.07	38.17	339.24	34.26
	432.99	339.85	440.05	339.62	7.06
	508.00	339.98	533.03	339.70	25.03
	41.02	345.42	59.63	344.11	18.65
	76.91	344.34	90.03	343.30	13.16
	121.99	347.66	154.03	347.89	32.05
	190.92	347.44	184.99	347.91	5.95
	39.96	347.70	48.90	347.53	8.94
	490.94	349.29	525.95	348.13	35.03
	73.95	352.10	84.05	351.30	10.13
	121.97	352.92	138.96	352.93	16.99
	180.01	354.23	92.03	361.21	88.26
	511.03	352.45	518.99	352.03	7.98
	578.01	353.54	596.00	352.02	18.05
	201.98	355.27	175.97	358.24	26.18
	585.04	356.26	601.04	355.57	16.02
	66.86	356.44	57.00	357.12	9.88
	548.13	358.55	564.05	356.73	16.02
	622.97	357.94	628.97	357.22	6.04
	415.99	358.92	431.00	358.63	15.01
	532.01	359.37	546.10	358.50	14.12
	151.01	360.33	158.99	359.89	7.99
	512.04	362.61	531.11	360.60	19.18
	626.96	360.90	634.00	360.37	7.06
	111.83	362.48	150.00	361.64	38.17
	568.01	364.61	585.03	362.84	17.11
	41.94	363.58	70.92	361.85	29.04
	525.95	364.78	548.03	362.22	22.23
	74.34	364.51	110.09	362.72	35.79
	615.02	364.62	626.09	364.23	11.08
	4.01	367.11	38.01	365.13	34.06
	60.02	366.84	67.00	366.74	6.99
	532.98	369.49	553.01	367.98	20.09
	573.86	368.31	556.92	370.12	17.04
	570.29	374.42	612.85	367.88	43.06
	579.00	370.99	588.98	369.72	10.06
	608.99	370.92	621.24	369.71	12.32
	3.95	371.17	25.97	370.43	22.03
	26.98	371.62	40.99	370.96	14.03
	192.00	371.75	200.00	370.96	8.04
	40.96	384.54	60.03	382.54	19.17
	546.88	384.72	594.03	381.09	47.29
	512.09	385.60	520.95	384.86	8.89
	106.07	386.48	111.96	386.35	5.89
	176.02	387.36	169.96	388.28	6.13
	176.99	388.50	194.97	387.21	18.03
	538.17	396.46	556.13	393.56	18.19
	139.01	398.60	167.98	395.75	29.11
	605.92	396.86	612.01	395.94	6.16
	20.04	400.72	26.99	399.71	7.02
	176.95	399.82	3.89	414.67	173.69
	569.95	401.86	577.85	400.72	7.98
	4.02	411.47	78.00	403.00	74.47
	469.03	404.65	479.94	403.62	10.95
	490.02	405.61	500.99	404.25	11.06
	627.94	403.83	633.99	403.27	6.07
	591.05	406.59	597.99	406.03	6.95
	577.03	407.09	587.00	406.01	10.03
	601.94	407.26	616.15	405.89	14.27
	121.99	408.93	129.02	408.38	7.05
	132.03	410.09	154.03	407.70	22.13
	423.94	408.73	428.99	407.89	5.12
	105.98	413.20	118.93	412.14	12.99
	429.74	416.40	435.11	415.64	5.42
	127.05	417.40	121.00	417.87	6.07
	191.99	416.58	197.22	416.22	5.24
	223.98	419.36	237.88	417.74	13.99
	279.97	419.22	285.00	418.96	5.04
	78.70	420.28	84.95	419.85	6.26
	136.08	420.69	156.00	418.99	19.99
	169.12	419.73	178.03	418.92	8.95
	108.11	421.35	115.95	420.65	7.87
198
	18.63	4.03	18.75	21.99	17.96
	214.70	3.97	215.32	29.09	25.13
	220.36	3.97	221.03	65.99	62.02
	430.21	4.01	430.01	15.00	10.99
	435.54	4.00	435.00	13.00	9.02
	449.26	4.05	449.85	16.10	12.06
	112.58	4.98	111.78	32.00	27.04
	124.29	4.91	122.77	26.00	21.15
	76.63	8.87	75.71	122.93	114.06
	107.59	12.02	107.49	20.06	8.05
	49.69	33.79	49.57	13.51	20.28
	71.78	13.93	71.39	19.02	5.10
	580.81	16.05	580.53	23.95	7.91
	15.56	18.03	15.44	23.06	5.04
	34.13	18.00	34.69	59.03	41.04
	72.66	18.84	72.87	28.00	9.16
	81.89	22.04	80.06	116.03	94.00
	15.68	24.85	15.54	34.96	10.11
	18.40	27.01	18.20	82.01	55.00
	107.65	27.00	107.64	35.91	8.91
	612.71	28.93	612.86	38.00	9.08
	123.64	31.95	123.54	87.00	55.05
	558.25	31.93	558.11	41.92	9.99
	240.63	97.99	240.40	35.26	62.72
	112.11	35.00	110.15	91.97	57.00
	180.57	52.02	180.85	41.00	11.02
	215.19	38.98	215.31	45.04	6.06
	114.56	39.88	114.28	45.99	6.11
	609.42	42.07	609.07	47.97	5.92
	612.68	42.02	612.56	50.09	8.08
	308.79	43.93	308.31	104.90	60.97
	407.02	44.00	407.33	53.05	9.06
	160.89	45.02	160.98	56.00	10.99
	153.66	47.89	154.08	56.01	8.13
	169.53	48.06	169.47	58.01	9.95
	107.27	49.01	107.59	57.01	8.01
	269.36	49.25	267.83	92.00	42.78
	371.33	109.98	371.97	51.98	58.00
	141.98	51.00	142.91	91.01	40.02
	72.50	54.02	72.99	62.00	8.00
	317.28	56.13	317.52	64.18	8.05
	326.05	55.99	325.87	61.02	5.03
	44.98	57.98	42.84	118.87	60.92
	137.76	58.75	137.54	81.71	22.96
	335.07	57.99	333.57	85.01	27.07
	335.83	86.96	335.54	132.81	45.86
	429.85	57.93	429.51	113.98	56.05
	437.89	70.99	436.18	106.97	36.02
	149.03	64.97	149.77	123.97	59.01
	162.86	65.04	162.60	121.79	56.75
	171.96	66.01	172.24	71.14	5.14
	396.54	65.92	396.47	74.98	9.05
	257.03	66.99	256.02	83.00	16.04
	435.13	67.00	433.15	103.97	37.02
	34.81	68.02	34.66	106.01	37.99
	71.35	67.99	71.69	81.03	13.04
	505.14	67.97	503.92	129.84	61.88
	114.44	70.02	114.41	76.99	6.97
	54.80	113.03	54.69	74.00	39.02
	159.86	73.06	160.05	101.00	27.95
	153.64	71.92	154.27	82.94	11.04
	170.14	74.00	170.46	80.96	6.96
	346.72	75.10	345.23	98.95	23.90
	340.76	78.94	339.91	98.99	20.07
	396.13	136.96	395.38	114.03	22.94
	583.96	79.99	584.11	85.97	5.98
	322.48	81.99	321.55	108.10	26.13
	359.69	82.95	359.70	89.88	6.94
	611.15	86.26	610.93	92.91	6.66
	170.36	85.01	170.82	100.88	15.87
	18.03	86.01	17.66	113.06	27.06
	154.22	86.01	154.23	102.97	16.96
	71.74	86.97	71.66	96.91	9.93
	181.14	86.84	180.81	99.96	13.12
	255.91	87.01	255.19	103.04	16.05
	386.64	86.99	388.95	122.02	35.11
	451.45	87.18	450.83	141.01	53.84
	259.01	88.00	258.82	101.98	13.99
	442.22	87.96	442.58	119.96	32.00
	216.09	88.98	215.85	102.95	13.98
	399.68	88.97	400.78	104.98	16.05
	476.87	99.06	476.52	111.00	11.95
	123.99	91.00	121.45	130.54	39.62
	222.04	91.02	222.45	108.06	17.04
	383.65	90.97	383.82	96.00	5.04
	324.75	92.75	325.15	101.95	9.20
	112.44	93.10	111.92	120.00	26.91
	174.38	92.96	174.40	99.98	7.02
	576.68	95.20	577.18	102.00	6.82
	383.89	99.00	383.34	113.70	14.71
	32.02	101.02	31.57	106.96	5.96
	143.91	101.02	143.80	129.04	28.02
	555.99	101.00	556.85	113.98	13.01
	241.70	105.02	240.82	129.02	24.02
	180.75	103.21	180.00	123.00	19.81
	325.34	103.19	324.84	122.98	19.80
	171.21	103.96	171.63	112.03	8.08
	174.42	120.98	174.65	104.06	16.93
	159.97	105.01	159.77	120.94	15.93
	255.02	105.00	255.46	122.52	17.53
	248.48	122.08	248.35	105.99	16.09
	258.62	107.05	258.40	122.55	15.51
	276.64	106.97	276.73	131.03	24.05
	153.82	110.00	153.87	121.01	11.01
	114.36	111.95	114.32	120.97	9.02
	315.04	112.00	314.07	128.03	16.05
	321.67	111.85	322.18	126.00	14.16
	340.73	111.96	341.38	133.02	21.07
	34.42	115.01	34.67	120.91	5.90
	371.27	115.01	371.54	134.99	19.98
	401.41	117.00	401.86	136.00	19.00
	383.76	118.00	383.58	131.84	13.85
	429.23	118.98	430.53	140.16	21.22
	331.53	120.18	331.66	128.00	7.81
	436.83	121.04	436.35	131.93	10.90
	440.59	121.08	440.71	135.63	14.56
	448.47	123.42	447.94	136.00	12.59
	377.30	125.99	377.12	131.00	5.01
	392.32	126.14	392.42	133.06	6.92
	547.42	127.94	547.77	145.05	17.11
	406.87	129.29	406.89	134.38	5.09
	505.86	131.05	504.86	194.99	63.95
	507.75	202.03	507.40	218.87	16.84
	47.86	139.17	48.56	153.03	13.88
	77.17	141.03	77.08	151.02	9.99
	273.00	143.55	272.69	151.82	8.28
	94.14	144.03	93.89	151.01	6.98
	479.00	146.49	479.21	152.83	6.35
	543.00	149.00	543.23	154.95	5.95
	124.42	152.97	124.17	158.94	5.98
	77.63	153.16	77.11	165.00	11.84
	93.04	155.02	93.02	171.01	15.99
	188.62	158.82	188.63	164.03	5.22
	217.75	158.96	217.99	164.00	5.04
	551.83	167.05	552.52	231.99	64.95
	114.17	165.03	112.80	257.99	92.97
	97.92	304.03	97.67	293.72	10.31
	123.52	174.83	123.67	167.03	7.81
	247.07	164.99	247.24	171.00	6.01
	314.36	167.98	313.93	179.01	11.04
	95.44	204.03	93.93	230.97	26.98
	39.12	175.99	38.96	214.00	38.01
	156.45	176.01	156.17	191.96	15.96
	124.05	177.00	124.22	240.92	63.91
	77.51	179.06	75.65	217.89	38.87
	60.88	179.99	60.99	185.00	5.00
	73.09	184.03	72.88	218.00	33.96
	69.95	224.00	72.00	262.00	38.06
	453.08	186.03	453.74	208.00	21.98
	49.16	187.01	49.30	196.95	9.94
	59.38	187.06	59.29	196.01	8.95
	617.46	187.60	619.19	256.01	68.43
	625.76	190.89	626.98	245.00	54.12
	55.42	198.19	54.55	215.99	17.82
	102.22	198.00	101.91	205.10	7.11
	151.24	263.96	150.85	207.00	56.96
	463.03	210.00	463.22	200.20	9.80
	49.16	200.01	49.24	215.93	15.92
	59.51	199.94	59.02	215.00	15.07
	489.87	200.05	490.17	208.06	8.01
	61.97	201.00	61.96	215.00	14.00
	68.00	203.19	67.44	213.99	10.81
	443.65	259.02	443.32	206.84	52.19
	157.84	205.08	157.98	217.00	11.92
	450.54	205.02	450.94	264.03	59.01
	46.09	208.00	46.05	215.01	7.00
	433.26	213.01	433.11	223.00	9.99
	77.02	219.98	77.99	264.00	44.03
	163.05	220.05	162.99	240.00	19.95
	48.01	221.00	47.71	238.02	17.02
	59.98	220.99	60.44	237.79	16.80
	157.95	221.01	158.18	240.08	19.07
	57.39	225.14	57.05	238.00	12.87
	43.78	225.99	43.34	237.03	11.05
	144.42	230.09	143.62	267.81	37.72
	401.12	233.00	403.00	267.01	34.05
	428.99	233.00	429.12	263.02	30.02
	437.51	233.05	437.58	240.06	7.01
	60.53	257.76	60.21	241.12	16.65
	432.83	239.03	433.55	250.01	10.99
	57.45	241.15	57.17	257.96	16.81
	43.86	242.01	44.30	257.09	15.09
	47.84	242.00	47.79	258.02	16.02
	158.17	243.14	159.03	261.00	17.88
	171.92	242.99	172.12	262.00	19.00
	162.74	244.02	162.28	261.98	17.97
	175.91	244.00	175.67	261.00	17.00
	437.20	243.98	436.59	260.30	16.34
	538.13	259.01	538.32	269.99	10.98
	123.89	247.99	123.78	265.01	17.02
	508.10	252.05	507.88	260.99	8.94
	617.02	253.01	616.61	261.07	8.07
	453.56	267.98	453.71	274.94	6.95
	516.51	282.18	516.95	273.97	8.22
	526.89	270.98	526.58	276.01	5.03
	128.95	275.02	128.84	287.01	11.99
	480.37	281.07	480.24	296.88	15.81
	123.80	285.93	123.51	292.79	6.87
319
	626.02	10.60	633.94	10.28	7.92
	258.01	18.01	251.99	18.96	6.09
	507.97	13.52	512.99	12.88	5.06
	528.95	16.00	538.88	14.78	10.00
	600.00	18.01	592.00	18.99	8.06
	514.00	17.03	520.01	16.35	6.05
	612.29	16.37	617.89	15.87	5.63
	156.98	21.93	167.02	20.92	10.09
	613.02	21.61	619.01	20.85	6.04
	86.01	23.66	95.02	22.42	9.10
	90.21	26.64	98.02	26.11	7.83
	561.78	27.53	569.95	26.91	8.20
	607.61	29.40	601.91	29.60	5.71
	85.02	32.43	98.96	31.57	13.97
	188.12	33.74	201.05	32.82	12.96
	214.00	36.46	200.02	37.04	14.00
	174.99	34.09	137.94	38.20	37.28
	451.98	37.23	461.07	36.16	9.15
	181.28	40.11	196.79	38.18	15.63
	505.97	45.89	510.98	45.38	5.04
	171.00	60.03	149.41	61.43	21.64
	598.03	49.45	589.85	49.64	8.18
	87.08	50.49	105.00	49.98	17.92
	330.99	50.03	340.99	49.92	10.00
	478.00	50.01	486.94	49.54	8.95
	205.64	53.35	212.96	52.57	7.37
	464.98	57.19	477.81	56.47	12.85
	3.99	56.86	14.99	55.98	11.03
	518.86	56.52	527.02	55.91	8.18
	606.20	59.52	613.95	59.17	7.76
	478.01	61.20	488.94	59.84	11.02
	4.01	64.50	14.00	63.71	10.02
	529.33	62.48	537.95	61.76	8.64
	625.78	63.50	634.09	62.44	8.38
	268.02	63.47	256.99	63.58	11.03
	203.92	65.87	210.76	65.46	6.85
	507.99	68.18	513.79	67.38	5.85
	152.10	66.17	161.05	64.85	9.05
	515.50	71.50	520.89	71.43	5.39
	460.88	71.26	468.08	70.81	7.22
	4.02	78.49	13.97	77.84	9.97
	180.99	80.96	214.68	78.38	33.79
	94.02	80.50	105.01	79.16	11.07
	214.94	82.96	182.02	85.22	33.00
	136.98	82.49	126.02	83.52	11.01
	93.00	85.76	107.17	83.84	14.30
	479.09	83.37	487.13	83.42	8.04
	573.02	86.05	579.87	85.76	6.85
	101.00	87.87	107.16	87.15	6.21
	125.90	88.43	137.00	88.05	11.10
	513.95	89.27	521.91	88.75	7.97
	4.04	93.47	13.97	92.76	9.96
	86.02	93.27	107.07	92.69	21.06
	522.00	95.24	528.03	94.83	6.04
	540.31	94.29	554.98	93.90	14.68
	202.02	98.91	195.84	99.34	6.19
	86.97	97.66	106.92	96.89	19.96
	416.80	98.80	426.98	98.15	10.21
	299.00	102.00	304.80	101.60	5.81
	611.97	101.18	630.06	99.51	18.16
	4.08	101.67	12.99	101.10	8.93
	84.98	102.11	94.00	102.03	9.02
	96.98	103.16	107.07	102.37	10.12
	156.00	103.64	162.00	103.29	6.01
	456.98	102.88	466.04	101.87	9.12
	469.01	102.54	474.94	102.18	5.94
	344.71	107.72	339.03	108.20	5.70
	6.01	105.49	13.01	104.57	7.05
	107.24	106.33	98.99	107.18	8.29
	126.95	107.43	132.91	107.47	5.95
	521.35	109.83	530.95	108.65	9.66
	5.98	113.78	13.98	113.36	8.01
	576.02	117.06	584.04	116.82	8.02
	513.01	119.18	521.99	118.34	9.02
	88.00	119.36	106.01	118.82	18.02
	430.84	140.93	448.02	139.43	17.25
	550.04	119.28	557.07	118.86	7.04
	612.18	119.41	620.00	118.97	7.84
	183.00	124.02	213.99	122.70	31.01
	150.01	125.82	177.98	123.68	28.05
	576.98	126.40	584.03	126.17	7.06
	244.06	128.10	265.95	127.23	21.91
	125.25	128.55	139.97	126.80	14.82
	623.09	130.21	613.78	130.37	9.31
	32.97	129.23	40.81	128.63	7.86
	187.03	130.32	239.04	130.86	52.01
	132.16	132.53	139.02	131.95	6.89
	311.01	132.02	331.00	131.99	19.99
	231.04	132.44	226.01	132.83	5.05
	135.01	137.21	184.97	133.66	50.09
	359.02	134.47	369.72	134.54	10.71
	187.01	135.23	212.82	135.52	25.82
	373.79	137.12	392.94	136.53	19.16
	404.91	139.23	422.01	139.03	17.09
	570.14	143.26	597.00	140.42	27.00
	379.00	143.45	372.98	144.04	6.05
	310.92	145.61	321.00	145.85	10.09
	546.92	149.55	556.88	149.21	9.96
	574.08	152.08	590.92	151.71	16.84
	292.01	151.14	297.27	150.64	5.28
	205.98	161.35	197.09	161.71	8.89
	564.99	162.94	588.99	160.69	24.10
	142.99	165.08	164.96	164.53	21.98
	448.13	164.73	457.15	164.48	9.03
	528.77	165.36	539.98	164.69	11.23
	597.01	169.44	611.81	168.59	14.83
	624.95	169.78	633.98	169.76	9.03
	486.14	172.49	496.01	171.93	9.89
	458.97	173.55	480.93	171.90	22.02
	521.98	175.38	530.02	174.66	8.08
	15.00	176.49	21.57	176.24	6.57
	573.96	176.20	588.00	175.00	14.09
	57.03	176.51	70.04	176.64	13.01
	559.01	176.95	566.02	177.03	7.01
	489.02	179.33	500.06	179.72	11.05
	616.00	185.18	623.01	184.88	7.01
	571.00	186.12	577.00	185.61	6.02
	524.87	197.30	542.96	196.65	18.10
	559.02	197.31	566.04	197.20	7.02
	60.02	198.73	66.99	198.11	7.00
	152.19	198.17	157.91	198.19	5.72
	463.89	199.69	488.97	199.07	25.09
	525.93	204.14	533.90	204.49	7.98
	466.00	205.86	473.06	205.56	7.07
	572.02	205.85	577.99	205.83	5.97
	464.05	211.12	479.12	211.28	15.07
	563.01	211.92	594.76	212.56	31.76
	81.14	213.50	90.02	213.50	8.88
	39.99	219.90	69.98	217.45	30.09
	27.10	222.74	21.05	222.75	6.05
	152.99	219.18	168.99	218.85	16.00
	595.00	220.56	613.01	220.62	18.01
	455.01	221.09	460.98	220.88	5.98
	565.96	222.23	586.05	221.10	20.12
	563.96	225.75	588.04	226.44	24.08
	628.98	225.62	634.03	225.64	5.05
	593.07	231.30	587.02	231.56	6.06
	455.93	231.94	468.00	232.06	12.07
	563.00	231.97	574.89	232.43	11.90
	104.01	233.04	109.02	232.95	5.01
	532.01	234.17	541.03	234.53	9.03
	579.96	235.80	585.07	235.86	5.11
	573.87	240.56	586.02	241.09	12.16
	475.04	241.45	488.02	242.10	12.99
	152.93	241.72	158.06	241.53	5.13
	533.01	241.91	559.98	242.15	26.97
	561.71	247.74	585.00	247.10	23.29
	586.86	246.68	592.97	246.83	6.11
	595.27	246.38	603.00	246.04	7.73
	567.95	251.15	604.00	250.99	36.05
	413.10	253.72	421.14	253.55	8.04
	574.82	256.42	579.91	256.45	5.09
	60.99	259.06	68.01	259.09	7.01
	125.94	259.89	132.01	259.96	6.07
	456.00	259.01	469.97	258.90	13.97
	539.92	262.17	559.91	262.27	19.99
	45.01	263.22	76.99	264.70	32.01
	540.05	266.51	633.98	263.25	93.99
	159.00	265.81	175.00	266.00	16.00
	455.00	266.87	480.83	266.38	25.83
	23.06	268.39	39.14	269.28	16.11
	50.07	269.58	78.00	268.91	27.94
	83.78	269.31	95.00	269.10	11.22
	406.91	269.70	425.98	269.68	19.08
	431.00	269.90	451.00	270.00	20.00
	140.02	272.95	190.99	272.71	50.97
	623.03	273.02	633.99	272.26	10.99
	556.96	273.75	568.95	273.61	11.99
	580.99	273.09	615.01	272.86	34.02
	83.92	278.94	65.01	278.03	18.93
	398.01	278.66	451.98	277.45	53.98
	555.02	279.93	620.95	279.59	65.93
	34.01	281.80	54.03	280.74	20.05
	4.00	284.52	31.99	283.11	28.02
	32.79	289.74	3.99	291.49	28.86
	545.12	284.31	551.02	284.34	5.90
	565.00	286.92	584.85	287.21	19.85
	537.86	288.39	543.06	288.56	5.20
	34.99	289.91	63.00	292.03	28.09
	148.91	291.39	161.09	291.63	12.19
	41.01	295.60	55.94	294.73	14.95
	434.00	294.78	447.00	294.00	13.02
	418.18	296.24	424.00	295.91	5.83
	10.03	295.73	18.06	295.67	8.03
	585.17	295.69	626.87	297.57	41.74
	436.00	298.01	445.01	298.57	9.04
	35.98	297.57	63.06	297.65	27.08
	398.99	299.45	422.16	298.58	23.19
	174.95	298.62	186.99	299.45	12.07
	47.98	301.35	58.92	301.80	10.96
	119.00	301.49	146.99	302.94	28.03
	547.04	302.12	532.22	301.62	14.83
	555.04	300.71	563.93	301.33	8.91
	602.10	305.85	609.75	305.55	7.66
	616.01	300.96	627.02	300.77	11.01
	594.12	305.79	587.05	305.63	7.06
	586.05	302.05	595.00	302.07	8.95
	458.12	303.25	464.37	303.57	6.26
	19.01	307.07	39.98	306.88	20.98
	117.99	306.18	125.01	306.32	7.01
	128.97	306.17	136.06	306.29	7.09
	576.96	305.88	584.07	306.33	7.12
	628.96	305.92	633.99	305.99	5.04
	454.99	306.93	463.93	306.87	8.94
	572.01	310.82	609.99	311.06	37.98
	625.73	310.80	633.97	310.68	8.24
	168.00	311.00	184.99	311.96	17.02
	490.00	313.63	527.96	311.74	38.01
	105.98	317.08	113.05	317.64	7.09
	126.01	312.33	133.07	312.72	7.07
	144.90	312.70	166.02	313.04	21.13
	556.09	313.29	548.20	313.71	7.90
	577.96	313.53	585.00	313.85	7.06
	479.03	318.73	538.01	316.02	59.04
	592.97	316.76	634.02	316.54	41.04
	431.00	318.16	473.94	318.84	42.95
	540.09	316.86	550.02	316.75	9.93
	557.01	317.09	586.93	317.26	29.93
	45.98	319.62	83.07	319.30	37.10
	564.00	320.19	572.98	320.10	8.98
	38.06	321.80	44.02	321.94	5.96
	164.05	322.88	172.83	322.61	8.79
	614.01	323.11	620.00	323.03	5.99
	537.06	325.61	553.04	326.40	15.99
	399.00	326.03	456.02	325.64	57.02
	568.01	326.45	588.01	326.15	20.00
	471.00	326.32	491.12	326.55	20.12
	615.86	325.51	625.99	325.87	10.14
	77.19	328.37	100.13	328.33	22.93
	518.93	329.19	541.93	328.69	23.00
	581.00	333.20	607.06	335.31	26.14
	50.02	334.28	75.93	333.86	25.92
	116.99	335.97	128.73	336.35	11.75
	512.95	335.12	518.92	335.34	5.97
	104.05	336.70	113.04	336.57	8.99
	400.01	338.60	405.90	338.33	5.89
	118.05	339.38	128.98	340.11	10.96
	432.99	339.85	440.05	339.62	7.06
	508.00	339.98	533.03	339.70	25.03
	63.03	342.94	75.02	343.31	12.00
	181.95	344.77	203.00	345.00	21.05
	56.08	345.86	77.01	346.98	20.96
	121.99	347.66	154.03	347.89	32.05
	625.97	345.91	632.17	346.34	6.21
	431.00	347.90	453.00	349.20	22.05
	39.96	347.70	48.90	347.53	8.94
	490.94	349.29	525.95	348.13	35.03
	528.03	348.18	538.00	348.12	9.97
	546.01	348.23	584.78	348.45	38.76
	587.19	347.53	598.96	348.31	11.79
	619.00	349.01	627.97	349.65	8.99
	413.01	350.67	435.00	350.91	21.99
	121.97	352.92	138.96	352.93	16.99
	520.99	351.69	557.68	351.60	36.70
	605.01	353.31	634.00	352.93	29.00
	514.97	353.61	521.00	353.96	6.05
	432.00	354.83	439.98	354.79	7.98
	585.04	356.26	601.04	355.57	16.02
	415.99	358.92	431.00	358.63	15.01
	111.83	362.48	150.00	361.64	38.17
	187.96	360.61	193.94	360.86	5.98
	615.02	364.62	626.09	364.23	11.08
	188.25	364.47	193.86	364.91	5.63
	60.02	366.84	67.00	366.74	6.99
	113.94	366.88	123.98	367.87	10.09
	590.37	365.51	604.98	366.15	14.62
	122.99	369.94	130.06	370.39	7.09
	625.99	375.38	633.98	375.41	7.99
	564.03	378.82	574.01	379.09	9.98
	594.99	380.45	618.83	382.55	23.93
	48.95	381.21	160.97	384.35	112.06
	18.06	383.48	31.11	384.30	13.08
	161.02	385.82	169.96	385.73	8.94
	524.43	385.97	538.98	387.51	14.64
	106.07	386.48	111.96	386.35	5.89
	608.02	389.25	624.00	389.81	16.00
	611.11	385.72	617.00	386.07	5.90
	604.02	387.46	585.00	388.00	19.03
	134.02	387.81	160.00	388.00	25.98
	521.04	388.60	547.00	390.01	26.00
	557.13	389.50	568.91	389.35	11.78
	626.00	388.99	634.02	389.52	8.04
	478.00	389.00	501.98	390.14	24.01
	568.00	390.75	616.04	392.70	48.08
	18.37	393.24	28.01	393.75	9.65
	68.04	393.12	76.02	393.88	8.02
	462.16	393.38	484.96	394.26	22.81
	567.00	392.99	576.96	393.51	9.97
	583.77	393.43	589.91	393.35	6.14
	126.91	393.72	132.97	393.93	6.06
	168.97	394.41	200.05	394.22	31.08
	529.39	393.66	536.75	394.35	7.39
	622.08	393.73	634.01	394.34	11.94
	179.00	398.69	199.09	399.44	20.10
	489.91	398.13	496.99	397.94	7.09
	537.80	399.43	526.05	399.10	11.76
	562.96	399.64	568.96	400.19	6.02
	79.00	402.80	120.96	402.34	41.97
	611.95	401.30	616.99	401.60	5.04
	531.00	405.04	517.96	405.11	13.04
	503.01	408.89	456.02	406.36	47.06
	621.09	402.73	626.13	403.22	5.06
	548.96	404.40	572.00	405.98	23.10
	549.97	409.40	607.97	411.88	58.05
	618.00	407.05	633.00	407.97	15.03
	507.03	408.50	550.06	410.75	43.09
	255.88	412.44	261.04	412.74	5.17
	560.96	411.52	572.97	412.18	12.03
	582.05	415.27	568.06	414.61	14.01
	616.00	411.69	633.96	412.36	17.97
	543.03	413.49	562.02	414.08	19.01
	582.98	412.89	598.03	413.91	15.08
	102.07	413.80	108.90	414.33	6.85
	310.98	414.58	316.72	415.05	5.76
	501.00	415.00	528.06	416.10	27.08
	330.94	415.82	339.12	416.16	8.19
	599.99	420.05	591.04	419.60	8.97
	200.43	419.43	207.77	419.58	7.34
	31.89	421.28	37.06	421.23	5.17
