vx	vy	vz	score	numLines
0.04582831	0.99893839	-0.00467592	3936.42	275
-0.81144025	-0.58443280	-0.00173782	1267.77	143
0.64199835	0.76670602	0.00007926	426.46	144

nLines	x1	y1	x2	y2	length
275
	452.23	3.49	460.02	6.95	8.52
	491.27	3.43	503.00	8.57	12.80
	345.23	3.60	354.07	8.37	10.05
	376.24	3.54	387.00	9.57	12.33
	437.12	3.75	511.00	39.46	82.06
	358.92	11.08	399.26	34.55	46.67
	508.07	29.92	516.92	34.15	9.81
	506.52	32.44	517.23	37.46	11.83
	398.66	32.51	419.78	47.37	25.83
	432.01	33.96	443.04	39.82	12.49
	372.04	38.47	380.99	44.02	10.53
	435.16	39.84	443.10	44.46	9.19
	231.05	41.94	258.16	67.50	37.25
	432.07	43.81	442.01	50.45	11.95
	231.42	45.56	252.98	69.01	31.86
	225.42	52.54	257.07	88.93	48.23
	220.61	55.30	253.13	92.98	49.78
	365.91	69.62	388.90	85.11	27.72
	354.00	60.00	359.30	63.62	6.42
	364.92	60.10	372.13	64.86	8.64
	216.65	64.27	219.97	68.03	5.01
	353.94	72.30	348.26	67.87	7.20
	259.51	69.00	280.79	90.23	30.06
	254.34	70.68	263.69	81.32	14.17
	223.56	73.38	231.27	83.11	12.42
	348.41	82.61	354.71	87.36	7.88
	232.95	85.05	239.25	91.79	9.22
	44.55	110.01	50.50	163.06	53.39
	15.16	112.97	15.36	124.08	11.11
	307.94	118.67	377.00	190.97	99.99
	323.97	124.03	412.98	215.03	127.29
	279.11	163.92	348.98	257.02	116.40
	349.37	257.71	353.72	262.88	6.76
	378.41	150.07	391.74	163.22	18.73
	277.61	121.93	282.55	127.47	7.42
	285.06	129.98	294.02	140.99	14.20
	293.94	131.05	298.56	136.35	7.03
	390.45	132.47	401.28	140.76	13.63
	262.81	134.19	331.20	218.91	108.88
	330.10	135.93	334.15	139.78	5.58
	317.22	140.85	330.17	155.84	19.81
	282.84	143.15	290.00	152.00	11.39
	304.79	143.17	309.28	148.70	7.12
	25.09	143.98	25.71	151.00	7.05
	299.60	147.37	304.27	152.81	7.17
	117.07	198.99	108.01	165.00	35.17
	292.26	154.74	297.16	160.89	7.86
	289.88	157.77	294.22	162.81	6.65
	339.64	160.43	344.32	165.09	6.60
	143.48	162.96	146.97	172.01	9.70
	147.76	173.08	162.38	216.12	45.45
	299.20	162.84	308.33	174.74	14.99
	305.61	164.34	310.93	171.07	8.58
	222.83	185.17	232.68	203.30	20.63
	177.02	181.98	179.86	189.09	7.65
	317.73	179.23	321.41	184.06	6.07
	209.62	179.94	213.04	186.99	7.83
	358.05	179.96	369.23	192.12	16.52
	129.25	186.13	130.78	191.07	5.17
	354.42	182.36	393.27	225.77	58.26
	351.32	185.64	366.15	202.87	22.74
	170.04	187.97	174.94	201.03	13.95
	230.45	187.74	241.60	209.24	24.22
	334.04	188.94	355.44	212.43	31.77
	410.61	189.57	420.77	198.15	13.30
	344.43	190.66	350.38	197.63	9.16
	378.07	192.00	402.15	217.67	35.20
	183.20	194.13	197.60	227.95	36.76
	370.81	194.29	380.81	206.02	15.42
	141.35	196.87	144.93	209.02	12.67
	332.80	198.32	348.93	217.07	24.72
	330.69	199.92	356.02	233.98	42.45
	116.92	201.02	121.61	218.09	17.70
	410.20	200.77	446.50	241.50	54.56
	354.07	201.93	360.19	208.78	9.18
	211.86	209.06	225.88	239.06	33.12
	419.44	203.57	429.85	215.10	15.53
	328.02	205.98	352.26	236.77	39.19
	116.96	216.03	120.41	227.97	12.43
	248.30	209.60	251.49	214.69	6.01
	420.38	209.56	433.40	222.68	18.49
	101.22	210.84	104.57	222.07	11.72
	362.13	210.90	365.38	214.73	5.02
	163.24	219.15	167.87	231.04	12.76
	267.69	212.90	270.86	218.12	6.11
	110.22	214.98	112.96	224.01	9.43
	376.48	214.62	389.18	228.86	19.08
	159.91	222.18	161.72	227.14	5.28
	392.89	217.14	396.98	222.02	6.37
	417.59	217.35	437.16	235.62	26.77
	245.94	218.02	248.78	223.14	5.85
	331.64	221.37	369.70	269.23	61.15
	436.35	220.64	460.86	244.13	33.95
	282.62	222.31	298.11	242.27	25.27
	353.91	223.08	359.81	230.18	9.23
	375.71	223.28	392.80	242.17	25.48
	373.60	224.36	390.11	243.92	25.59
	98.04	225.00	103.82	250.09	25.74
	166.49	232.99	170.49	244.01	11.72
	246.38	225.76	258.13	243.69	21.44
	436.22	225.63	449.89	240.08	19.89
	251.03	227.90	267.51	253.99	30.85
	402.16	227.86	405.86	232.13	5.66
	105.89	229.05	109.84	243.03	14.53
	122.14	228.85	170.18	386.92	165.20
	275.22	232.64	279.93	239.06	7.96
	374.54	234.42	385.58	248.42	17.84
	270.50	237.99	285.76	262.12	28.55
	372.50	235.72	376.43	240.64	6.30
	243.82	238.14	248.96	247.02	10.26
	266.60	238.93	274.11	250.73	13.99
	218.13	239.89	227.58	259.97	22.19
	355.40	239.79	359.36	244.72	6.33
	368.27	250.76	374.96	259.02	10.63
	229.68	244.89	248.28	282.11	41.61
	278.70	240.95	285.98	253.01	14.09
	289.06	240.95	292.01	245.00	5.00
	342.94	242.05	348.54	249.59	9.38
	172.07	244.26	195.76	302.12	62.52
	283.68	244.29	289.40	254.40	11.62
	380.16	244.86	383.17	248.86	5.00
	455.30	244.69	470.20	260.81	21.95
	110.86	246.04	112.07	251.00	5.10
	203.58	245.94	207.23	254.10	8.94
	451.63	246.28	469.87	265.11	26.22
	253.53	247.00	256.46	252.06	5.84
	362.04	248.97	376.09	266.93	22.80
	407.96	250.03	411.84	254.21	5.70
	252.20	253.15	260.98	269.01	18.13
	296.36	251.39	309.03	270.97	23.32
	465.01	251.00	470.81	256.15	7.76
	475.10	251.91	484.77	262.25	14.16
	401.58	253.30	411.12	263.86	14.23
	306.03	254.97	314.34	266.52	14.23
	105.03	254.99	112.82	292.04	37.86
	208.52	255.01	220.55	277.16	25.21
	271.84	261.10	280.77	277.34	18.54
	293.00	259.00	297.28	266.11	8.30
	121.93	260.00	126.01	275.00	15.54
	249.20	259.91	253.68	268.89	10.04
	262.18	271.58	272.74	288.15	19.64
	129.35	262.03	133.41	276.00	14.55
	323.29	262.65	331.09	273.87	13.67
	287.48	266.44	305.96	295.27	34.25
	339.89	264.75	371.37	305.72	51.67
	205.77	266.13	209.08	272.95	7.58
	388.98	266.02	396.96	276.05	12.81
	231.03	266.98	237.41	281.03	15.43
	353.35	268.72	376.16	297.82	36.98
	494.20	268.88	509.02	284.96	21.87
	301.71	272.20	319.44	298.36	31.61
	474.84	270.22	479.85	275.15	7.03
	325.42	272.54	329.25	277.86	6.56
	134.02	278.98	137.70	293.94	15.40
	177.98	275.35	181.89	284.05	9.54
	340.14	275.23	346.65	284.34	11.20
	382.14	274.89	388.56	282.53	9.98
	311.51	275.80	321.19	288.69	16.12
	513.99	276.18	534.13	296.01	28.27
	207.21	276.83	209.97	282.15	6.00
	476.98	278.53	483.40	285.25	9.30
	117.92	279.03	121.65	293.07	14.53
	221.84	279.07	233.69	306.18	29.58
	281.93	278.64	289.83	291.09	14.75
	126.21	279.93	129.84	294.02	14.55
	512.05	279.95	518.17	285.90	8.54
	402.79	283.14	406.43	287.04	5.34
	239.91	284.16	250.94	308.03	26.30
	262.87	311.23	275.51	333.25	25.39
	419.95	283.72	423.65	288.65	6.16
	528.26	283.77	534.17	289.82	8.46
	186.76	288.32	190.90	300.05	12.44
	250.41	285.46	262.03	307.98	25.34
	210.57	285.99	219.02	304.99	20.79
	233.90	308.16	247.53	335.16	30.25
	170.74	286.91	175.54	301.01	14.89
	345.64	288.23	352.32	296.77	10.84
	176.04	288.98	179.47	299.18	10.76
	182.14	289.92	185.43	299.02	9.67
	276.56	311.69	266.78	290.58	23.26
	273.79	291.15	284.44	311.35	22.84
	224.90	294.79	229.45	305.37	11.52
	292.60	295.93	301.93	312.04	18.62
	472.05	294.44	476.39	298.65	6.05
	398.31	294.67	411.22	309.89	19.96
	411.79	295.28	417.53	302.98	9.61
	336.28	296.83	339.69	302.24	6.39
	307.86	299.09	316.71	314.20	17.51
	361.74	298.87	368.16	306.90	10.28
	344.60	299.94	347.36	304.11	5.00
	526.19	299.81	529.66	303.54	5.10
	320.53	301.33	340.57	331.34	36.08
	354.95	301.04	358.80	306.13	6.38
	195.83	304.18	226.28	377.16	79.08
	304.30	315.33	314.48	332.02	19.55
	124.64	303.04	131.60	333.98	31.71
	285.08	302.78	291.91	313.11	12.39
	317.38	302.75	327.33	316.44	16.92
	305.03	303.98	309.61	310.49	7.96
	379.06	305.96	383.61	311.92	7.51
	491.96	305.77	499.75	313.83	11.21
	354.53	308.47	363.24	319.75	14.25
	360.94	310.06	369.47	320.56	13.53
	222.51	310.65	231.26	334.06	24.99
	138.56	312.04	145.13	333.96	22.89
	286.05	313.87	297.28	332.15	21.45
	318.92	317.13	328.38	332.31	17.88
	143.37	312.89	148.66	333.95	21.71
	516.60	328.00	526.12	338.77	14.37
	254.68	313.93	263.86	334.07	22.13
	387.60	314.44	393.87	322.09	9.90
	495.72	315.17	499.46	319.02	5.36
	279.88	317.09	288.60	332.93	18.08
	315.39	319.74	322.22	332.84	14.77
	342.06	319.92	350.23	331.19	13.91
	125.50	320.93	129.44	335.25	14.85
	189.45	321.28	193.63	334.15	13.53
	351.12	320.88	357.72	331.12	12.19
	364.98	323.01	371.25	330.91	10.08
	360.60	324.94	364.67	331.15	7.42
	425.88	341.03	434.90	351.10	13.51
	372.07	333.43	381.63	345.94	15.74
	341.84	335.12	354.06	352.94	21.61
	315.79	336.15	328.31	357.12	24.42
	330.25	336.16	341.24	354.17	21.10
	298.66	337.23	312.50	361.01	27.51
	339.02	337.99	342.34	343.76	6.66
	196.24	342.95	201.56	357.00	15.03
	207.90	344.04	212.07	355.96	12.63
	235.94	341.09	240.87	352.83	12.73
	271.74	341.20	275.45	349.05	8.68
	311.97	341.02	315.09	345.97	5.85
	134.18	342.04	139.86	363.91	22.59
	202.60	342.96	208.30	356.92	15.08
	295.85	342.10	298.14	346.91	5.32
	424.99	342.00	438.03	358.57	21.10
	144.09	343.99	150.05	362.96	19.89
	151.84	345.06	156.17	360.95	16.47
	191.64	344.93	196.04	356.99	12.83
	269.33	344.78	272.01	349.99	5.86
	125.49	347.00	129.29	363.09	16.53
	421.71	351.97	433.56	367.06	19.18
	402.02	348.90	408.75	359.18	12.28
	592.68	353.87	597.68	359.26	7.35
	301.31	354.10	304.97	361.02	7.83
	253.79	356.21	260.63	371.04	16.33
	278.01	354.99	283.17	364.88	11.16
	212.03	358.66	220.79	378.06	21.29
	372.81	359.32	380.32	370.09	13.13
	208.31	362.06	214.75	377.10	16.37
	341.01	364.99	349.41	377.03	14.68
	357.98	365.01	375.38	389.93	30.39
	423.12	364.93	425.94	369.22	5.14
	156.77	366.01	163.67	389.08	24.08
	324.64	366.07	348.02	406.99	47.12
	149.55	367.96	156.82	390.81	23.99
	312.66	372.42	318.10	383.92	12.72
	475.92	391.92	484.88	402.13	13.59
	131.26	372.93	136.16	393.90	21.53
	376.76	372.99	385.45	386.04	15.68
	429.05	374.95	434.17	382.76	9.34
	297.68	376.18	303.68	386.89	12.28
	328.51	381.27	334.77	391.16	11.71
	611.99	381.74	615.98	385.20	5.28
	287.72	386.86	301.34	413.09	29.56
	282.75	387.00	291.62	407.96	22.76
	342.86	387.08	353.37	404.07	19.97
	308.27	387.92	310.89	393.07	5.78
	390.55	389.98	395.18	396.88	8.31
	237.84	396.07	239.99	402.00	6.31
	338.79	404.27	342.08	409.78	6.41
	204.71	409.25	208.79	421.07	12.50
	305.30	408.93	310.46	419.01	11.32
	328.96	415.17	332.77	421.47	7.36
	289.90	416.05	292.17	420.92	5.37
143
	373.80	4.12	378.18	20.98	17.42
	387.84	10.17	391.54	24.01	14.33
	505.88	3.99	502.12	32.03	28.29
	332.82	8.26	341.14	26.92	20.43
	328.65	9.23	351.70	61.07	56.73
	365.82	34.25	370.94	49.03	15.64
	349.52	26.73	352.43	36.00	9.71
	378.82	28.06	382.15	39.00	11.43
	427.04	31.97	428.40	50.76	18.84
	354.96	44.02	356.91	50.03	6.32
	231.42	45.56	252.98	69.01	31.86
	386.26	47.84	389.62	61.02	13.61
	225.42	52.54	257.07	88.93	48.23
	372.62	53.70	375.22	61.92	8.63
	220.61	55.30	253.13	92.98	49.78
	337.65	55.84	345.69	72.90	18.86
	361.44	56.83	365.16	68.82	12.55
	241.49	62.52	249.29	72.74	12.86
	216.65	64.27	219.97	68.03	5.01
	352.62	66.54	354.53	71.69	5.49
	254.34	70.68	263.69	81.32	14.17
	357.79	75.18	360.85	83.07	8.47
	4.12	78.81	22.00	90.00	21.09
	3.66	83.27	47.93	107.09	50.27
	232.95	85.05	239.25	91.79	9.22
	237.53	87.30	241.18	90.86	5.10
	3.95	87.61	15.27	93.51	12.77
	16.97	112.05	45.02	125.35	31.04
	16.91	118.56	24.84	122.12	8.70
	363.37	118.82	377.88	149.06	33.54
	277.61	121.93	282.55	127.47	7.42
	27.88	123.19	34.05	125.92	6.75
	285.06	129.98	294.02	140.99	14.20
	293.94	131.05	298.56	136.35	7.03
	16.13	136.26	47.42	150.58	34.42
	317.22	140.85	330.17	155.84	19.81
	304.79	143.17	309.28	148.70	7.12
	299.60	147.37	304.27	152.81	7.17
	388.65	151.26	393.54	161.50	11.35
	141.04	152.67	147.13	156.56	7.23
	352.56	157.61	357.20	164.76	8.53
	166.02	170.97	206.05	193.90	46.13
	124.83	165.20	129.77	167.39	5.40
	93.04	170.88	109.04	176.94	17.11
	76.07	167.88	86.18	171.79	10.85
	396.75	168.19	399.98	176.01	8.46
	347.87	169.14	353.47	176.08	8.91
	135.01	170.49	147.83	176.54	14.17
	207.29	174.62	222.34	184.62	18.07
	187.81	176.27	196.61	181.50	10.23
	119.07	180.89	127.97	185.05	9.82
	180.96	184.09	203.00	196.00	25.05
	351.32	185.64	366.15	202.87	22.74
	175.28	201.78	184.99	206.58	10.83
	142.76	189.31	152.25	193.67	10.44
	172.90	189.19	182.04	193.32	10.03
	334.04	188.94	355.44	212.43	31.77
	405.60	188.96	408.09	194.96	6.49
	344.43	190.66	350.38	197.63	9.16
	92.15	191.83	115.02	200.56	24.48
	332.80	198.32	348.93	217.07	24.72
	217.48	199.59	248.82	218.26	36.48
	101.84	201.28	108.20	203.94	6.90
	354.07	201.93	360.19	208.78	9.18
	203.79	204.40	211.13	207.94	8.15
	369.42	205.66	372.43	209.65	5.00
	94.96	207.94	116.09	215.41	22.41
	261.95	209.02	266.07	211.96	5.06
	97.53	221.01	103.79	223.32	6.67
	362.13	210.90	365.38	214.73	5.02
	146.01	212.64	162.02	218.56	17.07
	230.04	224.97	236.36	227.54	6.82
	83.93	216.09	90.81	218.37	7.25
	375.71	223.28	392.80	242.17	25.48
	373.60	224.36	390.11	243.92	25.59
	149.99	226.20	164.91	232.16	16.07
	186.44	227.62	200.01	233.00	14.59
	203.22	245.14	192.13	240.81	11.90
	170.64	387.91	207.00	382.00	36.84
	187.11	230.96	198.07	235.81	11.98
	316.94	231.11	322.91	235.14	7.20
	228.04	260.98	236.20	263.58	8.56
	220.95	240.65	229.06	243.96	8.77
	234.10	244.69	240.91	247.41	7.34
	411.54	247.50	414.81	252.21	5.73
	105.91	253.30	130.94	258.65	25.60
	226.01	252.95	231.24	254.53	5.47
	113.06	292.98	141.05	297.86	28.41
	336.62	255.93	346.01	261.94	11.15
	325.06	256.89	330.91	260.13	6.69
	402.20	256.85	408.47	265.62	10.78
	264.96	258.05	270.90	260.09	6.28
	165.90	267.30	182.05	270.32	16.43
	508.19	271.16	505.24	275.21	5.02
	509.30	281.32	513.32	276.45	6.31
	211.00	283.03	217.95	284.65	7.14
	154.03	280.87	160.06	281.85	6.11
	471.03	283.01	470.41	292.02	9.03
	251.48	309.04	262.03	310.89	10.71
	241.97	284.12	249.02	285.30	7.15
	395.76	284.22	402.11	288.91	7.89
	170.78	285.47	186.04	287.87	15.45
	220.38	306.37	233.00	307.99	12.72
	268.02	289.91	273.05	290.93	5.13
	217.01	292.79	223.97	294.15	7.09
	488.74	293.94	486.05	298.48	5.28
	249.01	298.89	255.26	299.82	6.32
	177.02	301.82	195.08	303.84	18.17
	341.80	354.85	347.01	354.11	5.25
	152.98	337.37	125.00	337.97	27.98
	190.05	337.54	207.98	336.90	17.94
	233.98	337.35	246.01	336.88	12.04
	126.00	344.16	132.26	343.64	6.29
	447.02	348.01	455.90	342.80	10.29
	137.00	343.95	143.30	343.79	6.29
	241.13	356.34	252.99	356.03	11.87
	330.99	357.32	336.99	356.50	6.05
	196.99	359.82	210.99	358.51	14.07
	250.00	373.24	258.94	371.84	9.05
	314.10	360.83	324.02	359.09	10.07
	291.66	364.89	307.95	362.66	16.44
	131.03	366.36	156.03	364.47	25.07
	310.45	370.39	299.98	372.77	10.75
	291.94	371.89	297.01	371.03	5.15
	227.99	377.91	247.05	374.31	19.40
	368.30	377.26	374.99	374.01	7.44
	471.72	373.88	472.47	390.55	16.69
	359.08	377.46	342.99	384.40	17.53
	283.25	382.15	288.10	380.81	5.03
	356.95	382.46	346.13	387.24	11.83
	241.00	387.99	250.02	386.54	9.14
	194.00	390.16	199.94	388.83	6.09
	146.98	393.14	153.98	391.95	7.10
	122.10	397.15	143.02	394.06	21.15
	306.11	407.71	331.29	396.64	27.51
	194.01	400.04	203.01	397.58	9.33
	112.98	401.92	133.98	397.61	21.43
	332.80	402.60	312.17	414.74	23.94
	423.37	402.94	420.04	407.60	5.73
	322.06	415.06	338.14	405.37	18.78
	308.98	409.85	317.05	406.11	8.89
	456.55	410.40	455.73	421.02	10.65
	288.01	416.01	277.17	421.37	12.09
144
	231.42	45.56	252.98	69.01	31.86
	211.35	46.76	220.34	59.10	15.27
	225.42	52.54	257.07	88.93	48.23
	220.61	55.30	253.13	92.98	49.78
	241.49	62.52	249.29	72.74	12.86
	216.65	64.27	219.97	68.03	5.01
	254.34	70.68	263.69	81.32	14.17
	223.56	73.38	231.27	83.11	12.42
	232.95	85.05	239.25	91.79	9.22
	279.11	163.92	348.98	257.02	116.40
	349.37	257.71	353.72	262.88	6.76
	379.34	119.27	385.04	126.95	9.57
	277.61	121.93	282.55	127.47	7.42
	371.31	126.55	379.17	136.84	12.95
	285.06	129.98	294.02	140.99	14.20
	293.94	131.05	298.56	136.35	7.03
	262.81	134.19	331.20	218.91	108.88
	317.22	140.85	330.17	155.84	19.81
	393.97	141.60	409.39	159.57	23.68
	282.84	143.15	290.00	152.00	11.39
	304.79	143.17	309.28	148.70	7.12
	299.60	147.37	304.27	152.81	7.17
	292.26	154.74	297.16	160.89	7.86
	400.15	155.88	412.13	170.87	19.19
	289.88	157.77	294.22	162.81	6.65
	299.20	162.84	308.33	174.74	14.99
	305.61	164.34	310.93	171.07	8.58
	131.71	169.22	140.47	179.80	13.73
	347.87	169.14	353.47	176.08	8.91
	403.94	169.04	413.77	180.23	14.89
	367.72	173.87	376.58	185.64	14.73
	317.73	179.23	321.41	184.06	6.07
	358.05	179.96	369.23	192.12	16.52
	409.18	179.83	418.41	190.36	14.01
	354.42	182.36	393.27	225.77	58.26
	351.32	185.64	366.15	202.87	22.74
	334.04	188.94	355.44	212.43	31.77
	344.43	190.66	350.38	197.63	9.16
	382.36	191.63	387.20	197.75	7.81
	370.81	194.29	380.81	206.02	15.42
	332.80	198.32	348.93	217.07	24.72
	419.06	198.93	424.49	206.01	8.92
	330.69	199.92	356.02	233.98	42.45
	410.20	200.77	446.50	241.50	54.56
	354.07	201.93	360.19	208.78	9.18
	109.03	203.19	112.55	207.17	5.32
	419.44	203.57	429.85	215.10	15.53
	223.81	206.12	229.80	213.13	9.22
	328.02	205.98	352.26	236.77	39.19
	369.42	205.66	372.43	209.65	5.00
	362.13	210.90	365.38	214.73	5.02
	252.54	215.70	257.01	220.45	6.53
	376.48	214.62	389.18	228.86	19.08
	207.12	216.93	213.08	224.59	9.70
	229.90	217.20	237.23	225.86	11.34
	392.89	217.14	396.98	222.02	6.37
	277.18	218.89	283.12	225.91	9.20
	403.78	218.96	414.24	231.79	16.56
	331.64	221.37	369.70	269.23	61.15
	282.62	222.31	298.11	242.27	25.27
	353.91	223.08	359.81	230.18	9.23
	375.71	223.28	392.80	242.17	25.48
	373.60	224.36	390.11	243.92	25.59
	402.16	227.86	405.86	232.13	5.66
	275.22	232.64	279.93	239.06	7.96
	286.41	234.10	290.07	238.38	5.62
	374.54	234.42	385.58	248.42	17.84
	372.50	235.72	376.43	240.64	6.30
	248.82	239.36	253.88	245.17	7.70
	355.40	239.79	359.36	244.72	6.33
	368.27	250.76	374.96	259.02	10.63
	289.06	240.95	292.01	245.00	5.00
	342.94	242.05	348.54	249.59	9.38
	380.16	244.86	383.17	248.86	5.00
	455.30	244.69	470.20	260.81	21.95
	291.23	247.91	296.36	254.65	8.48
	362.04	248.97	376.09	266.93	22.80
	243.94	250.07	250.58	258.37	10.63
	407.96	250.03	411.84	254.21	5.70
	401.58	253.30	411.12	263.86	14.23
	306.03	254.97	314.34	266.52	14.23
	474.26	255.75	483.70	266.36	14.20
	402.20	256.85	408.47	265.62	10.78
	313.82	259.31	322.94	270.43	14.38
	267.10	263.94	278.03	276.91	16.96
	339.89	264.75	371.37	305.72	51.67
	388.98	266.02	396.96	276.05	12.81
	353.35	268.72	376.16	297.82	36.98
	494.20	268.88	509.02	284.96	21.87
	333.50	272.00	338.17	277.17	6.96
	325.42	272.54	329.25	277.86	6.56
	340.14	275.23	346.65	284.34	11.20
	382.14	274.89	388.56	282.53	9.98
	311.51	275.80	321.19	288.69	16.12
	332.06	275.91	337.04	281.98	7.85
	346.24	278.17	351.06	283.39	7.10
	320.22	278.79	331.32	291.58	16.94
	434.17	279.85	437.22	283.82	5.01
	329.95	282.06	339.29	293.61	14.85
	402.79	283.14	406.43	287.04	5.34
	419.95	283.72	423.65	288.65	6.16
	337.61	285.37	346.39	295.61	13.50
	514.84	286.03	519.85	292.19	7.93
	345.64	288.23	352.32	296.77	10.84
	322.61	290.30	330.62	300.28	12.80
	350.97	291.02	359.12	300.21	12.29
	398.31	294.67	411.22	309.89	19.96
	411.79	295.28	417.53	302.98	9.61
	348.20	298.83	353.85	305.09	8.43
	361.74	298.87	368.16	306.90	10.28
	526.19	299.81	529.66	303.54	5.10
	354.95	301.04	358.80	306.13	6.38
	317.38	302.75	327.33	316.44	16.92
	327.92	303.14	341.31	318.38	20.29
	337.85	305.19	349.03	318.95	17.73
	379.06	305.96	383.61	311.92	7.51
	347.06	306.91	357.26	319.44	16.16
	354.53	308.47	363.24	319.75	14.25
	360.94	310.06	369.47	320.56	13.53
	503.63	310.97	508.44	317.00	7.70
	227.71	312.24	231.16	315.93	5.05
	516.60	328.00	526.12	338.77	14.37
	387.60	314.44	393.87	322.09	9.90
	467.56	313.58	471.49	318.74	6.49
	379.82	319.09	385.18	324.73	7.78
	342.06	319.92	350.23	331.19	13.91
	364.98	323.01	371.25	330.91	10.08
	425.88	341.03	434.90	351.10	13.51
	372.07	333.43	381.63	345.94	15.74
	348.99	334.26	366.61	356.66	28.51
	357.97	334.13	364.17	341.94	9.97
	366.08	333.90	378.07	347.60	18.20
	569.10	337.85	572.40	342.04	5.34
	324.25	338.88	329.70	346.42	9.31
	424.99	342.00	438.03	358.57	21.10
	421.71	351.97	433.56	367.06	19.18
	442.18	354.06	446.90	359.17	6.96
	592.68	353.87	597.68	359.26	7.35
	419.96	355.56	424.67	360.87	7.10
	598.08	362.82	602.08	367.91	6.48
	428.69	372.25	435.92	380.06	10.65
	475.92	391.92	484.88	402.13	13.59
	262.07	374.36	265.43	378.87	5.62
	388.01	414.98	393.03	420.97	7.81
