vx	vy	vz	score	numLines
-0.99993953	-0.01099670	-0.00001487	5892.67	165
-0.12541680	0.99210407	-0.00038803	5096.55	144
0.95129897	0.30826963	0.00031729	334.31	52

nLines	x1	y1	x2	y2	length
165
	192.90	58.76	116.03	58.26	76.87
	466.04	63.34	542.98	62.76	76.94
	521.98	30.08	535.02	30.45	13.04
	478.17	5.60	483.98	5.28	5.81
	609.05	5.88	618.25	6.20	9.21
	473.03	9.53	482.27	9.74	9.25
	185.00	9.99	192.98	10.28	7.98
	184.60	14.61	191.92	14.67	7.32
	358.04	20.12	369.01	20.49	10.97
	477.00	22.84	484.98	22.95	7.98
	465.93	23.70	470.99	23.97	5.07
	125.99	26.92	143.97	26.95	17.98
	249.02	43.24	239.32	42.62	9.72
	585.98	30.55	601.96	30.22	15.99
	293.01	31.23	305.00	32.01	12.02
	119.97	38.09	139.66	38.64	19.70
	598.01	42.12	586.97	42.11	11.04
	517.94	42.93	537.06	43.56	19.13
	469.12	45.05	479.86	44.59	10.75
	582.92	63.31	634.00	63.99	51.09
	273.98	55.78	283.14	55.43	9.17
	4.00	55.62	75.01	57.02	71.02
	232.01	59.93	309.91	59.87	77.90
	349.02	60.86	425.82	61.38	76.80
	4.00	61.60	80.01	62.83	76.02
	107.89	62.51	199.05	64.61	91.19
	224.98	65.57	312.00	66.03	87.02
	343.02	66.09	433.82	66.32	90.81
	467.99	69.56	559.96	69.20	91.97
	576.98	69.19	634.00	70.07	57.02
	4.03	83.44	77.09	84.88	73.08
	106.07	87.09	197.95	88.18	91.89
	225.05	87.80	314.96	88.08	89.91
	343.03	89.09	433.06	90.42	90.03
	3.99	90.20	69.91	91.60	65.94
	147.04	90.43	155.81	90.50	8.77
	161.20	90.12	177.89	90.25	16.70
	468.02	89.61	553.01	90.99	85.00
	229.14	91.66	235.89	91.65	6.75
	580.20	91.83	634.00	91.90	53.80
	354.94	93.05	360.26	93.19	5.33
	480.59	93.00	485.76	92.88	5.17
	588.11	184.94	634.00	187.73	45.98
	115.00	93.89	190.02	95.21	75.03
	605.04	94.46	599.14	94.58	5.90
	611.05	94.84	617.01	94.54	5.96
	234.00	95.04	308.09	95.78	74.10
	525.00	95.01	530.02	95.02	5.03
	350.90	96.39	426.01	98.05	75.13
	470.93	97.22	545.03	98.28	74.10
	587.96	98.32	634.01	99.27	46.06
	232.99	103.42	241.98	102.95	9.00
	521.97	101.91	538.94	102.75	16.99
	409.94	104.82	423.96	104.07	14.04
	411.03	144.88	422.95	145.63	11.95
	36.04	124.50	30.14	124.34	5.90
	354.00	114.03	359.99	114.28	5.99
	503.16	113.32	515.97	113.22	12.81
	602.04	118.10	608.34	118.44	6.31
	46.00	118.99	51.03	119.03	5.03
	233.99	120.97	240.96	121.21	6.98
	308.01	178.10	228.77	177.72	79.23
	367.95	140.45	380.04	140.86	12.10
	304.98	144.41	299.94	144.52	5.05
	12.01	153.60	3.77	153.26	8.24
	359.03	160.94	368.64	160.70	9.61
	408.11	155.76	414.01	155.43	5.92
	4.01	173.32	63.00	174.06	58.99
	107.13	175.72	187.12	176.59	80.00
	350.15	177.80	430.71	178.57	80.56
	4.00	179.64	68.97	180.54	64.98
	473.00	179.52	552.98	179.90	79.98
	594.30	180.45	634.00	181.60	39.71
	98.03	181.65	193.01	182.94	95.00
	220.96	183.53	315.97	182.89	95.00
	471.99	186.11	559.98	185.58	87.98
	347.92	184.24	438.04	184.65	90.12
	300.05	204.43	311.98	205.05	11.94
	3.94	205.25	67.00	205.97	63.07
	323.96	207.23	340.03	207.78	16.07
	538.01	206.05	549.01	206.21	11.01
	95.00	207.02	187.01	207.40	92.01
	220.02	208.34	315.98	209.63	95.96
	9.00	208.99	18.97	208.83	9.98
	21.99	209.07	32.87	208.70	10.89
	49.06	209.53	61.83	209.29	12.78
	343.32	209.47	439.73	211.45	96.43
	467.33	210.38	563.97	210.66	96.64
	153.62	210.21	158.89	209.95	5.28
	166.87	210.05	171.98	209.99	5.11
	99.22	211.33	113.08	210.58	13.88
	146.70	211.25	152.59	211.39	5.90
	165.44	211.42	160.29	211.64	5.15
	174.01	211.87	186.91	211.77	12.89
	591.03	211.72	634.00	212.19	42.97
	4.01	212.74	58.08	213.60	54.08
	271.35	212.63	277.01	213.02	5.67
	103.04	214.61	183.06	215.29	80.02
	609.39	215.07	614.51	215.00	5.12
	622.85	215.05	627.92	214.96	5.07
	351.99	216.68	430.01	217.16	78.02
	228.01	216.92	307.04	217.26	79.04
	475.99	217.04	554.96	217.24	78.97
	599.01	218.94	633.97	219.30	34.97
	547.77	226.33	556.01	226.21	8.25
	508.98	234.41	521.92	234.61	12.95
	146.95	239.03	139.53	238.55	7.44
	260.91	235.26	270.05	234.84	9.16
	386.96	261.09	396.93	260.84	9.97
	294.85	253.70	305.97	253.65	11.12
	261.51	255.85	268.81	256.26	7.30
	245.01	262.08	252.03	262.09	7.03
	164.02	269.94	174.99	269.26	11.00
	536.92	267.92	546.93	268.67	10.04
	370.34	279.43	365.00	279.54	5.34
	32.96	288.88	38.94	288.79	5.98
	13.15	291.42	19.99	291.65	6.84
	3.99	304.18	50.07	304.68	46.08
	96.04	305.52	179.94	305.27	83.90
	224.01	306.58	263.99	306.96	39.98
	358.00	307.00	435.88	307.55	77.89
	479.97	307.59	563.94	308.33	83.97
	360.00	313.35	444.99	314.08	84.99
	4.01	310.48	49.93	309.94	45.93
	605.98	309.53	634.01	310.32	28.04
	97.01	310.74	186.98	312.84	90.00
	478.92	314.13	566.18	314.16	87.26
	606.47	315.51	634.00	317.03	27.57
	3.99	337.98	29.07	338.68	25.08
	32.94	338.36	56.01	338.50	23.07
	84.04	339.07	182.40	339.58	98.36
	214.12	341.17	256.06	340.62	41.94
	373.02	341.90	441.95	341.30	68.93
	21.03	342.56	31.97	341.89	10.96
	41.90	342.22	51.01	341.97	9.11
	476.06	342.66	572.03	343.80	95.97
	603.00	344.08	633.99	343.91	30.99
	216.10	344.14	225.16	344.21	9.06
	3.99	346.49	45.12	346.60	41.12
	92.01	346.68	176.96	346.24	84.95
	483.99	350.66	565.98	351.47	81.99
	612.00	352.03	634.00	351.94	22.00
	243.01	353.25	253.96	353.77	10.96
	159.00	358.00	166.01	357.95	7.00
	245.98	404.47	232.00	404.99	14.00
	389.71	377.60	397.00	378.02	7.31
	533.01	396.02	523.96	396.21	9.06
	109.91	391.45	119.02	391.95	9.13
	107.70	395.34	119.00	394.93	11.30
	81.47	448.64	172.81	448.35	91.35
	89.12	398.32	95.03	398.57	5.92
	577.01	451.49	488.00	451.04	89.01
	625.01	407.33	634.01	407.48	9.00
	16.54	409.50	24.11	409.83	7.58
	566.02	419.05	550.98	419.78	15.06
	528.07	416.66	535.04	416.59	6.97
	4.00	447.85	36.05	447.62	32.05
	403.02	449.54	440.99	449.65	37.97
	251.00	455.95	218.98	456.19	32.01
	622.00	452.08	634.01	452.77	12.02
	4.00	454.49	36.99	454.93	32.99
	80.04	454.97	173.00	456.96	92.98
	404.00	456.73	447.95	457.42	43.95
	487.97	457.44	578.76	457.84	90.79
	621.00	459.78	634.00	459.80	13.00
144
	625.82	9.20	626.86	27.06	17.89
	80.33	4.02	75.59	55.01	51.21
	86.07	4.00	80.72	61.86	58.10
	111.70	3.98	106.64	61.97	58.21
	118.31	9.01	114.34	57.01	48.16
	196.02	4.00	193.42	58.07	54.13
	202.29	4.01	199.73	62.99	59.03
	227.11	4.00	224.17	64.00	60.07
	233.38	3.99	232.08	21.03	17.09
	280.58	4.25	280.57	12.00	7.75
	311.29	4.04	310.89	58.99	54.96
	316.70	3.99	317.20	63.99	60.00
	341.50	4.01	341.04	64.99	60.98
	347.67	4.11	347.46	21.79	17.69
	431.04	4.00	433.95	65.00	61.07
	456.05	4.00	459.46	68.07	64.16
	462.07	4.00	465.31	62.74	58.83
	546.90	4.01	552.63	65.98	62.24
	570.80	4.01	576.19	67.91	64.12
	490.00	7.00	491.94	26.99	20.08
	376.25	27.72	375.72	13.06	14.67
	605.89	10.05	607.00	18.00	8.03
	293.77	17.96	293.84	11.80	6.17
	425.91	15.97	426.30	59.99	44.02
	237.24	18.81	236.90	23.99	5.19
	347.54	28.02	347.96	60.01	31.99
	232.29	24.98	231.39	59.85	34.88
	543.42	34.93	544.41	47.93	13.04
	578.54	37.96	579.46	43.92	6.03
	120.08	41.02	119.03	56.00	15.01
	544.20	49.98	544.58	61.96	11.99
	77.91	85.12	69.33	179.36	94.62
	315.99	88.55	316.67	181.95	93.40
	105.88	88.00	97.55	180.02	92.40
	224.23	89.03	220.19	181.97	93.02
	434.02	90.96	438.55	183.13	92.28
	342.36	90.10	342.56	181.02	90.92
	465.07	184.00	461.75	94.01	90.06
	554.01	91.49	562.01	184.00	92.86
	112.41	96.01	106.23	174.96	79.19
	467.56	94.56	469.77	134.93	40.43
	71.95	92.98	63.82	173.84	81.27
	229.31	92.79	228.86	106.98	14.19
	579.89	93.01	587.57	184.00	91.32
	192.42	95.26	187.53	174.99	79.88
	347.72	94.84	349.35	176.99	82.17
	583.63	96.26	593.42	180.02	84.33
	124.66	101.44	122.77	127.92	26.55
	603.72	146.94	598.83	102.76	44.45
	551.38	150.09	553.99	179.00	29.02
	228.82	116.00	229.29	132.98	16.98
	283.06	121.00	282.22	136.99	16.01
	230.37	145.92	227.94	177.01	31.19
	429.31	125.05	430.48	149.89	24.87
	499.74	126.15	501.81	141.91	15.89
	196.46	134.02	196.00	140.00	6.00
	155.65	134.96	155.10	141.00	6.06
	310.26	135.00	308.65	177.58	42.61
	470.14	140.00	472.22	178.87	38.92
	229.54	137.88	229.04	144.00	6.14
	195.54	142.96	194.52	151.99	9.09
	430.82	153.01	431.04	178.01	24.99
	595.32	154.07	596.11	159.98	5.96
	611.60	154.13	613.03	163.99	9.97
	358.08	155.02	358.41	160.47	5.46
	606.50	160.01	606.95	166.30	6.31
	64.46	206.92	63.75	213.07	6.19
	192.00	211.00	191.06	226.01	15.04
	94.34	207.74	90.89	261.00	53.37
	564.73	211.19	572.98	307.00	96.17
	219.16	209.97	218.93	226.00	16.03
	343.03	210.00	343.88	287.99	78.00
	316.49	211.03	316.75	269.90	58.87
	60.16	212.08	51.51	303.94	92.26
	101.11	215.99	94.24	304.97	89.24
	440.19	212.00	444.85	312.01	100.12
	187.77	213.04	186.98	221.95	8.95
	349.71	218.05	350.18	294.00	75.95
	186.10	214.04	180.70	304.02	90.15
	471.57	215.27	478.58	306.97	91.96
	434.21	216.18	436.60	306.96	90.81
	468.27	215.99	471.41	303.98	88.04
	565.39	306.99	558.08	219.98	87.31
	596.87	221.00	603.97	312.07	91.34
	190.83	229.02	189.64	251.96	22.98
	218.29	229.00	215.68	310.98	82.02
	591.43	231.99	597.14	274.94	43.33
	598.03	276.01	599.44	311.97	36.00
	186.66	237.05	185.73	247.71	10.70
	224.19	239.03	224.08	246.99	7.96
	401.42	246.08	401.16	258.09	12.01
	310.32	253.07	309.68	269.96	16.90
	223.18	263.99	222.17	305.00	41.03
	518.10	265.11	518.32	271.29	6.19
	90.90	267.00	90.15	277.02	10.05
	187.02	267.01	187.28	287.99	20.99
	166.70	271.63	166.45	279.96	8.33
	58.48	274.97	57.29	292.97	18.04
	90.34	280.03	86.36	306.91	27.17
	226.81	280.98	226.77	289.91	8.93
	606.45	283.02	607.17	294.24	11.25
	186.26	294.06	185.62	301.95	7.92
	57.32	294.95	57.01	307.00	12.06
	187.48	304.95	187.16	311.02	6.09
	213.89	342.02	213.74	359.01	16.99
	185.84	343.97	185.66	348.99	5.02
	220.95	350.03	219.98	363.99	14.00
	478.90	366.14	476.79	349.03	17.24
	47.09	347.05	41.24	426.98	80.14
	178.74	347.96	177.63	382.96	35.02
	604.88	348.02	608.93	400.01	52.15
	439.16	357.95	438.72	350.99	6.97
	479.91	349.06	484.63	450.71	101.76
	84.27	349.98	83.37	377.28	27.31
	571.98	390.00	568.72	355.06	35.10
	608.04	350.96	619.84	445.02	94.79
	617.45	447.62	610.56	402.18	45.95
	444.59	354.02	444.76	369.02	15.01
	572.99	354.01	573.81	359.85	5.90
	439.45	361.97	441.87	413.90	51.99
	213.16	364.03	212.41	394.99	30.97
	219.72	365.96	219.35	384.03	18.07
	85.94	373.02	85.75	378.06	5.05
	182.74	374.07	181.01	396.01	22.01
	81.40	377.01	79.31	392.98	16.11
	87.66	378.95	86.30	391.99	13.10
	576.83	381.99	578.71	401.90	20.00
	122.92	384.97	121.83	395.94	11.03
	176.84	386.00	174.89	450.96	64.99
	85.88	396.01	81.14	447.98	52.18
	79.21	397.05	73.51	450.98	54.23
	212.18	398.01	212.30	418.10	20.09
	218.77	402.00	217.22	448.94	46.97
	445.99	402.00	448.62	430.00	28.12
	573.87	410.03	577.74	450.95	41.11
	244.02	408.01	243.07	418.69	10.72
	180.14	417.01	178.98	438.99	22.01
	125.87	420.01	125.36	434.02	14.03
	580.74	422.94	581.01	429.00	6.07
	519.96	425.05	521.15	433.98	9.01
	442.00	430.00	443.63	449.07	19.14
	210.96	435.00	209.70	449.00	14.05
	480.80	437.04	481.66	448.12	11.11
	581.76	438.06	583.28	451.11	13.14
52
	627.22	27.88	634.06	30.73	7.41
	481.97	31.17	476.71	29.59	5.49
	170.99	13.28	175.99	14.94	5.27
	272.05	23.58	266.96	22.04	5.32
	494.73	22.38	503.00	25.22	8.74
	283.10	26.97	290.32	29.53	7.66
	145.04	26.08	157.36	29.84	12.89
	398.00	30.82	404.00	33.00	6.38
	607.98	31.06	617.07	34.79	9.83
	283.07	44.66	292.99	47.84	10.42
	294.00	55.02	298.86	56.69	5.14
	384.07	55.76	389.98	58.03	6.33
	461.94	67.24	466.97	69.33	5.44
	118.90	98.10	126.75	100.52	8.21
	380.06	99.28	387.02	101.53	7.31
	620.98	107.89	615.03	105.53	6.40
	270.00	106.98	277.11	109.34	7.48
	478.07	115.04	486.91	118.17	9.38
	625.06	114.76	634.04	117.91	9.52
	23.08	129.89	31.96	132.53	9.26
	501.99	119.05	506.91	120.72	5.20
	623.31	129.07	617.92	127.12	5.73
	417.01	130.42	422.02	131.92	5.23
	300.06	133.32	305.88	135.36	6.17
	120.00	141.29	130.95	143.79	11.23
	624.04	142.45	629.99	144.12	6.18
	114.97	147.56	121.06	149.57	6.41
	233.00	152.44	240.03	154.67	7.37
	489.07	160.60	482.70	158.67	6.66
	585.02	206.19	590.01	207.89	5.27
	231.27	211.06	236.82	212.55	5.75
	264.00	229.88	276.95	233.62	13.49
	266.03	244.27	271.80	245.39	5.88
	519.00	258.00	513.15	256.69	6.00
	160.11	263.38	177.98	267.55	18.35
	496.90	274.47	488.89	272.16	8.34
	486.16	266.29	499.99	270.02	14.32
	615.00	265.92	626.33	269.56	11.90
	116.99	269.38	121.94	270.47	5.07
	293.14	270.83	299.00	272.17	6.01
	412.13	273.32	422.09	275.73	10.25
	526.99	277.85	533.87	279.71	7.12
	496.00	286.46	484.98	283.67	11.36
	563.73	346.35	568.99	347.78	5.46
	606.98	346.73	612.47	348.49	5.77
	113.98	352.27	129.95	355.58	16.30
	619.91	458.25	614.70	456.95	5.37
	141.92	352.69	157.05	356.36	15.57
	141.62	359.46	147.88	361.19	6.49
	394.63	394.39	401.02	395.64	6.51
	100.97	400.57	108.87	401.73	7.98
	154.96	416.66	160.00	418.00	5.22
