vx	vy	vz	score	numLines
0.50827293	0.86119603	-0.00016380	11342.57	212
-0.87338632	-0.48702714	-0.00094656	5005.51	143
-0.98176740	-0.19008478	-0.00074191	3250.25	120

nLines	x1	y1	x2	y2	length
212
	4.94	4.03	80.03	131.98	148.35
	108.58	3.96	114.58	13.42	11.21
	119.53	3.98	127.39	17.06	15.26
	128.47	4.01	141.91	26.05	25.82
	145.39	4.07	173.35	50.35	54.07
	163.10	3.94	202.50	67.00	74.36
	202.76	21.19	249.91	97.08	89.34
	316.01	3.99	346.93	51.06	56.31
	323.65	4.23	329.10	13.26	10.54
	344.53	3.98	377.44	54.04	59.91
	355.94	4.04	393.06	62.99	69.67
	376.38	4.07	417.04	64.97	73.22
	457.41	73.46	415.10	9.92	76.34
	334.86	5.06	365.13	51.22	55.20
	124.48	7.34	134.57	21.96	17.76
	407.55	15.33	442.04	67.98	62.94
	473.06	24.94	512.79	85.20	72.18
	324.37	9.74	349.59	48.96	46.63
	335.42	13.81	361.08	50.94	45.13
	387.91	15.05	396.95	28.03	15.82
	396.41	14.63	430.70	64.87	60.82
	435.79	15.02	477.99	77.01	74.99
	192.84	29.11	221.54	76.27	55.21
	124.71	69.27	191.11	178.94	128.20
	523.78	38.30	561.86	95.15	68.42
	464.95	29.74	498.83	79.11	59.88
	186.07	28.87	211.46	69.03	47.51
	404.60	29.64	427.33	63.76	40.99
	491.57	29.95	531.39	88.08	70.46
	53.74	32.18	124.35	151.09	138.29
	91.04	32.97	96.90	42.10	10.86
	399.61	33.29	404.38	40.42	8.58
	459.65	33.90	488.64	76.91	51.86
	516.76	43.41	548.30	89.81	56.10
	3.83	40.10	46.36	113.08	84.47
	540.25	42.94	578.48	98.02	67.04
	569.83	51.18	605.46	104.39	64.04
	461.69	46.22	483.93	76.05	37.21
	512.90	50.07	539.68	87.88	46.33
	3.76	52.13	36.33	108.11	64.77
	562.92	56.06	592.35	99.11	52.15
	38.14	52.70	41.07	57.29	5.45
	126.80	53.17	134.05	63.95	12.99
	584.07	54.98	619.50	106.00	62.11
	610.05	61.95	634.06	96.96	42.45
	554.46	56.42	567.58	74.63	22.44
	110.95	78.64	163.83	166.10	102.21
	603.98	67.01	631.38	107.07	48.53
	622.22	64.92	634.18	81.87	20.74
	597.20	66.85	624.87	105.75	47.74
	3.80	68.12	23.34	102.09	39.19
	88.83	72.73	103.49	94.00	25.83
	9.62	72.23	16.68	84.20	13.89
	83.95	74.02	130.19	151.18	89.95
	107.75	83.30	156.44	163.04	93.43
	4.16	80.87	9.32	89.80	10.31
	102.08	82.94	146.54	157.97	87.21
	374.31	93.14	423.30	168.14	89.58
	575.93	85.05	584.66	96.89	14.71
	417.04	96.87	467.12	172.84	90.99
	160.59	89.62	227.51	198.01	127.38
	217.70	121.30	279.68	222.18	118.40
	104.56	94.96	140.87	156.08	71.09
	480.00	107.00	526.90	178.12	85.19
	410.62	104.30	452.96	169.03	77.34
	443.08	102.91	489.89	174.07	85.18
	397.80	105.13	403.81	114.14	10.83
	535.07	116.76	579.10	182.87	79.43
	403.66	110.26	413.49	126.37	18.86
	474.71	115.16	513.95	174.03	70.75
	503.15	112.82	546.92	179.06	79.39
	463.06	114.96	501.72	174.18	70.73
	583.05	124.82	626.00	188.00	76.40
	206.54	130.96	252.93	206.04	88.26
	456.04	116.97	465.38	132.38	18.02
	529.49	124.32	566.45	179.03	66.02
	397.04	121.97	425.03	163.98	50.48
	555.15	121.83	597.05	183.97	74.94
	186.04	122.94	233.98	198.01	89.08
	407.00	124.00	436.70	166.86	52.14
	519.10	124.92	534.01	144.99	25.00
	203.88	135.08	211.79	148.12	15.25
	577.86	132.09	612.75	184.18	62.70
	601.27	129.71	634.29	178.81	59.17
	626.77	133.81	634.29	144.81	13.32
	200.24	134.91	240.35	200.09	76.53
	571.49	135.34	604.72	182.84	57.98
	620.06	138.49	634.26	158.81	24.78
	247.39	137.70	306.68	233.88	112.99
	469.55	138.26	476.48	148.33	12.22
	172.11	138.89	174.95	144.08	5.92
	291.52	162.50	346.10	249.93	103.07
	526.89	141.08	552.59	177.94	44.94
	614.50	142.01	634.11	168.93	33.30
	415.53	145.27	427.72	163.17	21.66
	429.59	149.29	437.37	161.43	14.42
	535.45	147.33	556.46	178.03	37.20
	212.58	150.22	230.56	179.27	34.16
	479.85	152.11	492.58	172.24	23.82
	486.34	153.80	491.37	161.71	9.38
	281.39	171.04	323.46	238.03	79.10
	42.95	184.06	140.30	355.11	196.82
	275.86	172.19	318.67	237.19	77.83
	130.82	216.22	223.50	374.35	183.30
	3.75	199.15	85.92	345.06	167.46
	490.98	208.04	544.50	290.34	98.17
	549.02	210.81	599.93	286.05	90.85
	275.08	205.76	278.30	210.59	5.81
	504.36	291.74	450.99	210.00	97.61
	600.00	213.00	634.37	262.75	60.47
	515.04	209.93	565.91	288.06	93.23
	618.11	284.92	571.91	216.06	82.92
	483.90	215.08	531.85	288.10	87.36
	63.86	215.77	78.28	237.82	26.35
	543.55	218.27	588.31	285.13	80.46
	619.48	215.53	634.62	238.59	27.58
	175.14	233.88	262.75	381.24	171.44
	471.01	216.99	478.97	228.02	13.60
	56.90	218.74	59.73	223.33	5.38
	593.98	219.29	634.60	278.58	71.87
	532.43	220.03	537.27	227.14	8.59
	77.33	221.73	153.72	355.84	154.35
	88.98	226.01	102.63	247.65	25.58
	585.95	222.04	628.39	283.36	74.57
	528.90	226.08	542.43	244.03	22.48
	109.88	232.17	187.83	363.12	152.40
	115.13	227.95	195.44	365.02	158.86
	541.54	229.96	561.09	260.95	36.63
	473.66	232.23	487.11	254.24	25.80
	100.65	232.91	174.21	359.87	146.74
	239.77	258.14	320.13	390.91	155.19
	485.55	234.34	494.59	248.25	16.59
	481.21	235.86	515.32	289.08	63.21
	473.31	236.84	506.82	290.08	62.90
	541.72	238.20	574.22	286.14	57.92
	92.08	240.88	161.85	358.08	136.40
	596.37	244.39	603.46	255.44	13.13
	3.84	247.09	53.91	336.05	102.08
	545.88	250.08	551.86	260.09	11.66
	496.56	251.22	499.48	255.39	5.09
	225.61	267.90	296.40	385.05	136.88
	607.77	261.17	616.49	274.33	15.78
	3.54	263.30	17.17	287.91	28.13
	206.69	267.89	233.42	311.04	50.76
	506.60	266.37	510.81	272.12	7.13
	200.16	266.91	267.16	378.91	130.51
	113.65	267.69	118.42	275.75	9.36
	224.70	276.86	290.47	384.33	126.00
	567.42	270.40	576.22	284.18	16.35
	322.04	288.96	394.87	407.11	138.79
	216.59	271.59	281.69	381.88	128.06
	3.73	273.17	36.61	331.94	67.34
	120.50	272.65	127.47	284.74	13.96
	103.17	274.91	106.29	279.84	5.83
	513.24	277.51	519.29	287.77	11.91
	516.50	281.36	521.39	288.06	8.29
	110.52	286.68	113.21	291.87	5.85
	18.53	289.73	43.27	333.86	50.59
	130.35	289.81	133.27	294.84	5.81
	138.06	289.94	141.64	296.27	7.27
	114.27	293.84	117.32	298.79	5.81
	291.15	293.70	355.84	396.77	121.69
	3.58	298.26	20.90	328.80	35.11
	143.25	298.01	157.20	323.98	29.48
	309.94	298.03	373.04	399.98	119.90
	348.19	298.82	416.49	410.01	130.49
	386.45	313.38	426.39	375.76	74.07
	118.36	300.82	123.33	308.82	9.42
	308.79	306.11	321.61	327.21	24.69
	306.38	307.04	362.62	397.93	106.89
	3.78	309.14	15.70	329.91	23.94
	141.45	308.76	144.29	313.84	5.83
	124.25	310.83	149.28	354.82	50.61
	234.54	311.97	249.57	337.41	29.55
	122.57	313.62	125.63	318.62	5.86
	15.64	316.21	23.83	330.15	16.16
	622.67	319.25	634.32	336.78	21.05
	36.57	319.26	41.61	327.23	9.43
	148.26	320.86	170.43	358.76	43.91
	375.74	321.16	432.53	411.97	107.10
	588.82	322.31	634.41	391.76	83.08
	370.99	323.01	426.80	411.16	104.33
	588.05	419.97	529.49	330.01	107.34
	568.44	325.04	625.06	410.96	102.90
	614.00	323.93	634.25	353.86	36.13
	159.05	324.95	181.38	362.32	43.53
	559.79	330.13	613.47	412.02	97.91
	151.53	332.62	160.37	347.81	17.58
	325.63	333.21	330.55	341.23	9.41
	548.26	334.16	554.86	344.75	12.48
	551.69	334.28	602.37	412.37	93.10
	538.41	335.06	545.49	345.69	12.77
	601.00	335.00	607.38	343.76	10.83
	136.61	336.62	139.56	341.63	5.82
	613.15	341.26	634.21	377.89	42.25
	251.86	342.81	257.63	351.43	10.37
	547.56	342.97	560.41	365.36	25.82
	333.63	346.26	341.70	359.22	15.26
	609.06	345.95	634.24	384.85	46.33
	548.45	350.68	559.44	368.72	21.12
	257.45	352.74	269.48	371.49	22.28
	558.37	352.76	587.48	398.03	53.81
	346.46	367.28	352.50	378.31	12.58
	562.59	373.59	590.44	416.81	51.41
	271.95	374.03	276.45	381.04	8.33
	567.64	375.26	571.47	381.45	7.28
	27.71	382.27	38.30	401.36	21.83
	572.53	383.29	581.46	396.29	15.77
	141.76	398.83	151.45	414.98	18.83
	589.36	399.68	599.38	415.80	18.99
	227.88	408.07	231.46	414.02	6.95
	234.04	417.98	239.60	426.41	10.10
143
	84.31	3.49	127.23	29.60	50.24
	45.21	3.59	142.95	59.13	112.42
	91.11	3.82	215.23	79.61	145.43
	99.08	3.85	107.04	8.91	9.43
	115.08	13.90	169.30	46.58	63.31
	203.43	68.47	246.14	94.79	50.17
	178.09	3.86	202.23	20.77	29.46
	184.08	3.89	228.27	34.79	53.92
	14.99	7.54	30.04	15.92	17.22
	63.13	17.30	74.04	22.69	12.18
	176.93	18.12	192.39	28.54	18.64
	53.44	30.68	123.91	68.66	80.05
	125.03	151.98	193.25	182.77	74.84
	102.25	40.61	111.14	45.69	10.24
	32.03	42.96	67.13	63.32	40.58
	569.83	51.18	605.46	104.39	64.04
	174.91	51.11	196.01	63.99	24.72
	562.92	56.06	592.35	99.11	52.15
	584.07	54.98	619.50	106.00	62.11
	610.05	61.95	634.06	96.96	42.45
	554.46	56.42	567.58	74.63	22.44
	74.05	58.89	110.02	77.97	40.71
	134.70	60.32	144.08	65.81	10.87
	143.89	60.74	291.09	146.26	170.24
	603.98	67.01	631.38	107.07	48.53
	622.22	64.92	634.18	81.87	20.74
	597.20	66.85	624.87	105.75	47.74
	81.75	69.30	87.96	72.06	6.80
	142.97	78.04	160.04	87.87	19.70
	217.26	80.65	244.31	97.45	31.85
	56.79	85.37	91.92	104.17	39.84
	575.93	85.05	584.66	96.89	14.71
	228.15	198.85	276.01	220.46	52.51
	165.86	92.25	216.88	120.71	58.42
	4.05	97.41	75.99	130.02	78.99
	253.11	98.88	269.01	108.98	18.84
	248.26	99.60	274.04	115.94	30.52
	4.05	105.38	359.91	263.68	389.48
	151.93	107.13	176.02	121.97	28.29
	3.96	110.08	152.00	175.00	161.65
	72.13	109.74	99.02	120.92	29.11
	224.48	111.42	232.06	115.86	8.79
	183.08	117.35	205.83	130.19	26.12
	79.83	125.44	115.93	144.09	40.64
	232.39	128.51	237.96	132.07	6.61
	626.77	133.81	634.29	144.81	13.32
	4.06	134.32	374.00	288.01	400.59
	82.99	133.63	119.03	149.94	39.55
	620.06	138.49	634.26	158.81	24.78
	307.31	234.71	347.95	253.05	44.59
	176.04	144.94	197.89	157.23	25.08
	251.86	140.25	290.95	162.06	44.77
	12.99	142.02	19.05	144.84	6.68
	614.50	142.01	634.11	168.93	33.30
	285.11	146.84	296.08	153.82	13.00
	242.95	155.15	253.93	161.62	12.74
	52.10	160.70	58.00	163.01	6.34
	77.18	160.78	88.96	166.11	12.93
	62.09	163.23	90.94	176.74	31.86
	266.94	162.62	280.74	170.43	15.86
	4.03	167.93	41.97	183.03	40.84
	141.00	356.00	221.08	373.63	82.00
	134.05	193.90	108.91	181.63	27.98
	167.09	181.70	179.01	186.98	13.03
	44.95	183.63	129.91	215.71	90.81
	203.12	186.89	222.03	196.90	21.39
	94.04	187.90	99.10	189.94	5.45
	181.06	187.86	190.25	191.44	9.86
	202.10	196.80	211.03	200.93	9.83
	14.02	203.94	25.85	207.43	12.33
	224.04	206.92	229.03	208.94	5.38
	24.05	208.45	55.89	217.32	33.06
	59.94	207.75	115.77	226.75	58.97
	13.84	211.67	64.03	230.47	53.60
	218.98	211.84	224.72	214.45	6.30
	178.42	213.46	230.11	232.76	55.17
	245.04	215.90	252.08	218.73	7.59
	135.92	216.63	174.67	233.44	42.23
	263.18	381.75	321.25	392.65	59.09
	181.04	218.93	211.18	231.85	32.79
	79.95	222.17	87.85	224.77	8.32
	26.14	223.69	34.97	227.15	9.48
	98.23	227.80	109.02	231.92	11.55
	27.97	234.10	33.09	235.88	5.42
	178.02	233.95	239.31	257.73	65.74
	234.07	238.73	241.88	242.18	8.54
	61.51	244.52	72.97	248.04	12.00
	167.02	244.91	173.02	246.94	6.34
	40.93	247.67	55.89	252.11	15.61
	190.74	254.59	224.87	267.21	36.39
	161.01	259.98	194.12	273.45	35.74
	244.84	259.40	269.85	268.28	26.54
	198.64	264.37	205.99	267.00	7.81
	44.96	265.16	92.12	278.62	49.04
	275.93	271.17	320.99	288.02	48.10
	193.10	277.59	198.03	279.47	5.27
	175.99	285.98	181.92	287.68	6.17
	71.98	287.51	102.03	296.38	31.33
	287.80	289.58	308.99	296.65	22.33
	179.03	291.13	188.07	294.35	9.60
	331.03	291.55	345.87	296.35	15.60
	267.02	295.94	288.04	303.26	22.26
	189.22	297.31	203.99	302.14	15.54
	417.05	410.97	449.12	418.63	32.97
	350.89	299.28	384.98	312.05	36.40
	188.96	307.35	220.01	317.41	32.64
	345.05	310.88	350.05	312.86	5.39
	343.05	315.89	350.00	317.96	7.24
	361.81	315.66	374.05	319.77	12.91
	74.81	318.41	123.11	331.45	50.02
	3.97	330.21	84.13	344.49	81.43
	3.98	342.13	455.02	426.41	458.85
	33.99	343.91	48.80	346.31	15.01
	4.01	346.89	170.99	377.06	169.68
	98.94	347.22	136.07	354.09	37.76
	214.79	351.59	243.04	358.39	29.06
	134.00	362.00	143.36	363.73	9.52
	7.00	369.90	36.04	374.17	29.35
	228.93	374.30	257.01	379.90	28.63
	313.92	374.31	335.01	379.93	21.83
	209.80	375.17	215.15	376.52	5.52
	59.11	377.79	160.00	394.45	102.26
	184.07	379.73	210.10	383.71	26.33
	44.00	386.03	50.00	387.06	6.09
	53.04	387.88	88.95	391.08	36.06
	53.04	393.66	67.01	395.10	14.04
	74.02	394.93	90.95	396.54	17.00
	106.00	395.03	113.98	396.10	8.05
	12.99	396.65	18.99	397.13	6.02
	179.11	397.29	283.04	413.69	105.21
	97.00	399.06	121.03	401.74	24.18
	81.01	404.93	96.99	407.07	16.13
	395.04	410.84	405.86	413.39	11.11
	285.05	413.27	375.87	427.67	91.96
	185.94	414.15	213.99	416.29	28.13
	235.96	415.61	263.01	419.95	27.40
	238.03	420.66	273.01	426.77	35.51
	279.05	420.56	286.11	421.75	7.15
	290.05	421.69	296.03	422.92	6.11
	273.79	424.40	298.06	428.31	24.57
	299.98	425.71	326.02	428.58	26.19
	385.03	429.42	450.98	439.11	66.66
	457.01	449.94	465.73	451.24	8.82
120
	441.13	3.48	634.03	58.30	200.54
	348.04	51.91	389.90	60.42	42.72
	418.05	65.92	452.98	73.55	35.75
	414.77	9.28	395.12	3.51	20.47
	383.96	9.16	406.92	14.82	23.65
	416.98	8.63	471.92	24.14	57.09
	455.22	10.56	483.05	18.47	28.93
	478.46	77.66	509.96	85.21	32.39
	484.09	19.78	492.02	21.92	8.21
	63.01	21.95	67.90	23.16	5.04
	476.03	24.44	523.07	37.91	48.93
	446.94	25.25	463.94	29.24	17.46
	507.14	25.67	515.04	27.82	8.19
	532.08	88.93	558.98	95.56	27.70
	526.93	38.23	541.97	42.27	15.57
	501.86	39.55	516.03	42.89	14.56
	579.12	98.90	620.13	110.47	42.61
	543.88	43.45	569.29	50.72	26.43
	569.11	43.31	577.19	45.29	8.32
	444.10	46.68	455.00	49.96	11.39
	571.83	50.54	585.93	54.44	14.63
	551.01	51.94	561.97	55.09	11.40
	393.11	52.75	405.96	56.18	13.31
	342.85	55.42	487.09	83.60	146.97
	620.43	107.45	633.98	111.14	14.04
	587.95	55.24	608.93	61.10	21.78
	612.89	61.36	622.97	64.19	10.46
	395.97	62.47	403.88	64.19	8.10
	406.00	64.33	413.02	65.93	7.20
	593.87	63.64	603.43	66.47	9.98
	626.86	66.49	633.98	68.05	7.29
	459.05	67.32	467.96	69.18	9.10
	352.99	68.22	633.98	122.59	286.20
	373.00	78.92	391.01	81.89	18.25
	458.01	82.96	463.06	83.75	5.11
	396.98	84.28	403.87	85.33	6.97
	364.93	85.37	373.00	87.01	8.23
	424.01	168.99	464.97	173.14	41.17
	500.17	86.32	535.07	93.60	35.65
	515.97	86.15	527.01	87.92	11.18
	376.00	88.49	416.03	96.33	40.79
	423.99	88.95	455.01	94.06	31.44
	417.90	95.52	479.02	106.88	62.17
	553.12	96.42	579.16	102.29	26.69
	564.95	96.11	574.03	98.22	9.32
	382.97	99.13	410.01	103.99	27.47
	490.29	174.79	525.02	178.85	34.96
	482.02	105.89	533.99	116.49	53.05
	452.00	110.68	474.01	114.62	22.35
	547.32	179.77	577.05	183.67	29.98
	575.17	115.32	583.08	116.37	7.99
	536.99	116.03	582.04	124.70	45.88
	511.99	120.05	528.01	122.94	16.28
	598.03	184.97	621.98	187.50	24.09
	584.95	124.24	626.07	132.40	41.92
	501.03	128.71	509.01	130.12	8.10
	562.91	128.59	577.11	131.44	14.49
	629.02	131.37	633.96	132.23	5.01
	608.99	136.07	619.03	137.86	10.20
	457.07	140.66	463.00	141.46	5.98
	466.05	156.86	472.03	157.45	6.01
	421.94	174.35	634.01	192.89	212.89
	624.00	177.97	629.99	178.33	5.99
	530.15	179.42	543.03	180.44	12.92
	428.99	184.43	634.00	201.46	205.72
	582.97	184.18	593.01	185.05	10.07
	628.00	189.00	633.97	189.25	5.98
	535.98	199.13	544.02	199.87	8.08
	441.01	201.95	489.99	207.65	49.31
	460.99	203.42	525.98	206.75	65.07
	574.01	202.95	588.01	203.65	14.02
	542.97	290.62	504.97	292.04	38.02
	452.02	205.71	458.01	205.83	5.98
	620.99	206.12	633.02	206.80	12.06
	538.97	208.50	599.00	212.93	60.20
	517.01	208.74	535.97	208.58	18.95
	566.34	288.72	599.02	287.72	32.70
	602.00	211.67	634.01	214.91	32.17
	573.01	211.80	579.01	212.30	6.02
	457.00	213.07	482.99	214.05	26.02
	523.00	215.97	542.95	217.77	20.03
	578.00	218.62	592.99	219.24	15.01
	626.98	220.72	633.99	221.16	7.03
	569.03	231.75	579.02	232.40	10.01
	618.00	232.94	627.00	233.79	9.04
	524.98	252.20	538.00	253.02	13.04
	581.02	252.13	589.97	252.70	8.97
	539.12	275.65	552.97	274.78	13.88
	556.11	289.33	562.04	289.23	5.93
	548.00	290.65	556.97	290.85	8.98
	503.00	298.06	633.99	291.34	131.16
	509.01	306.05	633.99	297.85	125.24
	627.04	301.45	632.90	301.36	5.87
	91.06	302.74	101.96	302.73	10.89
	585.98	304.48	550.98	307.44	35.13
	512.99	309.88	547.04	308.63	34.08
	571.94	309.77	579.00	309.09	7.10
	592.01	309.27	605.00	309.20	12.99
	621.06	315.66	634.01	314.08	13.04
	521.00	324.53	614.06	316.57	93.40
	590.99	320.93	615.00	318.57	24.13
	623.88	412.55	589.12	420.76	35.72
	529.07	328.95	561.99	323.81	33.32
	595.04	325.74	612.99	323.90	18.04
	534.98	331.83	561.74	327.62	27.09
	85.99	354.92	91.20	354.86	5.20
	315.12	363.40	324.01	362.43	8.94
	601.02	368.81	610.01	367.62	9.07
	46.18	370.32	40.00	370.97	6.22
	190.12	388.75	198.04	388.10	7.95
	619.03	391.47	630.00	390.00	11.06
	47.01	392.70	52.13	392.38	5.12
	258.00	405.93	273.00	403.09	15.26
	177.02	412.60	183.01	411.84	6.04
	587.95	427.35	633.93	416.76	47.18
	591.97	431.92	634.00	422.01	43.18
	623.04	436.08	628.00	434.47	5.22
	617.01	441.03	631.01	437.04	14.56
	634.08	443.29	605.07	451.28	30.09
	620.14	455.42	634.04	452.14	14.28
