vx	vy	vz	score	numLines
0.50728383	-0.86176987	-0.00397522	7250.90	441
-0.00953018	0.99995459	0.00000304	4729.83	269
-0.99962058	-0.02754438	-0.00005493	3541.77	350

nLines	x1	y1	x2	y2	length
441
	302.55	3.47	295.08	7.13	8.31
	497.82	3.41	474.02	11.23	25.05
	215.77	4.10	208.91	8.31	8.05
	275.85	9.86	287.94	3.89	13.49
	306.85	6.91	295.00	12.06	12.92
	325.20	7.25	331.88	3.81	7.51
	326.00	12.53	344.64	3.58	20.67
	349.71	8.51	359.89	3.82	11.21
	387.78	8.80	402.93	3.71	15.99
	416.17	4.20	387.53	15.41	30.76
	423.44	11.52	443.86	3.54	21.92
	506.91	8.78	473.90	19.34	34.66
	592.33	16.03	575.00	21.01	18.03
	595.92	5.86	605.94	3.62	10.26
	524.00	15.42	557.95	4.72	35.59
	466.98	5.98	458.76	8.40	8.57
	596.91	15.25	629.91	5.53	34.40
	204.13	16.18	217.12	9.12	14.78
	288.99	8.98	277.03	15.06	13.42
	323.61	17.54	344.09	9.61	21.96
	360.97	10.40	350.03	15.03	11.88
	420.55	20.00	446.30	10.36	27.50
	629.00	15.44	593.76	23.99	36.26
	416.41	11.39	389.00	21.99	29.39
	276.09	20.16	290.96	12.97	16.51
	305.02	13.03	294.30	18.29	11.94
	472.63	26.52	515.01	13.01	44.48
	215.89	14.28	203.56	20.61	13.86
	467.42	28.56	460.09	31.17	7.78
	459.19	16.20	466.68	13.60	7.93
	523.99	23.70	555.93	13.78	33.45
	345.36	15.28	325.12	23.72	21.92
	351.01	21.03	366.29	15.26	16.34
	291.21	17.20	275.93	24.89	17.11
	382.20	18.20	376.34	20.95	6.48
	416.14	18.16	389.00	28.54	29.06
	444.11	17.73	422.51	25.53	22.97
	365.13	21.36	350.05	27.07	16.12
	460.00	23.56	466.93	20.92	7.42
	516.20	21.29	473.97	34.47	44.24
	325.09	29.65	343.74	21.75	20.26
	544.92	26.43	559.80	21.51	15.67
	215.86	23.23	210.00	27.00	6.97
	291.25	23.34	277.01	30.03	15.73
	294.00	29.54	305.14	24.26	12.32
	417.39	24.27	388.96	34.85	30.34
	197.57	35.05	191.09	38.75	7.46
	421.67	31.74	444.10	25.63	23.24
	598.96	32.81	630.03	25.08	32.02
	629.12	34.69	594.97	42.92	35.13
	543.01	26.43	523.96	31.92	19.82
	573.73	30.14	591.11	25.62	17.96
	218.51	26.79	210.05	31.07	9.48
	343.95	27.35	324.95	35.35	20.61
	290.61	28.46	276.95	35.47	15.35
	349.97	32.91	364.84	27.69	15.76
	418.85	29.05	389.09	41.19	32.14
	294.08	34.78	304.80	29.69	11.87
	513.89	29.78	473.96	42.41	41.88
	418.01	45.01	388.07	54.21	31.32
	523.06	41.30	557.01	31.52	35.33
	215.97	32.91	208.01	37.41	9.14
	343.61	33.46	323.96	40.96	21.03
	422.95	39.89	444.07	33.15	22.17
	350.17	39.29	364.94	33.84	15.75
	305.16	35.28	294.03	40.07	12.11
	592.56	79.77	630.03	74.03	37.91
	275.94	40.90	285.93	35.84	11.20
	459.92	38.32	465.88	36.69	6.18
	573.99	38.98	584.05	36.60	10.33
	388.00	48.00	417.09	38.09	30.73
	473.07	50.20	515.99	37.58	44.74
	275.85	45.57	291.79	38.86	17.29
	343.83	39.27	324.99	46.98	20.35
	294.02	45.15	306.04	41.04	12.71
	349.93	45.31	365.07	40.12	16.01
	422.97	46.93	445.15	40.32	23.14
	522.70	49.67	556.99	40.86	35.40
	215.99	42.43	196.98	53.06	21.77
	595.03	52.13	633.99	41.97	40.27
	276.15	50.32	291.06	43.60	16.36
	460.03	46.58	468.34	44.29	8.62
	572.89	48.18	589.00	43.70	16.72
	324.07	52.11	343.90	44.79	21.14
	294.07	50.18	305.27	46.51	11.79
	417.35	51.93	387.75	60.60	30.84
	514.09	46.11	473.00	57.56	42.66
	350.07	51.64	366.29	46.57	17.00
	423.05	54.13	446.15	48.14	23.86
	217.96	61.96	210.04	65.06	8.50
	383.29	49.27	378.03	51.10	5.57
	522.98	57.94	557.20	49.42	35.26
	289.02	50.42	276.04	55.67	13.99
	306.51	51.39	293.03	56.49	14.41
	323.98	57.96	344.07	51.12	21.22
	458.99	53.93	467.98	51.97	9.20
	350.02	57.76	364.98	52.96	15.71
	572.94	56.78	589.07	53.09	16.55
	597.92	60.87	634.07	52.64	37.07
	513.95	54.44	473.00	65.00	42.29
	422.91	61.76	445.01	55.64	22.93
	380.96	56.41	376.18	58.08	5.07
	324.89	63.30	343.87	56.84	20.05
	418.14	58.00	387.08	68.45	32.77
	523.03	66.09	557.00	57.78	34.97
	348.88	63.86	365.18	59.29	16.93
	178.88	61.22	174.26	63.35	5.09
	275.99	65.98	291.44	60.96	16.24
	305.39	62.38	293.91	66.34	12.15
	572.15	66.06	590.01	62.18	18.27
	12.66	69.12	3.90	77.35	12.02
	324.15	69.32	342.95	62.80	19.90
	422.49	68.46	444.04	62.55	22.35
	472.03	73.06	514.94	62.93	44.09
	593.94	70.79	634.00	63.77	40.67
	350.03	70.09	365.03	65.59	15.66
	387.02	74.03	417.05	66.06	31.07
	458.98	68.92	468.05	67.07	9.25
	523.08	74.19	557.96	66.93	35.63
	293.97	71.50	304.96	67.89	11.58
	306.11	73.05	294.02	77.11	12.75
	324.07	75.12	344.07	69.08	20.89
	289.99	70.42	276.06	75.69	14.90
	421.84	75.41	445.23	70.68	23.85
	472.93	80.37	515.07	71.07	43.15
	349.93	76.39	366.27	72.44	16.81
	573.04	75.19	588.02	71.57	15.41
	386.74	80.77	416.31	73.36	30.48
	459.15	76.38	468.08	74.12	9.21
	323.94	80.86	343.06	74.60	20.12
	218.22	76.11	208.12	80.46	10.99
	274.78	80.69	288.04	76.60	13.87
	522.97	82.90	556.98	75.91	34.72
	422.00	82.95	444.88	77.84	23.44
	293.90	82.38	306.07	79.07	12.61
	348.92	82.67	364.04	78.55	15.68
	387.97	87.41	417.20	80.24	30.09
	471.93	87.86	511.83	79.67	40.73
	274.73	85.61	290.29	81.46	16.10
	323.92	86.85	343.96	80.94	20.90
	572.92	83.41	587.87	80.68	15.20
	467.07	82.12	458.22	84.49	9.16
	594.95	88.31	628.04	82.78	33.54
	522.98	90.82	554.97	84.37	32.64
	628.07	91.59	593.89	98.34	34.84
	294.06	88.12	303.88	84.72	10.39
	348.78	88.77	363.97	84.70	15.73
	421.91	89.81	445.01	85.03	23.60
	209.03	89.29	217.23	86.23	8.75
	274.89	90.82	290.33	86.65	15.99
	323.96	92.38	344.04	87.04	20.77
	387.00	93.99	416.08	87.09	29.89
	443.99	99.67	422.03	104.08	22.40
	472.96	95.84	515.30	87.30	43.19
	515.32	128.23	471.12	133.55	44.52
	466.91	89.37	457.99	90.98	9.06
	304.02	90.15	293.95	93.44	10.59
	572.97	92.80	587.93	89.58	15.30
	349.03	95.11	362.92	91.29	14.40
	274.90	95.84	290.06	91.71	15.71
	422.03	97.09	445.34	93.30	23.61
	569.00	92.09	559.96	93.72	9.18
	342.97	93.45	323.97	98.49	19.65
	386.88	100.51	417.42	94.58	31.11
	522.01	99.57	556.00	93.98	34.45
	472.06	103.15	515.22	95.29	43.88
	275.03	101.05	290.00	96.99	15.51
	458.00	98.87	467.08	96.70	9.33
	345.31	123.18	322.87	126.76	22.73
	349.16	101.30	364.01	97.56	15.31
	323.99	104.17	344.38	99.42	20.93
	572.28	101.36	587.95	98.87	15.87
	304.15	101.39	294.06	104.21	10.48
	387.09	107.14	415.96	100.94	29.53
	628.00	101.02	593.94	107.84	34.74
	274.91	106.41	287.99	102.94	13.54
	472.07	110.71	514.07	103.20	42.67
	521.96	108.70	556.99	102.62	35.56
	349.00	107.32	365.92	103.94	17.25
	342.89	105.18	331.07	108.74	12.35
	456.29	107.03	467.37	105.47	11.18
	290.03	107.21	274.91	111.42	15.70
	292.94	110.25	305.40	107.38	12.79
	386.90	113.75	415.19	107.39	29.00
	572.99	110.52	587.90	108.37	15.07
	634.00	108.41	594.00	116.66	40.85
	349.08	113.67	364.16	110.56	15.40
	322.94	115.76	342.86	110.74	20.54
	521.06	118.09	557.21	111.38	36.76
	457.99	113.31	466.01	112.02	8.13
	510.01	112.10	470.91	118.44	39.61
	274.98	116.81	290.00	113.00	15.50
	291.60	115.23	303.98	112.51	12.69
	37.02	139.03	47.30	133.25	11.79
	443.93	114.36	420.99	117.98	23.23
	386.97	119.93	415.01	114.52	28.55
	323.05	121.15	344.14	117.18	21.46
	348.99	119.90	364.04	117.09	15.31
	289.01	118.39	275.03	122.10	14.46
	292.90	120.72	305.24	118.31	12.57
	578.94	118.45	571.68	119.62	7.35
	471.98	125.97	514.60	118.63	43.25
	209.98	121.52	216.08	120.14	6.25
	522.03	125.27	568.01	120.07	46.27
	594.01	125.64	634.02	120.09	40.39
	96.53	123.02	102.03	121.02	5.86
	180.75	146.01	174.94	147.72	6.05
	375.35	122.25	381.25	121.39	5.96
	387.03	127.04	415.13	121.66	28.61
	420.79	125.60	454.00	122.13	33.39
	274.97	126.93	287.97	123.81	13.37
	348.97	125.91	361.99	122.94	13.36
	362.93	129.79	349.00	132.04	14.11
	443.01	129.54	421.07	132.42	22.12
	292.91	126.69	303.96	123.83	11.41
	572.96	128.54	588.00	126.00	15.25
	458.00	128.01	465.98	126.96	8.05
	65.97	138.10	74.14	135.02	8.73
	387.00	133.00	416.45	128.48	29.80
	520.02	135.02	555.99	128.68	36.52
	275.02	132.07	290.66	128.67	16.01
	323.98	132.96	344.32	129.52	20.63
	292.94	131.74	305.03	130.03	12.21
	594.00	134.59	634.04	130.68	40.23
	572.29	137.40	587.03	135.08	14.91
	273.99	136.93	289.94	133.51	16.31
	465.98	148.83	456.73	149.74	9.29
	292.23	137.21	304.22	135.45	12.12
	323.94	138.33	342.95	134.85	19.33
	347.97	137.92	361.98	135.57	14.20
	386.11	139.23	413.95	134.87	28.18
	421.00	139.80	443.91	136.88	23.09
	472.05	141.12	514.90	135.79	43.18
	559.99	137.56	567.01	137.12	7.03
	520.07	142.70	557.38	138.46	37.55
	592.95	143.42	628.00	139.08	35.32
	23.60	144.49	34.04	140.11	11.32
	208.85	140.67	214.99	139.69	6.22
	275.01	142.46	289.11	139.65	14.37
	293.00	142.75	303.96	140.42	11.21
	322.94	143.92	343.00	140.71	20.32
	349.00	144.27	363.96	141.64	15.19
	386.00	146.03	413.87	141.62	28.22
	35.83	150.71	23.02	155.25	13.59
	454.02	143.38	446.98	143.79	7.05
	472.05	148.76	514.04	143.27	42.34
	626.99	149.91	592.96	152.80	34.15
	571.98	145.69	587.00	143.99	15.11
	208.98	145.91	214.98	144.89	6.08
	275.00	147.79	289.01	144.51	14.39
	443.96	165.30	420.01	167.10	24.01
	291.69	148.77	303.07	146.29	11.64
	421.06	146.71	432.92	145.82	11.90
	520.06	151.14	555.99	146.13	36.29
	323.00	149.70	342.91	146.82	20.12
	348.03	150.06	365.07	148.06	17.16
	386.09	152.31	414.80	148.59	28.95
	274.01	152.49	289.97	149.91	16.17
	420.99	153.55	444.32	151.46	23.43
	456.04	165.02	466.09	164.22	10.08
	512.97	151.31	470.82	155.66	42.37
	293.04	153.37	304.18	152.41	11.18
	571.99	154.65	586.00	153.03	14.10
	215.00	154.39	209.05	155.26	6.02
	288.94	155.40	274.04	157.09	15.00
	386.01	158.66	415.34	155.50	29.51
	457.00	157.04	465.06	156.18	8.10
	519.98	159.53	556.91	155.79	37.11
	303.00	157.10	292.94	158.81	10.20
	420.96	160.61	444.13	158.20	23.30
	209.00	160.37	215.08	159.30	6.18
	593.01	162.05	627.04	158.58	34.21
	274.23	162.38	290.03	160.28	15.93
	471.02	163.60	514.19	160.24	43.30
	390.01	165.11	415.00	161.99	25.18
	571.99	163.46	586.05	162.18	14.12
	296.18	164.71	290.98	165.00	5.21
	625.99	168.38	593.01	171.12	33.10
	629.00	163.91	634.00	163.57	5.02
	173.96	164.85	179.09	164.31	5.16
	519.10	167.29	556.00	164.08	37.03
	566.03	172.43	558.94	172.57	7.10
	273.75	167.45	282.01	166.57	8.30
	470.79	170.58	513.94	167.92	43.24
	208.99	169.92	215.00	168.97	6.08
	401.05	170.13	415.41	169.50	14.38
	273.94	172.82	285.00	171.08	11.20
	572.06	172.44	587.09	172.09	15.03
	457.02	172.42	466.07	172.09	9.06
	518.86	175.66	556.85	172.18	38.14
	420.96	174.42	444.09	173.16	23.16
	208.99	174.49	214.99	173.92	6.04
	471.01	178.93	513.95	175.80	43.06
	466.15	178.43	457.03	179.08	9.15
	593.00	179.99	626.99	177.52	34.08
	419.97	182.13	443.03	180.16	23.15
	444.83	180.88	453.04	180.37	8.22
	570.91	181.35	587.14	179.76	16.31
	10.08	182.17	5.12	183.50	5.13
	27.88	183.27	33.00	182.04	5.27
	273.98	182.79	278.98	182.49	5.00
	519.00	184.00	555.93	181.85	36.99
	589.15	209.04	571.04	208.37	18.12
	471.02	186.07	513.00	184.01	42.03
	174.02	186.08	179.06	185.62	5.06
	457.01	186.84	465.93	186.43	8.93
	273.97	187.77	281.00	187.03	7.07
	420.12	188.29	443.00	187.04	22.91
	447.00	187.01	452.99	187.11	5.99
	627.23	187.21	592.10	189.35	35.20
	209.00	188.80	215.02	188.15	6.05
	571.01	190.04	586.02	189.12	15.04
	192.00	189.94	198.02	189.76	6.03
	518.88	192.33	556.69	190.50	37.86
	558.97	190.58	567.99	190.09	9.04
	274.05	192.73	281.99	191.89	7.98
	470.92	193.47	512.91	192.42	42.01
	555.92	199.19	518.93	200.64	37.02
	423.01	195.35	441.01	194.53	18.02
	447.00	194.30	452.02	194.11	5.02
	457.10	194.36	466.02	194.09	8.92
	592.03	198.72	620.04	198.22	28.02
	274.00	197.88	284.02	196.85	10.07
	193.02	198.32	198.99	197.94	5.99
	207.96	198.17	214.98	197.87	7.02
	219.00	197.96	250.00	197.98	31.00
	98.98	200.07	106.11	200.02	7.13
	570.90	199.35	587.25	199.32	16.35
	470.99	201.60	512.91	200.30	41.94
	457.01	201.95	465.93	201.60	8.92
	219.00	202.91	250.03	202.77	31.03
	273.99	202.70	285.00	202.00	11.03
	426.98	202.12	444.09	202.09	17.10
	191.98	203.21	197.00	202.99	5.02
	208.00	203.01	214.99	202.99	7.00
	444.00	209.00	430.98	209.65	13.04
	215.25	206.40	207.96	206.82	7.30
	219.00	207.03	248.99	207.63	29.99
	274.01	207.07	287.01	206.95	13.00
	592.00	208.01	633.97	206.64	41.99
	518.88	208.79	567.00	209.02	48.12
	465.00	216.90	457.01	216.98	8.00
	454.71	211.01	466.24	210.37	11.56
	471.01	208.86	512.95	208.59	41.94
	555.95	217.17	518.97	217.08	36.98
	219.00	212.09	248.99	212.54	29.99
	274.00	212.55	289.01	211.95	15.03
	226.99	216.76	248.99	216.79	22.00
	192.01	215.89	198.01	215.80	6.00
	471.01	217.04	513.00	217.02	41.99
	4.00	216.54	9.35	216.58	5.34
	208.00	216.96	215.89	216.88	7.90
	274.00	216.98	288.14	217.47	14.15
	434.98	217.19	443.05	216.84	8.09
	592.00	217.09	633.97	217.73	41.98
	273.00	221.97	278.00	222.19	5.01
	280.97	222.47	287.18	222.50	6.21
	456.11	224.29	465.99	224.82	9.89
	445.97	225.24	452.01	225.06	6.04
	470.13	224.55	512.98	225.96	42.87
	519.06	225.25	555.81	226.39	36.76
	557.99	226.82	567.08	227.32	9.11
	570.99	226.62	585.96	227.20	14.99
	592.05	227.23	634.00	228.95	41.99
	235.09	227.56	240.85	227.84	5.76
	456.27	232.49	465.95	232.74	9.68
	446.98	232.79	452.03	232.87	5.05
	471.02	233.25	513.00	234.21	41.99
	518.96	234.55	555.91	235.81	36.97
	558.00	236.02	565.99	235.81	7.99
	570.96	236.07	586.97	236.94	16.03
	591.97	236.91	633.99	239.39	42.09
	554.98	245.10	519.02	242.91	36.03
	190.65	239.75	195.84	240.19	5.21
	446.00	239.79	452.00	239.67	6.00
	455.98	239.71	466.01	239.98	10.03
	470.97	240.46	513.03	242.79	42.12
	570.05	245.08	585.97	246.11	15.96
	590.98	245.96	626.98	248.98	36.12
	470.10	248.46	509.00	251.54	39.03
	555.90	253.06	566.10	254.23	10.27
	517.90	251.26	554.03	253.79	36.22
	480.11	252.50	490.03	253.75	10.00
	41.01	252.63	47.96	254.32	7.15
	571.01	253.90	585.91	255.25	14.97
	591.00	255.14	625.99	256.46	35.02
	555.17	271.21	518.06	267.33	37.32
	593.07	258.42	615.00	261.13	22.10
	519.01	258.97	553.99	262.27	35.14
	187.00	260.12	192.37	260.64	5.39
	618.94	261.39	626.04	262.20	7.14
	628.14	261.41	634.00	261.55	5.87
	557.98	262.17	565.94	262.66	7.97
	466.01	263.03	478.82	264.62	12.91
	570.92	262.55	586.04	263.68	15.16
	487.00	265.02	514.93	266.64	27.97
	458.00	270.10	474.46	271.16	16.49
	557.93	271.39	565.11	272.37	7.24
	483.00	271.99	553.99	280.16	71.46
	570.03	271.73	627.02	275.33	57.11
	628.06	271.77	634.01	272.44	5.98
	492.06	280.30	499.40	281.05	7.38
	459.02	277.06	464.05	277.30	5.03
	485.02	277.74	490.16	278.35	5.17
	570.00	280.01	626.07	285.60	56.35
	557.99	280.66	565.00	281.10	7.02
	586.04	289.89	634.01	294.44	48.19
	570.14	288.60	585.08	290.58	15.08
	223.07	293.61	231.93	295.70	9.11
	212.01	298.87	216.98	300.08	5.12
	628.09	303.36	633.99	304.44	6.00
	502.72	304.35	510.08	305.29	7.43
	487.99	305.07	505.05	307.67	17.26
	568.02	313.72	575.00	314.43	7.01
	551.61	315.37	620.97	323.22	69.81
	575.19	351.92	612.78	358.49	38.16
	568.02	322.12	574.27	323.40	6.38
	592.03	334.86	577.95	332.67	14.25
	373.06	335.37	378.05	336.25	5.07
	577.91	336.62	583.00	337.13	5.12
	210.01	339.12	215.91	340.90	6.16
	234.46	339.37	241.03	341.73	6.98
	542.96	350.41	560.94	352.82	18.14
	424.03	352.24	430.76	353.45	6.84
	400.10	353.42	407.82	356.01	8.14
	538.97	353.37	544.16	354.39	5.29
	170.95	360.91	179.04	364.43	8.82
	569.98	361.17	602.91	367.23	33.49
	598.04	362.06	603.00	363.00	5.05
	228.15	373.93	235.57	376.70	7.92
	622.92	384.41	633.04	386.08	10.26
	585.01	396.11	604.98	401.04	20.57
	583.00	401.97	589.19	403.86	6.47
	553.16	403.71	562.13	405.70	9.19
	576.00	407.99	580.97	409.06	5.09
	400.97	421.70	423.99	428.93	24.13
	428.02	429.93	485.81	453.29	62.34
	628.20	434.75	634.00	436.02	5.93
	477.98	439.92	488.69	443.53	11.31
	499.02	439.94	508.91	443.34	10.45
	497.97	458.14	523.89	469.17	28.17
269
	18.90	3.99	19.97	26.02	22.06
	23.36	3.99	22.47	28.96	24.98
	66.70	4.00	67.22	55.06	51.07
	104.95	4.00	104.42	31.99	27.99
	109.22	3.96	109.61	27.89	23.93
	116.85	3.97	117.01	28.00	24.03
	133.49	4.08	132.53	27.00	22.94
	138.13	4.01	138.59	27.99	23.98
	168.03	4.00	169.03	36.28	32.30
	173.17	49.00	175.59	3.51	45.56
	268.21	4.05	267.22	55.97	51.93
	273.18	4.03	271.33	234.90	230.88
	321.85	3.98	320.05	155.00	151.03
	347.88	4.01	347.37	54.90	50.90
	377.27	4.00	376.71	17.95	13.97
	385.32	4.05	384.64	46.89	42.85
	469.58	5.43	470.44	48.91	43.49
	519.35	4.00	517.45	51.02	47.06
	573.65	4.01	573.32	28.03	24.02
	592.82	4.00	593.17	15.01	11.01
	7.51	5.48	7.39	12.74	7.26
	125.16	5.01	125.05	28.00	22.99
	146.02	5.00	146.00	28.00	23.00
	154.05	6.00	154.01	29.00	23.00
	161.80	5.94	161.42	27.99	22.06
	315.40	5.92	314.78	24.13	18.22
	62.98	7.97	61.86	53.99	46.03
	367.20	8.17	366.76	26.14	17.98
	307.72	8.97	307.03	26.98	18.02
	447.07	10.07	447.11	22.93	12.87
	188.58	11.98	188.24	17.97	6.00
	253.36	44.99	254.13	13.94	31.06
	219.04	13.03	218.88	21.08	8.05
	202.09	17.96	201.99	29.00	11.04
	375.89	22.03	375.68	36.00	13.97
	559.87	23.96	559.60	30.24	6.29
	16.36	25.29	17.03	37.00	11.73
	198.05	25.00	197.78	34.04	9.04
	572.09	45.02	573.01	31.00	14.05
	593.33	26.02	592.99	33.00	6.98
	366.77	26.85	366.87	39.04	12.19
	182.12	28.00	181.84	42.09	14.10
	306.99	28.99	306.99	38.01	9.01
	218.51	32.03	218.31	37.43	5.40
	419.89	31.97	419.27	44.04	12.09
	458.10	32.02	456.69	59.03	27.05
	559.59	39.29	559.59	33.14	6.15
	258.18	35.09	257.81	45.88	10.80
	592.07	35.01	591.78	78.96	43.95
	261.06	36.99	260.79	44.09	7.10
	197.88	37.99	198.29	51.03	13.05
	218.77	38.98	218.42	46.40	7.43
	306.94	39.96	306.64	50.21	10.26
	366.90	39.93	366.88	45.09	5.16
	446.96	39.97	446.74	54.24	14.27
	572.12	62.99	572.18	49.03	13.97
	260.87	44.93	261.09	52.95	8.03
	630.43	45.93	630.64	51.26	5.34
	189.98	46.99	190.10	53.05	6.07
	253.85	46.95	253.35	59.04	12.10
	218.71	48.98	218.15	61.05	12.08
	366.69	48.96	366.89	57.04	8.08
	384.76	49.00	384.63	66.94	17.94
	558.71	66.19	558.96	50.99	15.20
	314.82	50.99	314.30	70.00	19.01
	181.41	51.94	181.66	71.03	19.09
	518.96	52.00	517.37	77.97	26.02
	307.10	53.02	306.53	67.14	14.14
	470.33	53.04	470.04	71.99	18.96
	190.36	169.20	190.83	60.99	108.21
	446.00	55.23	446.56	69.28	14.06
	375.56	58.94	375.41	75.01	16.07
	627.75	55.89	627.97	61.00	5.12
	199.77	218.05	202.19	68.00	150.06
	569.02	58.50	569.07	64.00	5.50
	267.71	59.02	267.45	102.55	43.53
	457.31	88.01	456.93	64.99	23.02
	419.13	60.02	417.59	188.88	128.87
	609.12	60.00	608.91	65.00	5.01
	186.77	61.01	187.73	80.91	19.92
	257.89	65.92	258.12	73.00	7.08
	346.41	62.15	346.61	95.96	33.81
	571.45	75.03	571.75	66.94	8.10
	253.54	66.96	253.06	92.99	26.03
	558.70	66.78	558.79	83.13	16.36
	173.51	71.96	172.84	82.01	10.07
	172.78	82.98	172.98	95.00	12.03
	384.60	73.93	383.26	162.03	88.11
	131.21	75.13	131.41	85.89	10.76
	140.48	75.09	140.30	87.24	12.15
	260.58	74.77	260.01	83.00	8.24
	469.55	74.93	467.75	250.93	176.01
	218.56	77.92	218.48	99.03	21.10
	314.35	78.93	313.22	151.04	72.11
	591.41	79.99	590.27	183.00	103.02
	260.01	84.00	259.63	113.19	29.19
	572.05	84.01	571.68	93.12	9.12
	628.60	84.23	628.88	90.92	6.70
	445.95	84.94	445.97	90.01	5.07
	20.92	86.02	20.67	144.99	58.97
	66.01	86.00	66.13	92.95	6.95
	181.10	86.06	181.15	93.91	7.85
	445.50	92.59	445.04	98.85	6.27
	517.28	87.04	516.32	127.00	39.97
	105.41	88.99	105.16	160.98	71.99
	187.90	89.02	187.85	94.91	5.89
	457.21	91.15	456.68	99.00	7.86
	14.88	90.02	15.26	109.99	19.98
	165.47	90.04	163.62	172.85	82.83
	306.18	90.10	306.23	110.85	20.75
	9.05	92.06	7.96	110.00	17.97
	138.31	93.99	138.41	113.84	19.86
	110.77	92.99	110.58	112.97	19.97
	117.95	93.00	117.50	113.05	20.06
	124.99	113.00	124.67	92.92	20.08
	132.05	92.99	131.47	113.64	20.65
	145.12	94.00	145.07	114.00	20.00
	583.68	92.89	583.43	98.11	5.22
	152.59	93.96	152.08	114.01	20.06
	159.60	94.00	159.43	113.98	19.98
	180.93	94.97	181.06	110.99	16.02
	253.26	96.02	252.64	122.95	26.93
	376.08	120.00	374.87	99.01	21.03
	187.64	96.92	187.30	141.96	45.04
	345.92	97.98	345.38	122.02	24.04
	365.95	97.96	365.92	103.05	5.09
	571.25	111.04	571.32	102.06	8.98
	445.65	99.78	445.78	105.09	5.31
	456.01	118.00	455.93	108.01	9.99
	610.01	107.00	609.72	112.03	5.04
	266.91	108.97	265.33	171.00	62.05
	445.64	108.86	445.35	114.15	5.30
	365.75	109.89	365.55	115.68	5.80
	557.85	110.91	557.56	119.33	8.42
	208.20	112.06	207.40	129.03	16.99
	259.73	113.86	260.12	121.99	8.14
	571.11	120.01	571.36	129.98	9.98
	14.86	120.02	14.75	139.96	19.94
	109.58	120.86	110.20	141.97	21.12
	180.83	120.92	180.92	145.01	24.09
	123.68	122.21	124.86	142.00	19.83
	131.94	122.00	131.27	142.95	20.96
	143.80	122.07	144.32	142.01	19.94
	151.99	123.00	151.73	142.99	20.00
	250.52	219.99	252.48	128.00	92.01
	305.96	123.97	305.69	134.14	10.18
	345.52	123.92	345.87	134.04	10.13
	66.16	128.00	65.63	137.40	9.42
	516.57	129.07	516.13	266.04	136.97
	557.93	130.96	557.51	137.35	6.41
	207.66	131.98	207.38	160.88	28.90
	137.79	133.97	137.67	141.97	8.00
	456.19	150.07	455.61	139.00	11.08
	613.57	133.96	613.28	139.12	5.17
	305.39	134.98	305.66	140.15	5.18
	345.40	135.75	345.71	151.01	15.26
	445.00	136.00	445.28	141.00	5.01
	570.73	137.98	570.39	146.95	8.98
	217.13	167.93	217.75	139.83	28.11
	557.82	139.96	557.95	146.02	6.06
	66.49	140.83	65.19	162.09	21.30
	305.86	140.93	305.45	151.07	10.14
	365.55	141.78	365.36	146.88	5.10
	159.53	146.29	158.20	165.00	18.75
	618.13	143.00	617.95	148.00	5.01
	628.08	143.01	627.86	149.64	6.64
	14.75	144.01	14.49	156.01	12.01
	445.45	144.94	444.85	164.13	19.19
	101.07	153.88	101.01	147.01	6.88
	116.93	147.00	117.16	154.96	7.96
	557.88	146.94	557.89	154.07	7.13
	144.16	148.01	144.01	155.00	7.00
	151.73	148.02	151.61	155.08	7.06
	180.54	147.84	180.41	155.12	7.28
	186.76	150.02	186.25	201.99	51.97
	258.71	151.01	258.93	163.04	12.04
	455.86	150.98	456.15	164.05	13.08
	570.69	153.13	569.92	181.01	27.89
	613.10	152.98	613.29	158.20	5.22
	633.60	154.90	633.46	160.02	5.13
	557.23	158.01	557.26	170.04	12.04
	180.42	160.00	180.21	180.97	20.97
	207.02	163.01	206.58	217.00	54.00
	566.74	166.08	566.64	171.12	5.04
	217.04	169.02	216.93	178.03	9.01
	258.65	169.14	258.61	197.98	28.84
	190.15	172.00	190.49	222.93	50.93
	604.09	171.96	603.93	176.99	5.03
	444.62	172.72	444.81	179.15	6.43
	557.06	174.04	556.89	181.06	7.02
	265.40	174.93	265.13	208.99	34.06
	456.48	179.13	455.40	202.09	22.98
	444.40	194.26	444.86	181.96	12.31
	618.02	181.00	618.00	186.00	5.00
	556.67	181.79	556.58	189.40	7.62
	588.36	182.99	589.53	208.01	25.05
	180.21	183.92	180.30	196.08	12.16
	216.90	183.95	216.74	197.12	13.17
	569.72	190.02	569.96	199.86	9.85
	594.45	190.92	594.49	196.05	5.14
	179.86	198.92	179.88	207.06	8.14
	556.64	199.09	556.96	206.02	6.94
	599.60	200.09	599.43	205.10	5.01
	569.77	202.00	569.65	254.47	52.46
	60.55	203.59	60.96	210.51	6.94
	186.19	203.98	186.57	217.11	13.13
	216.84	203.93	215.90	216.02	12.13
	589.59	210.03	588.40	259.85	49.84
	594.88	210.00	594.70	215.12	5.12
	603.94	210.00	603.73	215.01	5.01
	444.62	210.88	443.96	224.02	13.16
	264.97	214.01	265.15	230.99	16.98
	556.53	218.56	556.58	226.45	7.89
	627.71	220.00	627.75	226.10	6.10
	455.13	224.03	455.21	232.95	8.91
	454.90	235.00	454.70	241.99	6.99
	556.58	238.01	556.13	244.74	6.75
	565.02	237.98	565.11	243.06	5.07
	598.06	238.98	598.01	244.01	5.03
	200.67	241.87	200.75	248.06	6.19
	612.48	248.90	612.55	254.05	5.15
	498.11	256.01	498.38	262.10	6.09
	504.92	256.00	505.23	261.98	5.99
	556.05	256.01	556.01	269.00	12.99
	569.51	255.97	568.73	271.97	16.02
	605.26	262.75	605.20	269.96	7.21
	454.10	263.99	454.14	269.98	5.99
	617.56	264.00	617.76	273.03	9.03
	632.12	264.00	632.31	269.99	5.99
	117.84	268.95	117.98	274.01	5.06
	555.81	272.88	555.73	280.23	7.34
	568.63	273.95	566.34	313.96	40.08
	555.91	281.95	555.72	288.11	6.16
	514.86	287.07	515.10	303.96	16.90
	519.43	288.02	519.01	302.00	13.99
	550.36	291.00	550.37	296.01	5.01
	554.26	291.01	553.43	303.31	12.33
	569.62	290.90	569.91	307.01	16.11
	531.05	292.01	531.31	304.26	12.26
	534.51	292.36	534.47	301.97	9.61
	564.01	292.00	563.52	307.94	15.94
	503.32	292.90	503.20	302.10	9.20
	579.27	293.02	579.55	302.01	8.99
	583.83	292.97	584.08	312.98	20.01
	590.74	294.01	590.99	314.00	19.99
	527.29	294.95	526.88	307.00	12.05
	622.06	297.01	621.85	320.97	23.96
	620.29	299.91	620.43	304.99	5.08
	472.95	301.60	472.57	307.04	5.46
	554.07	303.96	554.01	313.00	9.04
	577.41	304.03	577.01	315.01	10.99
	593.61	303.93	593.03	317.02	13.10
	629.95	307.01	630.38	336.67	29.66
	611.39	308.96	611.60	317.02	8.06
	443.42	311.38	443.11	317.08	5.71
	598.72	311.03	598.84	316.20	5.18
	548.97	315.00	549.27	320.18	5.19
	576.00	320.00	575.04	350.99	31.00
	622.11	325.01	622.08	333.00	7.99
	391.75	341.04	392.27	350.97	9.94
	416.99	357.01	417.18	362.04	5.03
	257.12	359.05	256.96	364.05	5.00
	558.63	360.02	558.50	365.22	5.19
	615.01	372.00	614.64	381.10	9.10
	385.17	373.80	385.27	379.16	5.37
	606.47	387.96	607.57	414.93	27.00
	218.68	393.88	219.07	402.20	8.33
	616.90	395.00	617.14	401.03	6.03
	131.27	402.92	131.48	408.03	5.11
350
	39.97	5.42	48.06	5.14	8.10
	70.97	6.07	82.02	7.10	11.09
	220.98	7.34	253.29	9.83	32.40
	220.97	12.22	252.02	13.36	31.07
	220.99	17.27	252.00	17.88	31.02
	561.95	21.60	570.99	21.61	9.04
	220.00	21.99	252.00	23.06	32.02
	448.93	24.63	455.01	24.95	6.10
	221.00	27.14	251.98	28.24	31.00
	110.06	28.69	115.90	28.70	5.84
	118.05	28.87	123.83	28.63	5.79
	51.91	31.00	58.00	31.07	6.09
	220.99	31.52	250.99	31.92	30.01
	447.84	32.64	454.99	32.80	7.15
	81.05	34.94	75.89	34.82	5.16
	103.03	34.14	166.02	36.86	63.05
	220.97	36.69	250.93	37.26	29.97
	154.91	40.25	169.95	40.61	15.04
	448.97	39.73	455.10	40.30	6.16
	560.94	40.52	568.97	40.73	8.03
	221.03	41.30	251.00	42.08	29.98
	48.79	43.22	57.05	43.64	8.26
	142.64	44.99	147.98	45.15	5.34
	367.91	45.47	374.12	45.89	6.22
	220.99	46.22	251.98	47.31	31.01
	112.99	48.17	119.07	48.08	6.09
	158.93	48.05	166.42	48.21	7.49
	558.58	49.67	570.00	50.11	11.43
	221.00	51.46	251.00	51.87	30.00
	18.90	55.17	61.04	56.75	42.17
	106.76	55.11	112.81	54.90	6.06
	448.00	55.09	455.02	55.30	7.03
	220.00	56.05	250.98	57.20	31.00
	67.16	57.86	171.93	59.75	104.79
	59.96	66.75	18.03	65.59	41.94
	561.00	57.95	567.97	58.25	6.97
	70.02	66.90	170.99	69.76	101.02
	219.99	61.08	251.00	62.07	31.02
	448.99	62.25	455.02	62.12	6.04
	219.99	65.92	251.98	66.63	31.99
	561.00	66.06	569.02	66.32	8.03
	67.83	70.19	91.08	70.90	23.27
	20.00	69.29	25.06	69.54	5.06
	448.01	70.05	454.00	70.55	6.02
	194.00	71.03	199.04	71.38	5.05
	220.00	71.03	230.99	71.03	10.99
	233.06	71.25	243.98	72.13	10.95
	245.06	76.11	219.99	75.91	25.08
	369.00	71.29	374.03	71.56	5.04
	132.00	74.00	138.92	74.26	6.93
	118.95	76.31	125.00	76.30	6.06
	144.05	77.29	153.00	77.98	8.99
	560.98	75.66	567.00	75.96	6.03
	24.24	76.80	30.95	77.25	6.72
	448.00	76.94	455.06	77.46	7.08
	194.00	79.97	199.10	80.37	5.12
	219.89	80.56	251.01	81.27	31.13
	25.46	80.83	31.17	80.75	5.70
	13.01	85.69	19.99	85.59	6.99
	221.01	85.27	250.99	86.13	29.99
	447.97	84.70	454.00	84.62	6.02
	454.01	92.06	446.14	92.16	7.87
	106.36	88.63	163.02	89.18	56.66
	219.97	90.25	250.98	90.83	31.02
	367.86	90.55	373.02	90.65	5.16
	558.87	102.48	569.07	103.41	10.24
	219.99	95.12	250.99	96.10	31.02
	368.00	97.04	373.02	97.16	5.02
	219.99	100.32	241.07	100.85	21.09
	367.85	103.32	373.06	103.56	5.21
	219.01	104.94	251.03	105.85	32.04
	331.40	110.48	323.09	110.13	8.31
	193.00	107.01	199.92	107.63	6.95
	194.01	110.45	199.09	110.66	5.09
	220.00	109.94	250.00	110.05	29.99
	368.00	110.06	373.08	110.37	5.09
	560.00	111.09	569.00	110.96	9.00
	207.61	130.13	216.00	130.03	8.39
	111.00	114.42	130.98	114.83	19.99
	138.98	115.22	158.87	115.43	19.89
	193.99	115.22	199.00	115.05	5.01
	220.01	114.81	250.00	115.08	29.99
	110.85	119.73	130.86	119.29	20.01
	4.00	118.82	13.97	119.12	9.97
	30.28	119.71	40.66	120.52	10.42
	138.99	120.08	158.00	120.25	19.01
	220.00	119.81	251.02	120.28	31.03
	366.90	122.52	372.05	122.64	5.15
	193.01	124.09	199.01	124.24	6.01
	220.00	124.11	251.03	124.75	31.03
	445.94	128.59	453.98	128.26	8.05
	220.00	129.72	250.00	130.12	30.00
	372.02	134.04	365.73	134.15	6.29
	193.00	132.91	198.97	132.68	5.98
	219.99	134.61	251.04	134.73	31.04
	447.00	136.07	454.03	136.32	7.04
	220.00	139.67	249.99	140.21	29.99
	4.00	141.61	14.04	141.61	10.04
	457.12	142.55	467.38	142.45	10.26
	69.00	144.07	74.14	143.98	5.14
	110.02	145.04	131.03	144.41	21.02
	219.00	144.22	250.01	144.87	31.02
	559.94	146.39	567.01	146.92	7.09
	375.89	147.43	381.13	147.19	5.25
	180.00	156.00	173.87	155.74	6.13
	366.98	147.93	372.00	148.04	5.02
	219.00	148.93	249.98	149.83	30.99
	192.98	150.34	199.00	150.10	6.03
	446.97	150.62	453.06	150.66	6.10
	219.00	154.05	250.01	154.76	31.02
	559.00	155.83	568.01	155.73	9.01
	448.02	157.77	453.13	158.20	5.14
	193.01	159.57	198.14	159.56	5.13
	218.99	159.18	249.97	159.67	30.99
	180.00	182.00	173.99	181.89	6.02
	192.99	163.18	199.02	163.44	6.04
	4.00	164.71	14.01	165.16	10.02
	219.00	163.94	249.97	164.58	30.98
	559.00	164.04	567.01	164.52	8.03
	447.00	165.01	453.05	165.20	6.05
	566.03	172.43	558.94	172.57	7.10
	192.02	168.29	198.04	168.16	6.02
	173.99	168.98	179.04	169.19	5.05
	219.00	168.91	250.06	169.46	31.07
	401.05	170.13	415.41	169.50	14.38
	572.06	172.44	587.09	172.09	15.03
	192.03	171.84	198.00	172.31	5.99
	457.02	172.42	466.07	172.09	9.06
	174.05	173.27	179.43	173.55	5.38
	447.00	172.77	452.02	172.90	5.02
	219.00	173.61	248.94	174.18	29.94
	193.00	176.97	198.03	177.16	5.03
	218.96	178.47	250.00	179.07	31.05
	209.00	179.00	214.99	178.95	5.99
	193.01	180.73	198.03	180.81	5.02
	558.89	181.34	567.03	181.83	8.15
	218.99	183.22	249.98	184.14	31.00
	589.15	209.04	571.04	208.37	18.12
	207.89	183.81	214.99	183.77	7.09
	471.02	186.07	513.00	184.01	42.03
	457.01	186.84	465.93	186.43	8.93
	447.00	187.01	452.99	187.11	5.99
	219.00	188.15	249.95	188.53	30.95
	174.01	190.04	179.01	190.04	5.00
	192.00	189.94	198.02	189.76	6.03
	518.88	192.33	556.69	190.50	37.86
	470.92	193.47	512.91	192.42	42.01
	207.98	192.94	215.00	192.99	7.02
	219.00	192.94	249.89	193.72	30.90
	555.92	199.19	518.93	200.64	37.02
	423.01	195.35	441.01	194.53	18.02
	447.00	194.30	452.02	194.11	5.02
	457.10	194.36	466.02	194.09	8.92
	592.03	198.72	620.04	198.22	28.02
	207.96	198.17	214.98	197.87	7.02
	219.00	197.96	250.00	197.98	31.00
	98.98	200.07	106.11	200.02	7.13
	570.90	199.35	587.25	199.32	16.35
	470.99	201.60	512.91	200.30	41.94
	457.01	201.95	465.93	201.60	8.92
	219.00	202.91	250.03	202.77	31.03
	426.98	202.12	444.09	202.09	17.10
	191.98	203.21	197.00	202.99	5.02
	208.00	203.01	214.99	202.99	7.00
	444.00	209.00	430.98	209.65	13.04
	219.00	207.03	248.99	207.63	29.99
	274.01	207.07	287.01	206.95	13.00
	592.00	208.01	633.97	206.64	41.99
	518.88	208.79	567.00	209.02	48.12
	465.00	216.90	457.01	216.98	8.00
	471.01	208.86	512.95	208.59	41.94
	555.95	217.17	518.97	217.08	36.98
	207.89	211.83	215.11	212.34	7.23
	219.00	212.09	248.99	212.54	29.99
	274.00	212.55	289.01	211.95	15.03
	226.99	216.76	248.99	216.79	22.00
	192.01	215.89	198.01	215.80	6.00
	471.01	217.04	513.00	217.02	41.99
	4.00	216.54	9.35	216.58	5.34
	208.00	216.96	215.89	216.88	7.90
	274.00	216.98	288.14	217.47	14.15
	434.98	217.19	443.05	216.84	8.09
	592.00	217.09	633.97	217.73	41.98
	273.00	221.97	278.00	222.19	5.01
	280.97	222.47	287.18	222.50	6.21
	456.11	224.29	465.99	224.82	9.89
	445.97	225.24	452.01	225.06	6.04
	470.13	224.55	512.98	225.96	42.87
	519.06	225.25	555.81	226.39	36.76
	557.99	226.82	567.08	227.32	9.11
	570.99	226.62	585.96	227.20	14.99
	592.05	227.23	634.00	228.95	41.99
	235.09	227.56	240.85	227.84	5.76
	456.27	232.49	465.95	232.74	9.68
	446.98	232.79	452.03	232.87	5.05
	471.02	233.25	513.00	234.21	41.99
	518.96	234.55	555.91	235.81	36.97
	558.00	236.02	565.99	235.81	7.99
	570.96	236.07	586.97	236.94	16.03
	591.97	236.91	633.99	239.39	42.09
	554.98	245.10	519.02	242.91	36.03
	190.65	239.75	195.84	240.19	5.21
	446.00	239.79	452.00	239.67	6.00
	455.98	239.71	466.01	239.98	10.03
	470.97	240.46	513.03	242.79	42.12
	570.05	245.08	585.97	246.11	15.96
	590.98	245.96	626.98	248.98	36.12
	470.10	248.46	509.00	251.54	39.03
	203.00	249.99	208.01	249.93	5.02
	517.90	251.26	554.03	253.79	36.22
	591.00	255.14	625.99	256.46	35.02
	628.14	261.41	634.00	261.55	5.87
	557.98	262.17	565.94	262.66	7.97
	570.92	262.55	586.04	263.68	15.16
	487.00	265.02	514.93	266.64	27.97
	171.01	266.00	176.18	266.19	5.17
	186.14	269.41	192.05	269.57	5.92
	458.00	270.10	474.46	271.16	16.49
	570.03	271.73	627.02	275.33	57.11
	56.07	272.86	67.16	273.25	11.10
	459.02	277.06	464.05	277.30	5.03
	534.99	285.21	519.05	284.93	15.95
	557.99	280.66	565.00	281.10	7.02
	500.68	283.14	517.85	283.31	17.17
	56.99	284.92	66.90	285.38	9.92
	54.51	292.54	60.04	292.34	5.53
	4.02	293.71	31.10	295.29	27.12
	46.00	295.04	55.94	294.96	9.94
	169.98	295.46	175.02	295.40	5.05
	57.93	296.29	66.09	295.85	8.18
	118.08	302.11	125.00	302.57	6.93
	490.89	303.84	500.24	303.66	9.36
	3.99	305.71	41.99	305.47	38.00
	175.07	307.41	184.12	307.30	9.05
	37.02	309.13	60.00	307.99	23.01
	71.01	313.90	83.90	313.24	12.91
	530.73	313.68	537.92	313.89	7.19
	87.95	315.62	106.96	315.18	19.02
	7.06	318.22	37.02	319.22	29.97
	583.11	320.36	593.03	320.83	9.93
	74.02	322.86	81.00	322.66	6.99
	6.00	326.89	18.00	326.51	12.00
	71.99	328.91	95.00	329.48	23.01
	3.96	331.33	44.01	330.69	40.06
	143.01	330.95	153.02	331.04	10.01
	93.98	334.35	131.98	336.36	38.06
	225.00	334.00	230.04	333.91	5.04
	13.91	334.56	23.02	334.53	9.11
	592.95	335.64	599.08	335.52	6.14
	67.01	335.85	76.97	335.51	9.97
	100.97	339.24	127.94	339.54	26.97
	18.97	341.14	57.00	340.99	38.02
	480.08	340.84	492.18	341.56	12.12
	579.03	342.25	598.05	342.82	19.03
	154.06	347.50	161.04	347.20	6.99
	3.99	346.74	47.00	346.45	43.02
	104.95	347.30	150.01	345.70	45.09
	484.08	346.17	491.01	346.06	6.92
	72.99	347.17	101.12	348.40	28.16
	74.00	351.00	60.00	350.89	14.00
	126.98	350.26	135.99	350.08	9.02
	4.00	350.51	50.01	352.92	46.07
	84.89	354.64	94.05	354.20	9.17
	108.98	356.56	160.96	355.43	51.99
	79.99	357.49	87.08	357.47	7.09
	6.99	359.51	14.00	359.23	7.01
	120.97	359.87	129.99	359.87	9.02
	162.89	359.42	168.99	359.14	6.10
	585.99	360.27	596.02	360.56	10.04
	106.98	360.72	113.04	360.84	6.07
	4.01	365.23	12.02	365.73	8.02
	54.97	366.39	86.98	366.46	32.01
	149.97	366.48	126.00	366.95	23.97
	4.00	369.14	9.98	368.89	5.99
	45.96	371.25	77.14	372.44	31.20
	128.98	372.47	148.98	371.49	20.02
	92.01	373.10	104.01	372.78	12.01
	47.02	375.34	63.05	374.82	16.03
	131.00	378.98	152.03	378.63	21.04
	624.00	378.01	633.00	378.64	9.03
	461.17	379.53	468.01	379.99	6.85
	4.00	380.09	14.98	380.31	10.99
	195.31	381.27	200.81	381.47	5.51
	24.98	381.11	31.93	381.54	6.96
	82.15	382.19	103.97	383.70	21.88
	66.93	384.39	86.91	384.48	19.98
	118.04	383.70	126.01	383.94	7.97
	3.98	386.36	20.00	386.36	16.02
	180.18	389.75	187.02	389.64	6.83
	84.96	394.89	95.99	394.89	11.03
	342.30	403.82	333.05	403.76	9.25
	72.06	405.27	82.01	405.08	9.95
	62.93	397.82	82.02	397.11	19.11
	176.57	398.40	182.02	398.26	5.46
	569.26	401.54	575.99	402.03	6.75
	37.02	402.88	56.00	402.96	18.98
	164.01	404.09	170.04	404.19	6.03
	255.96	403.28	263.10	403.75	7.16
	464.99	403.98	473.18	404.51	8.21
	511.96	407.38	525.03	408.21	13.10
	4.00	407.00	13.01	407.12	9.01
	19.01	407.26	46.01	408.17	27.01
	63.02	409.11	83.00	410.05	20.00
	187.99	409.47	244.02	410.85	56.04
	253.93	410.47	269.99	410.84	16.06
	535.88	408.98	559.01	409.98	23.15
	272.07	411.58	299.81	410.24	27.77
	467.00	413.17	605.02	414.40	138.03
	590.96	410.36	595.99	410.42	5.02
	304.24	411.22	314.88	411.16	10.64
	296.98	412.57	465.98	413.26	169.00
	4.00	414.07	29.01	412.95	25.04
	227.00	414.07	237.98	413.66	10.98
	264.96	415.34	299.98	415.60	35.02
	60.00	415.05	65.00	414.99	5.01
	155.01	417.87	179.01	416.94	24.02
	388.01	417.08	397.00	417.01	8.99
	242.98	417.77	257.10	418.15	14.13
	323.86	418.41	294.02	418.95	29.85
	47.03	421.13	56.04	421.29	9.01
	146.09	422.35	172.00	422.08	25.91
	61.02	423.80	66.76	423.67	5.74
	214.00	423.97	246.95	425.31	32.97
	264.00	424.75	272.00	424.77	8.01
	550.95	425.23	570.00	426.56	19.10
	130.99	428.47	125.92	428.62	5.07
	134.02	428.43	149.04	429.48	15.05
	182.04	428.27	192.90	427.70	10.88
	272.05	430.11	278.01	429.97	5.97
	150.12	433.26	160.96	432.68	10.86
	118.00	434.40	126.95	434.63	8.96
	388.92	435.21	397.00	435.01	8.08
	501.10	435.39	513.03	436.04	11.95
	107.97	436.21	115.97	435.71	8.01
	480.94	436.74	491.02	436.24	10.09
	49.97	436.92	57.75	437.44	7.80
	274.01	438.49	279.20	438.66	5.19
	431.93	437.26	441.04	437.63	9.12
	218.96	440.88	232.02	440.09	13.08
	22.00	443.75	29.03	443.43	7.03
	67.01	450.08	73.01	449.82	6.00
	139.94	451.65	151.02	451.81	11.09
	498.97	453.42	507.01	453.07	8.05
	261.00	455.01	271.02	454.48	10.03
	167.96	454.92	173.00	455.21	5.05
	4.00	463.04	40.01	462.29	36.03
	122.96	464.07	130.03	464.06	7.08
	539.09	464.55	546.01	464.23	6.93
	87.99	469.66	96.00	469.81	8.01
	525.97	470.21	531.09	470.38	5.12
