vx	vy	vz	score	numLines
-0.99990959	-0.01344689	-0.00001543	5195.37	234
-0.33843217	0.94099016	-0.00109067	4853.35	254
-0.99827677	0.05867899	-0.00052190	517.62	109

nLines	x1	y1	x2	y2	length
234
	50.66	4.76	61.97	5.24	11.31
	270.93	4.68	281.84	4.28	10.92
	295.12	3.82	306.06	4.33	10.95
	222.43	13.51	217.12	13.39	5.31
	297.93	13.20	307.00	13.01	9.07
	341.99	19.97	348.98	19.90	6.98
	150.75	16.64	158.00	16.91	7.25
	29.95	18.54	34.98	18.64	5.03
	167.03	17.88	174.90	18.47	7.89
	220.00	20.07	228.09	20.42	8.10
	359.18	19.66	367.67	19.56	8.49
	4.00	20.97	60.02	22.77	56.05
	312.99	88.47	356.00	87.98	43.01
	113.01	23.87	163.99	24.05	50.98
	337.99	21.89	349.93	22.37	11.94
	200.99	24.08	252.92	23.43	51.93
	79.89	26.59	85.64	26.60	5.75
	323.22	27.31	372.04	26.85	48.82
	294.02	28.56	299.02	28.61	5.01
	13.99	31.93	21.00	31.81	7.01
	223.00	32.17	230.00	32.08	6.99
	118.00	33.08	126.00	33.05	8.00
	135.01	33.13	143.98	33.35	8.97
	342.12	81.85	371.03	83.14	28.94
	223.00	35.03	230.02	34.83	7.03
	240.00	35.04	247.00	35.05	7.00
	343.98	34.90	351.98	34.78	7.99
	119.01	40.61	125.03	40.27	6.03
	344.03	41.09	351.02	41.33	6.99
	223.00	41.99	229.99	42.38	7.00
	238.83	42.62	246.01	42.36	7.19
	145.97	48.27	157.04	48.83	11.08
	362.01	52.06	370.03	52.33	8.03
	69.93	53.90	84.09	53.15	14.18
	51.10	56.06	63.99	56.28	12.89
	329.00	55.28	335.99	55.07	6.99
	329.01	59.03	335.01	59.21	6.00
	28.97	73.39	42.09	72.75	13.13
	105.01	78.68	137.01	78.27	32.00
	193.91	78.63	202.00	79.15	8.11
	214.86	79.41	225.03	78.83	10.18
	323.97	80.58	338.96	80.68	14.99
	164.98	82.59	178.00	82.05	13.03
	8.99	81.98	14.10	82.25	5.12
	44.06	84.72	51.95	84.37	7.90
	4.00	85.03	32.94	86.87	29.01
	52.95	86.42	78.02	85.09	25.11
	88.95	86.13	146.89	87.61	57.96
	207.00	86.61	250.04	87.60	43.05
	153.93	98.82	162.97	99.26	9.05
	4.01	104.70	282.97	107.87	278.98
	289.02	107.36	371.98	108.44	82.97
	4.01	110.63	282.00	114.03	278.01
	289.01	113.44	373.00	114.85	84.00
	29.96	116.25	99.00	116.25	69.05
	109.02	116.39	150.03	116.93	41.02
	154.00	116.03	188.00	117.63	34.05
	190.96	117.50	276.03	117.35	85.07
	289.03	118.90	371.01	119.84	81.99
	217.03	120.43	229.00	120.99	11.98
	257.23	123.57	264.00	123.69	6.77
	106.02	128.44	114.00	128.01	7.99
	52.99	132.24	61.11	131.80	8.13
	156.99	135.16	166.31	135.41	9.32
	194.02	136.85	225.00	137.95	31.00
	259.34	136.52	266.61	136.78	7.28
	64.99	141.97	125.89	142.42	60.90
	184.00	141.27	261.99	143.71	78.03
	312.02	142.02	373.01	143.85	61.02
	32.97	144.79	38.98	144.51	6.02
	52.98	144.88	60.03	145.14	7.06
	14.94	154.16	29.03	153.56	14.10
	89.97	154.25	99.98	154.32	10.00
	227.00	154.14	241.91	154.57	14.91
	324.03	155.35	340.00	155.34	15.97
	346.12	156.14	361.01	155.88	14.90
	127.03	179.96	87.99	179.96	39.04
	352.00	165.08	358.83	165.27	6.83
	19.98	166.31	25.88	166.52	5.90
	208.03	166.39	217.99	166.47	9.97
	60.89	172.71	70.02	173.04	9.14
	180.22	170.43	189.94	171.18	9.75
	209.06	175.85	197.19	175.67	11.87
	221.01	173.91	226.03	174.06	5.02
	19.95	185.35	25.11	185.07	5.17
	84.99	179.51	68.98	180.08	16.02
	137.06	179.34	142.98	179.19	5.93
	194.03	179.43	241.03	179.34	47.00
	38.99	179.78	65.99	181.77	27.07
	317.08	180.49	371.97	182.73	54.94
	314.81	181.20	295.02	182.02	19.81
	87.00	189.97	78.23	189.36	8.78
	125.04	194.71	118.20	194.50	6.84
	354.98	193.95	360.00	194.00	5.02
	301.70	201.39	309.89	201.86	8.20
	3.99	201.63	12.33	202.25	8.36
	289.03	204.34	298.01	204.00	8.98
	302.99	205.49	312.03	205.49	9.04
	19.01	205.96	32.19	206.70	13.20
	287.98	209.72	297.00	209.44	9.03
	173.41	212.59	185.98	212.15	12.58
	257.94	212.19	267.05	212.76	9.14
	288.00	213.35	296.05	213.79	8.06
	44.00	215.66	50.08	215.32	6.09
	36.79	219.40	46.99	218.83	10.22
	80.61	219.44	88.69	219.27	8.09
	216.05	219.67	224.96	220.29	8.93
	37.00	223.64	43.48	223.55	6.48
	358.08	224.25	368.93	224.84	10.87
	18.94	231.91	8.43	231.31	10.52
	131.77	228.43	125.06	228.78	6.72
	80.85	230.58	117.05	230.69	36.20
	190.03	229.49	211.99	229.95	21.96
	137.06	230.25	148.01	230.90	10.97
	257.71	231.30	265.85	231.13	8.14
	155.99	231.82	161.95	232.18	5.97
	217.90	231.90	237.95	231.19	20.07
	354.98	231.75	370.98	232.65	16.03
	43.18	236.08	122.84	236.54	79.66
	175.01	237.16	181.98	237.61	6.98
	183.99	237.09	254.00	237.24	70.02
	315.98	237.51	371.97	238.52	56.00
	131.08	243.84	141.06	243.25	10.00
	237.93	244.69	245.03	244.70	7.10
	177.00	245.00	187.00	245.03	10.00
	142.14	249.15	161.06	248.28	18.94
	177.01	248.27	187.98	248.14	10.97
	240.10	247.73	250.69	247.69	10.59
	331.02	248.61	342.96	248.75	11.94
	159.06	253.14	168.04	253.23	8.98
	286.91	258.43	299.10	259.26	12.23
	241.96	258.55	248.03	258.67	6.07
	129.10	261.08	134.98	261.14	5.88
	24.01	264.72	33.01	264.86	9.00
	257.02	265.44	270.03	265.34	13.00
	174.99	267.11	185.00	267.01	10.01
	102.96	274.09	113.03	274.31	10.07
	236.00	273.95	247.95	274.78	11.98
	173.08	274.74	185.06	275.35	12.00
	98.98	277.92	113.03	278.35	14.06
	171.04	279.29	185.91	279.26	14.87
	177.99	285.84	183.01	286.03	5.02
	104.01	286.91	109.94	286.63	5.94
	6.12	291.74	11.15	291.90	5.04
	238.02	294.80	245.99	295.10	7.97
	294.08	294.75	300.01	294.98	5.94
	15.09	299.09	23.91	298.67	8.82
	317.04	297.10	323.01	297.04	5.97
	313.00	300.05	322.99	300.11	9.99
	331.05	301.30	344.87	300.77	13.82
	143.00	304.48	148.97	304.86	5.99
	238.05	307.68	246.01	307.51	7.96
	234.95	310.36	246.00	310.66	11.05
	29.93	311.18	41.99	311.92	12.09
	169.01	313.85	181.09	313.56	12.09
	91.01	316.34	100.99	316.66	9.99
	58.42	316.59	73.98	317.14	15.57
	77.00	317.24	89.16	316.86	12.17
	165.97	319.04	183.68	319.54	17.72
	203.03	317.62	212.65	318.07	9.64
	292.83	317.25	299.92	317.65	7.09
	347.04	319.39	336.01	319.11	11.04
	231.01	317.90	236.07	317.84	5.06
	47.94	319.75	89.85	321.14	41.94
	190.00	320.88	222.99	321.15	32.99
	243.01	319.69	249.01	319.61	6.01
	324.94	320.67	370.05	321.84	45.12
	90.65	323.08	98.03	323.14	7.39
	154.48	327.49	164.99	328.01	10.52
	348.03	326.73	371.99	328.06	24.00
	123.08	326.91	132.18	326.65	9.11
	321.98	326.97	329.01	326.83	7.03
	110.88	332.64	115.98	332.73	5.10
	100.71	330.18	29.03	331.92	71.70
	169.80	332.69	239.87	332.45	70.07
	137.09	335.04	142.70	335.43	5.62
	316.00	334.02	373.00	334.04	57.00
	372.00	354.00	192.99	354.45	179.01
	86.58	344.99	98.84	345.78	12.28
	305.04	347.85	323.01	346.97	17.99
	23.92	348.15	29.07	348.26	5.15
	3.98	351.65	190.00	354.04	186.03
	8.02	354.43	49.98	355.68	41.98
	54.00	355.54	90.00	355.50	36.00
	160.03	355.44	99.96	355.69	60.07
	160.97	356.82	183.00	357.00	22.03
	187.00	357.60	201.01	356.75	14.03
	216.02	357.26	276.04	357.38	60.02
	287.07	357.69	310.05	357.32	22.98
	344.01	357.07	354.99	357.61	10.99
	312.95	357.65	323.04	357.79	10.09
	325.53	358.44	342.06	357.84	16.54
	358.00	357.83	373.03	357.78	15.03
	3.99	360.84	277.09	363.16	273.11
	3.99	368.37	274.07	369.04	270.08
	284.02	370.86	373.00	370.87	88.97
	26.00	372.71	111.00	375.63	85.05
	121.97	373.44	253.99	375.67	132.04
	109.01	374.31	120.94	374.80	11.94
	300.84	376.61	372.02	376.54	71.17
	42.90	383.32	49.10	383.73	6.21
	52.91	383.74	77.96	385.25	25.10
	79.95	382.15	95.02	383.10	15.10
	225.98	383.89	238.01	383.21	12.05
	222.01	386.56	181.05	385.84	40.97
	336.32	385.63	364.01	386.01	27.69
	5.00	395.03	98.62	398.84	93.69
	352.97	395.44	373.04	395.18	20.07
	163.06	397.66	248.04	398.80	84.99
	329.00	398.03	340.01	397.37	11.03
	345.99	397.38	351.01	397.29	5.02
	364.02	397.48	369.95	397.28	5.93
	6.99	398.02	23.00	399.07	16.04
	157.17	400.49	173.01	401.23	15.86
	252.82	403.00	257.83	403.01	5.01
	336.00	406.00	345.02	406.11	9.02
	355.98	405.88	368.88	405.82	12.90
	82.02	407.16	92.00	406.91	9.97
	6.00	409.98	13.92	410.46	7.93
	237.08	411.30	243.32	411.41	6.25
	157.05	424.15	169.02	423.82	11.97
	3.93	425.59	14.02	426.13	10.10
	358.99	431.03	369.90	430.81	10.91
	349.01	439.80	361.04	439.36	12.04
	4.02	441.11	12.07	441.08	8.05
	157.22	445.82	167.04	446.29	9.83
	42.90	451.58	60.98	451.69	18.08
	4.00	452.57	10.05	452.92	6.06
	13.01	453.95	65.06	455.91	52.08
	174.01	456.20	219.01	456.95	45.00
	328.06	457.43	372.98	457.43	44.92
	20.85	463.36	14.15	463.06	6.70
	352.19	464.27	365.00	464.01	12.81
	16.30	468.25	61.01	467.55	44.71
254
	22.39	3.79	20.68	9.90	6.34
	290.12	4.00	284.48	180.01	176.10
	279.57	5.88	279.61	16.04	10.16
	312.97	20.98	312.61	87.01	66.03
	81.83	76.97	95.06	25.04	53.59
	164.83	24.31	160.94	52.01	27.97
	269.79	26.20	267.24	77.02	50.88
	56.74	25.91	50.80	47.00	21.92
	108.34	25.96	97.43	74.28	49.53
	161.79	26.95	153.76	73.08	46.82
	213.56	27.01	211.76	48.06	21.13
	322.10	28.01	322.52	79.89	51.88
	3.65	58.88	11.24	32.13	27.81
	192.64	78.00	196.07	46.00	32.18
	103.12	76.05	114.90	32.98	44.64
	371.35	30.02	371.50	39.00	8.99
	24.15	32.09	10.59	74.03	44.08
	28.08	32.02	14.20	76.02	46.14
	88.26	31.78	86.24	41.23	9.66
	132.56	32.03	122.79	76.00	45.04
	326.33	31.96	326.92	42.01	10.07
	354.54	34.08	357.39	80.03	46.05
	220.09	33.02	213.11	76.01	43.55
	232.69	33.16	229.05	74.00	41.00
	358.64	33.03	359.60	51.03	18.03
	236.76	34.01	232.70	75.96	42.15
	340.84	34.00	341.65	80.96	46.97
	37.85	34.94	26.27	76.90	43.54
	249.70	35.02	248.04	78.01	43.02
	144.16	36.04	137.68	76.93	41.40
	266.52	36.05	266.05	48.99	12.95
	199.86	36.97	199.50	42.94	5.98
	29.59	37.90	17.94	74.98	38.87
	126.33	76.05	133.98	42.00	34.90
	351.54	41.25	354.06	79.00	37.83
	16.39	41.91	5.91	73.97	33.72
	246.97	43.03	244.04	76.00	33.10
	343.80	43.05	344.83	77.97	34.94
	219.29	43.89	215.35	76.92	33.27
	125.70	49.18	119.97	74.99	26.44
	210.27	49.04	208.90	74.01	25.00
	278.49	49.03	277.70	57.09	8.10
	49.14	50.05	43.35	71.93	22.64
	265.99	52.00	265.17	63.00	11.03
	119.65	52.89	116.74	66.91	14.32
	160.35	55.02	157.13	74.02	19.27
	44.55	76.05	50.64	57.06	19.95
	110.45	55.85	109.46	61.87	6.10
	114.27	55.90	110.73	74.96	19.39
	252.79	56.02	252.21	72.12	16.11
	326.76	56.00	326.92	63.02	7.02
	360.59	59.07	360.86	71.04	11.97
	36.76	62.09	34.99	69.98	8.08
	151.82	62.95	150.84	70.89	8.01
	338.49	64.03	338.16	74.99	10.97
	277.60	66.97	276.76	96.01	29.06
	174.52	87.06	173.49	94.01	7.02
	122.13	93.01	120.98	97.99	5.11
	282.42	94.00	281.99	99.00	5.02
	124.42	118.95	121.85	129.93	11.28
	133.43	118.95	131.89	125.99	7.21
	158.41	119.96	157.31	127.52	7.64
	235.43	120.02	234.87	125.95	5.96
	290.24	120.99	290.41	140.47	19.47
	315.11	120.99	313.96	142.00	21.04
	336.07	121.03	336.47	132.90	11.88
	325.61	121.95	326.01	136.00	14.05
	320.01	123.00	319.64	131.04	8.05
	355.60	122.82	356.97	136.01	13.26
	57.23	170.98	64.37	142.38	29.48
	7.29	142.48	3.63	152.88	11.03
	182.73	142.08	180.97	150.99	9.09
	126.14	144.03	122.70	171.88	28.05
	263.95	144.99	260.32	176.17	31.39
	102.72	146.04	101.65	151.94	5.99
	243.61	146.01	243.41	151.01	5.00
	305.98	148.01	305.38	157.97	9.98
	364.69	147.97	365.27	155.02	7.07
	78.39	152.09	76.63	160.03	8.13
	105.89	165.97	108.14	156.07	10.15
	180.15	154.00	177.42	175.46	21.64
	205.34	155.04	203.88	172.01	17.03
	221.45	155.13	220.44	172.99	17.89
	225.78	155.05	223.91	172.00	17.05
	89.17	155.94	86.07	172.02	16.38
	100.34	155.98	97.65	168.99	13.28
	198.64	156.02	197.19	165.03	9.13
	242.60	156.06	241.02	173.01	17.02
	361.56	156.38	362.90	173.99	17.66
	345.48	157.01	345.99	173.00	16.00
	167.69	160.35	165.05	180.00	19.83
	4.68	172.98	3.53	178.08	5.23
	284.20	182.13	281.95	273.00	90.90
	278.54	274.00	279.52	245.08	28.94
	241.01	183.99	240.07	200.98	17.01
	323.78	183.86	323.84	191.97	8.11
	118.04	185.99	116.27	194.18	8.38
	249.16	186.10	248.08	201.99	15.93
	344.02	190.01	344.98	204.00	14.03
	364.83	190.07	364.78	201.05	10.98
	127.69	195.11	124.51	209.90	15.12
	272.74	207.82	272.51	220.07	12.25
	343.71	218.90	344.37	226.53	7.66
	124.92	222.21	123.40	234.92	12.80
	55.74	228.08	54.39	234.10	6.17
	184.06	230.00	183.21	235.97	6.03
	23.97	316.00	42.95	236.98	81.26
	124.44	237.20	111.12	316.02	79.94
	308.58	298.87	306.61	240.01	58.89
	254.77	238.01	250.39	319.00	81.11
	271.05	239.99	270.24	256.97	17.00
	64.58	252.03	48.78	318.00	67.84
	61.21	239.90	52.63	275.13	36.26
	196.82	275.98	193.50	301.95	26.17
	104.46	240.98	97.77	280.03	39.62
	191.42	241.07	188.19	278.13	37.20
	234.56	246.48	228.85	319.95	73.69
	175.20	246.98	171.83	275.97	29.19
	171.75	247.93	163.99	315.00	67.52
	330.33	263.86	330.10	249.11	14.75
	343.54	249.32	344.66	262.99	13.71
	350.07	265.97	349.06	253.01	13.01
	363.72	250.18	364.68	263.98	13.83
	370.93	251.02	370.86	256.99	5.97
	324.80	252.98	324.56	276.08	23.09
	118.41	255.06	115.45	274.98	20.14
	157.80	255.57	156.99	261.01	5.50
	125.42	255.91	124.43	260.91	5.09
	162.42	255.95	157.29	286.00	30.49
	65.47	258.15	53.13	317.00	60.13
	368.54	259.07	371.85	313.94	54.97
	193.69	261.10	191.63	287.04	26.02
	21.79	265.06	19.92	274.01	9.14
	200.67	265.01	199.93	270.00	5.04
	235.96	265.01	235.58	271.99	7.00
	250.66	267.05	250.02	276.00	8.96
	329.91	266.99	330.37	281.89	14.91
	344.27	267.06	345.18	280.98	13.95
	364.46	267.31	365.60	282.03	14.76
	289.69	267.79	289.91	279.99	12.20
	350.09	269.02	349.34	318.99	49.98
	67.71	269.78	61.27	298.95	29.88
	78.44	270.03	75.53	284.81	15.07
	199.63	274.03	196.03	308.00	34.17
	281.14	277.10	279.45	351.15	74.07
	36.14	278.99	34.88	283.96	5.13
	51.64	278.94	44.76	313.02	34.77
	95.42	279.94	91.51	311.93	32.22
	186.62	279.94	183.08	313.99	34.23
	171.23	280.94	167.89	299.85	19.20
	249.49	284.93	249.72	299.00	14.06
	330.23	285.02	330.78	293.93	8.93
	344.78	285.12	345.64	299.95	14.86
	365.42	285.36	366.39	300.99	15.66
	72.11	286.10	68.57	301.96	16.25
	75.32	287.08	72.34	303.05	16.25
	33.07	289.01	32.20	293.97	5.03
	191.68	291.08	188.07	320.01	29.16
	156.19	292.04	155.08	303.00	11.02
	128.33	306.91	129.71	300.16	6.90
	288.80	300.01	289.46	313.01	13.01
	306.90	300.03	306.85	316.02	15.99
	366.67	303.87	366.57	314.85	10.99
	68.57	305.07	65.96	315.00	10.27
	248.24	305.12	247.81	314.01	8.91
	59.64	306.09	57.91	315.99	10.05
	125.49	306.04	124.96	311.29	5.28
	154.90	307.99	153.50	316.22	8.35
	268.77	308.01	268.85	313.98	5.98
	10.75	308.76	8.00	322.00	13.52
	196.33	309.98	195.28	319.03	9.10
	345.85	311.00	345.76	317.05	6.05
	103.14	319.11	100.79	328.90	10.06
	153.69	319.23	151.98	328.00	8.93
	242.34	320.19	241.30	330.04	9.90
	66.16	335.06	65.09	342.97	7.98
	171.91	334.98	171.07	342.01	7.08
	217.61	335.32	217.02	343.00	7.70
	228.74	335.10	228.48	341.01	5.92
	267.35	337.02	267.18	349.95	12.94
	328.03	338.00	327.84	345.09	7.09
	108.85	339.01	107.60	349.08	10.15
	21.34	341.92	20.18	347.85	6.05
	280.49	357.06	280.71	366.02	8.96
	278.39	366.04	278.09	372.98	6.95
	280.99	371.00	280.79	380.01	9.01
	32.04	375.02	30.32	380.85	6.08
	142.94	376.92	141.80	387.91	11.05
	131.53	377.73	128.23	406.01	28.47
	151.06	378.00	146.98	405.98	28.28
	261.78	467.98	266.32	386.05	82.06
	270.10	379.93	269.54	390.97	11.05
	278.32	378.03	276.33	468.01	90.01
	11.92	378.97	9.60	388.41	9.71
	111.50	378.99	95.97	467.99	90.34
	138.33	378.93	137.52	387.06	8.17
	165.61	379.01	162.62	395.99	17.24
	119.47	380.32	111.60	434.89	55.14
	248.48	382.21	246.91	396.02	13.91
	28.97	383.00	27.14	394.02	11.17
	106.51	383.30	104.42	399.07	15.91
	240.87	384.03	240.57	395.19	11.16
	59.06	385.04	56.93	392.96	8.21
	313.18	384.95	314.34	467.99	83.05
	39.81	385.94	38.14	393.04	7.29
	52.08	386.05	50.75	390.93	5.06
	175.51	386.12	174.17	394.95	8.93
	328.52	386.96	328.51	393.00	6.04
	179.10	388.06	178.60	395.03	6.99
	197.07	387.99	196.63	395.16	7.18
	340.25	387.95	340.68	392.98	5.06
	273.64	390.99	273.66	398.05	7.05
	327.59	456.07	326.05	397.98	58.11
	248.81	399.26	245.27	455.91	56.76
	24.09	400.02	15.37	450.99	51.71
	98.67	400.06	89.79	452.97	53.65
	153.70	400.05	145.39	468.37	68.83
	178.54	399.98	174.94	451.00	51.15
	74.01	401.00	64.71	450.79	50.65
	77.31	401.93	68.33	450.08	48.98
	94.99	402.00	93.98	410.00	8.06
	103.41	401.90	100.16	421.01	19.38
	174.01	402.00	169.39	452.96	51.17
	225.13	402.01	221.66	453.99	52.09
	345.90	402.01	347.98	426.01	24.09
	4.78	403.91	3.61	409.88	6.09
	156.59	403.88	150.94	450.99	47.44
	269.05	404.00	268.98	411.00	7.00
	127.89	408.00	125.26	421.92	14.17
	147.73	407.90	142.73	441.02	33.49
	228.63	409.03	224.70	451.80	42.96
	123.51	410.01	120.71	423.92	14.19
	340.57	409.89	341.01	415.00	5.13
	180.88	410.77	177.86	451.02	40.36
	334.45	410.96	336.06	430.73	19.83
	31.93	417.01	25.28	448.96	32.64
	92.40	418.07	90.09	432.95	15.07
	22.44	421.85	19.14	442.02	20.44
	128.11	426.94	127.05	432.08	5.24
	259.83	428.04	259.74	434.01	5.97
	123.54	432.89	118.90	466.98	34.41
	268.16	433.00	266.94	445.00	12.06
	96.91	435.97	95.05	449.99	14.14
	111.11	437.02	109.01	454.00	17.11
	274.31	438.99	272.55	468.00	29.07
	243.56	441.12	243.46	451.03	9.91
	88.26	442.04	86.95	451.00	9.05
	266.18	445.83	265.68	453.85	8.03
	135.19	455.04	133.46	468.07	13.14
	266.01	456.00	265.14	467.99	12.02
	86.70	456.90	85.33	466.12	9.32
	31.98	459.00	30.59	464.05	5.23
	39.34	459.12	38.10	464.00	5.03
	78.72	462.17	78.00	468.00	5.88
109
	67.98	7.03	80.72	6.20	12.76
	270.93	4.68	281.84	4.28	10.92
	366.98	3.75	359.83	4.63	7.21
	90.01	7.02	103.08	5.86	13.13
	192.84	10.21	187.31	10.56	5.54
	28.84	11.42	42.08	10.58	13.27
	366.02	11.06	372.00	10.59	6.00
	297.93	13.20	307.00	13.01	9.07
	20.04	15.69	30.96	14.93	10.95
	308.02	15.86	315.75	14.78	7.80
	17.88	18.62	25.05	18.11	7.19
	80.09	19.47	89.08	18.24	9.07
	86.64	20.03	80.48	20.53	6.18
	95.22	24.33	111.99	23.01	16.83
	200.99	24.08	252.92	23.43	51.93
	11.52	30.79	24.95	29.50	13.49
	29.12	30.24	39.01	29.57	9.91
	115.07	32.02	132.01	30.63	17.00
	134.06	30.81	145.00	30.06	10.96
	170.15	31.95	176.39	31.27	6.27
	13.99	31.93	21.00	31.81	7.01
	223.00	35.03	230.02	34.83	7.03
	119.01	40.61	125.03	40.27	6.03
	134.18	41.06	141.03	40.28	6.89
	238.83	42.62	246.01	42.36	7.19
	72.03	48.23	64.95	49.12	7.14
	199.99	49.87	208.00	49.07	8.04
	299.02	52.20	305.08	51.66	6.08
	69.93	53.90	84.09	53.15	14.18
	298.13	60.34	305.09	59.80	6.99
	61.16	60.90	68.05	60.12	6.93
	184.94	63.40	190.52	62.84	5.61
	59.06	71.01	53.06	71.85	6.06
	28.97	73.39	42.09	72.75	13.13
	29.98	78.36	36.00	78.00	6.03
	85.00	79.13	90.11	78.48	5.15
	214.86	79.41	225.03	78.83	10.18
	235.99	80.19	246.98	78.93	11.06
	164.98	82.59	178.00	82.05	13.03
	44.06	84.72	51.95	84.37	7.90
	52.95	86.42	78.02	85.09	25.11
	330.81	94.50	335.98	93.95	5.20
	25.94	127.40	20.00	128.55	6.05
	85.12	128.47	90.97	127.52	5.92
	12.99	134.97	6.72	135.60	6.30
	81.13	137.49	93.93	135.76	12.91
	117.98	135.85	125.01	134.88	7.09
	298.99	139.01	306.88	137.77	7.99
	350.12	139.10	340.06	140.73	10.20
	280.04	152.34	265.97	154.51	14.23
	108.48	155.49	114.96	154.36	6.57
	17.11	157.16	24.97	156.27	7.91
	351.04	161.23	356.02	160.58	5.03
	62.04	170.23	66.99	169.12	5.08
	232.97	175.22	240.00	173.98	7.14
	72.85	174.31	84.01	172.79	11.27
	107.87	174.57	119.00	173.10	11.23
	347.17	177.21	361.98	174.85	14.99
	31.07	187.21	36.99	185.92	6.06
	154.94	189.12	162.00	188.00	7.15
	299.94	194.37	307.86	192.59	8.12
	268.00	189.97	262.99	191.08	5.13
	48.22	196.55	56.62	194.73	8.59
	219.00	196.74	228.09	195.17	9.22
	44.91	202.32	54.03	201.03	9.21
	145.68	203.67	158.99	201.48	13.49
	9.97	205.04	19.96	203.13	10.17
	128.01	211.18	142.09	208.73	14.29
	105.14	207.24	99.05	208.39	6.20
	171.79	206.57	159.11	209.77	13.07
	77.15	215.88	85.01	214.04	8.07
	225.02	216.36	231.90	214.89	7.04
	168.69	218.46	163.15	219.68	5.67
	258.01	225.88	265.01	223.98	7.25
	231.00	223.96	236.87	222.66	6.01
	53.91	226.26	60.13	224.68	6.41
	175.21	227.53	183.91	226.33	8.79
	338.14	232.80	343.05	231.70	5.03
	110.94	316.99	103.99	318.66	7.15
	306.60	239.02	313.97	237.87	7.46
	293.36	243.13	301.95	241.68	8.71
	143.00	245.05	151.14	243.52	8.28
	21.91	245.79	28.01	244.68	6.20
	349.51	251.96	362.99	249.65	13.68
	292.19	253.19	304.01	249.72	12.31
	179.05	252.68	186.99	251.15	8.09
	178.25	256.68	186.97	255.20	8.85
	102.96	263.89	110.90	262.52	8.05
	141.97	263.48	146.99	262.73	5.07
	312.01	266.91	317.93	265.23	6.15
	32.02	266.78	23.94	268.72	8.31
	106.00	269.01	111.10	267.76	5.26
	127.87	279.40	122.93	280.43	5.05
	144.01	289.75	149.02	288.73	5.12
	259.02	285.98	265.04	284.73	6.15
	245.02	288.41	236.00	289.96	9.15
	175.97	307.79	181.12	306.59	5.28
	145.18	310.48	151.01	308.77	6.08
	358.09	311.49	365.01	310.04	7.07
	144.00	314.04	152.07	312.24	8.26
	353.03	314.89	365.00	311.99	12.31
	335.00	319.11	343.99	317.17	9.19
	37.16	326.75	42.18	325.63	5.14
	97.91	325.21	92.96	326.15	5.04
	292.99	342.03	282.99	345.37	10.55
	184.77	347.69	179.96	349.24	5.05
	6.95	405.67	18.97	403.15	12.28
	83.31	426.43	88.99	425.11	5.84
	322.75	459.93	318.00	462.03	5.19
