vx	vy	vz	score	numLines
-0.27609938	0.96112869	-0.00088339	5300.45	434
-0.99900732	0.04454636	0.00002381	2537.43	210
-0.96096041	0.27666789	-0.00315796	755.90	175

nLines	x1	y1	x2	y2	length
434
	41.69	4.09	39.84	9.91	6.10
	141.93	3.99	138.25	20.07	16.50
	286.84	4.03	286.86	10.99	6.95
	313.08	4.00	313.15	10.05	6.06
	317.22	4.01	317.25	9.02	5.01
	623.79	4.10	626.46	14.07	10.32
	260.15	5.98	260.11	12.01	6.03
	416.19	8.13	416.49	16.03	7.90
	428.04	7.99	428.86	15.00	7.06
	455.17	7.98	456.45	15.00	7.13
	547.96	8.00	549.86	15.04	7.29
	71.82	10.03	70.78	15.01	5.08
	437.59	10.37	438.49	15.46	5.17
	97.34	13.09	96.53	18.18	5.16
	114.40	12.95	112.32	22.96	10.22
	262.03	15.01	261.15	22.97	8.01
	149.74	18.05	148.52	30.06	12.07
	171.12	24.03	170.16	29.99	6.04
	481.75	24.13	483.03	37.31	13.25
	559.85	28.02	560.78	33.12	5.19
	167.65	57.94	170.23	38.32	19.79
	246.93	34.01	246.99	41.00	6.99
	314.57	37.05	314.33	44.98	7.94
	545.31	39.03	548.34	52.02	13.34
	466.30	39.06	470.18	66.98	28.19
	358.26	38.96	358.55	44.00	5.05
	612.66	40.94	615.79	53.12	12.57
	242.58	40.02	242.05	46.97	6.98
	579.10	39.92	582.69	54.14	14.66
	500.89	41.09	503.54	55.00	14.17
	533.95	41.04	536.60	55.09	14.30
	404.19	41.91	404.62	52.99	11.09
	455.30	41.61	457.13	54.95	13.46
	374.96	43.97	375.07	62.99	19.01
	491.67	44.97	492.91	51.00	6.16
	6.17	47.09	3.59	54.86	8.19
	313.35	46.96	313.63	58.83	11.87
	172.07	81.00	175.52	52.97	28.24
	296.38	49.09	295.61	61.94	12.88
	186.38	55.92	184.93	64.99	9.19
	219.25	52.12	217.61	65.93	13.91
	410.27	52.07	411.23	61.05	9.04
	548.17	53.90	550.77	66.06	12.43
	627.05	53.98	629.95	65.01	11.41
	98.67	71.00	101.13	59.04	12.21
	143.41	57.35	141.10	70.07	12.93
	16.81	60.98	15.00	68.00	7.25
	147.11	61.01	146.52	66.03	5.05
	330.70	60.93	330.15	72.00	11.09
	70.06	62.06	67.44	79.06	17.20
	107.02	63.00	105.91	68.99	6.09
	154.22	63.12	151.67	97.00	33.97
	477.42	64.03	478.90	71.83	7.94
	29.61	64.84	26.29	75.93	11.58
	40.29	64.87	36.50	78.35	14.01
	73.98	66.00	72.52	72.06	6.24
	44.35	69.07	42.91	73.94	5.07
	84.12	68.75	81.65	77.90	9.47
	571.45	69.98	574.23	81.95	12.29
	471.29	109.03	475.09	140.00	31.20
	313.76	74.02	313.71	79.12	5.11
	303.16	90.22	303.30	97.88	7.66
	445.66	79.48	446.17	85.11	5.65
	314.74	81.91	314.97	88.99	7.08
	175.20	107.05	169.13	148.02	41.41
	28.14	87.01	26.52	92.77	5.98
	556.65	122.88	551.67	93.07	30.22
	94.40	127.05	98.74	109.10	18.47
	626.28	101.08	628.92	109.03	8.38
	446.77	111.02	445.98	104.00	7.06
	463.95	102.04	465.31	109.93	8.01
	471.68	94.01	472.39	98.97	5.01
	25.21	131.08	26.93	123.97	7.32
	505.73	104.01	513.70	148.02	44.72
	479.44	98.13	480.85	106.04	8.04
	529.12	108.98	528.05	103.00	6.07
	603.69	100.31	605.89	108.03	8.02
	219.12	100.12	218.96	106.00	5.89
	405.26	99.97	407.53	132.71	32.83
	522.92	101.08	524.68	109.07	8.18
	415.48	100.86	416.73	113.01	12.22
	424.97	115.02	423.76	105.02	10.07
	609.10	101.99	610.84	108.03	6.29
	200.24	120.03	200.76	113.90	6.16
	476.21	104.08	477.50	111.04	7.07
	248.69	115.99	245.99	141.99	26.14
	298.78	108.04	299.45	138.99	30.96
	566.63	105.85	569.20	118.93	13.33
	276.73	108.94	276.77	117.01	8.07
	254.91	149.99	257.15	114.01	36.05
	399.58	112.00	401.00	134.00	22.05
	314.91	113.01	315.22	136.94	23.93
	92.12	110.02	91.09	118.04	8.09
	73.32	124.89	68.73	148.07	23.63
	494.30	109.97	496.98	129.00	19.22
	606.99	111.05	615.26	145.90	35.82
	140.72	111.04	134.35	145.99	35.53
	254.44	112.08	251.62	144.96	33.00
	411.76	112.27	413.69	129.89	17.73
	630.82	112.23	634.50	130.88	19.01
	525.72	113.00	531.58	146.01	33.53
	530.17	112.85	535.65	145.93	33.53
	550.25	113.17	555.35	146.11	33.33
	611.98	113.00	619.12	143.92	31.73
	234.14	139.99	235.64	117.04	23.00
	445.16	113.95	449.72	148.03	34.39
	502.94	113.64	503.95	120.01	6.44
	122.19	125.07	122.84	117.88	7.22
	152.40	123.96	150.43	143.94	20.07
	425.39	116.00	428.25	150.94	35.06
	563.07	116.00	566.28	131.08	15.41
	361.08	117.01	361.55	148.01	31.00
	118.04	118.00	116.90	124.93	7.02
	498.72	118.26	499.95	126.02	7.85
	340.34	119.34	340.71	147.96	28.62
	46.50	127.95	47.81	122.80	5.32
	278.48	119.97	276.11	153.02	33.14
	302.49	120.41	301.94	140.00	19.60
	382.00	119.71	385.07	151.01	31.45
	390.64	119.91	391.74	145.16	25.28
	577.10	119.99	579.30	127.97	8.28
	380.01	122.00	381.12	149.96	27.98
	176.64	129.01	171.87	160.01	31.36
	218.40	122.99	213.86	158.02	35.32
	194.32	124.47	192.28	155.10	30.70
	199.95	124.47	195.48	156.94	32.77
	227.81	124.01	226.11	140.02	16.10
	114.60	161.10	119.84	130.98	30.57
	80.80	126.09	79.71	134.99	8.96
	336.80	125.99	337.00	151.02	25.02
	98.56	133.00	93.49	162.99	30.41
	94.45	130.10	87.98	163.00	33.53
	115.81	130.10	111.07	160.04	30.32
	581.75	132.16	583.15	141.00	8.95
	22.89	135.08	17.02	167.01	32.46
	40.70	134.92	34.50	163.02	28.78
	55.47	148.96	57.96	134.92	14.26
	6.95	137.98	3.72	151.95	14.34
	549.81	138.94	550.92	146.02	7.17
	597.11	139.95	599.19	148.00	8.31
	18.76	140.89	12.97	161.01	20.93
	152.75	147.55	151.76	152.91	5.45
	578.08	152.98	579.74	161.09	8.28
	99.54	153.92	98.37	160.94	7.12
	573.57	178.99	570.64	162.96	16.29
	497.76	157.00	498.55	162.03	5.09
	524.26	179.86	522.55	169.00	10.99
	393.66	166.97	394.75	181.99	15.05
	141.33	161.02	140.54	170.57	9.59
	331.23	163.00	331.65	183.00	20.01
	307.92	161.95	307.79	176.95	15.00
	471.80	167.96	473.06	180.98	13.08
	512.39	180.08	510.20	168.99	11.30
	518.02	166.99	519.91	179.99	13.13
	559.28	168.02	561.88	180.10	12.36
	609.00	167.00	611.99	179.00	12.37
	434.32	168.95	435.22	181.94	13.02
	244.92	164.98	243.03	189.03	24.12
	430.11	168.96	430.98	181.00	12.07
	221.57	165.99	220.96	176.96	10.99
	63.17	167.11	59.88	180.96	14.24
	71.05	168.03	69.58	179.02	11.09
	581.93	172.04	583.41	178.05	6.19
	420.80	168.97	422.78	182.07	13.24
	218.96	175.02	216.98	188.98	14.11
	258.27	175.98	258.41	187.11	11.13
	531.87	169.91	533.01	174.99	5.21
	206.32	176.97	205.33	189.06	12.13
	255.68	174.95	254.91	186.98	12.06
	362.92	171.01	363.47	180.04	9.04
	170.97	178.00	169.25	190.06	12.18
	209.84	176.97	209.49	188.89	11.92
	344.33	171.88	343.99	184.00	12.13
	122.44	179.99	120.48	191.94	12.11
	292.75	173.97	292.42	186.10	12.13
	305.35	173.93	305.25	185.03	11.10
	10.17	179.91	6.58	198.06	18.51
	90.92	183.98	89.87	194.00	10.07
	43.30	183.01	40.48	195.59	12.89
	632.30	177.56	633.91	183.11	5.78
	312.21	179.01	312.29	187.03	8.02
	48.56	180.01	44.19	196.03	16.60
	224.27	180.87	223.67	188.00	7.15
	505.82	196.02	508.46	226.06	30.16
	408.67	188.07	408.98	219.00	30.93
	516.29	188.01	517.20	195.95	8.00
	576.76	188.03	584.33	217.09	30.03
	424.54	188.96	426.78	207.25	18.42
	486.26	188.79	490.86	217.03	28.62
	315.67	200.99	317.48	242.74	41.80
	319.45	191.54	319.22	197.05	5.52
	602.74	196.05	607.29	222.73	27.06
	595.66	194.12	602.12	225.99	32.52
	229.95	195.01	228.11	225.01	30.05
	241.19	224.09	241.47	251.02	26.93
	405.17	230.19	401.89	202.01	28.37
	242.01	197.00	239.62	220.95	24.08
	411.77	197.15	414.42	230.98	33.94
	417.87	197.19	421.07	224.00	27.00
	158.03	198.01	157.37	204.95	6.97
	204.25	202.89	203.28	209.87	7.05
	70.08	223.99	74.67	201.06	23.38
	155.04	199.00	150.09	225.01	26.47
	245.07	199.99	244.80	206.70	6.72
	319.72	199.92	319.22	232.94	33.02
	127.71	200.94	124.99	219.99	19.25
	225.37	200.99	223.39	233.96	33.03
	137.43	205.02	133.39	232.11	27.39
	309.82	202.00	308.97	225.00	23.02
	43.61	213.00	41.66	220.09	7.36
	326.57	202.97	326.37	229.04	26.06
	235.15	203.99	233.56	226.00	22.06
	220.05	205.00	217.50	230.19	25.32
	52.24	207.99	47.36	236.16	28.59
	573.48	229.01	585.67	288.96	61.18
	156.97	207.00	154.96	221.03	14.17
	36.40	208.28	34.63	216.80	8.71
	62.31	208.93	55.39	235.73	27.67
	481.47	229.01	491.16	290.99	62.73
	66.66	253.92	69.09	244.03	10.18
	160.36	245.85	161.73	236.10	9.84
	582.52	218.96	586.30	242.90	24.24
	73.19	247.06	63.96	296.99	50.78
	44.65	220.94	41.77	236.89	16.21
	328.27	221.97	328.60	227.06	5.10
	147.64	225.10	146.89	235.06	9.99
	300.69	229.14	300.85	239.02	9.88
	245.20	261.00	241.88	303.99	43.12
	498.19	231.80	498.70	237.87	6.10
	580.46	234.96	591.73	287.04	53.28
	342.63	258.98	342.71	248.95	10.03
	362.45	246.99	363.15	258.03	11.06
	368.85	257.92	368.06	249.02	8.94
	387.88	246.08	388.92	258.02	11.99
	553.17	253.88	551.51	243.99	10.03
	571.03	242.99	573.57	254.05	11.35
	161.64	262.99	162.93	253.99	9.10
	181.96	251.03	181.41	262.00	10.98
	454.88	244.08	455.86	255.96	11.92
	461.00	256.00	459.95	246.00	10.06
	479.87	243.12	482.13	254.96	12.05
	440.70	309.76	435.96	262.00	48.00
	435.87	255.99	434.86	245.97	10.07
	76.57	265.06	78.56	255.00	10.25
	99.48	263.94	100.53	255.98	8.02
	158.50	244.99	150.09	300.01	55.65
	510.97	244.99	514.99	267.99	23.35
	317.16	250.99	316.96	257.00	6.01
	276.23	259.95	276.16	251.01	8.95
	586.14	246.93	587.85	258.96	12.15
	250.73	259.99	251.25	252.02	7.98
	489.95	248.07	493.63	282.06	34.19
	500.35	253.67	499.62	248.67	5.05
	186.15	261.99	186.82	252.99	9.03
	336.52	251.01	335.54	312.01	61.01
	118.33	252.98	113.82	295.01	42.28
	507.37	255.03	510.91	276.02	21.28
	95.94	255.99	94.86	263.95	8.03
	220.82	255.96	219.06	290.00	34.08
	314.79	260.02	315.99	293.00	33.01
	574.79	258.25	583.48	301.67	44.28
	620.59	257.00	626.06	289.01	32.47
	13.89	257.98	12.41	266.01	8.16
	304.32	258.00	304.18	268.10	10.10
	389.34	266.01	391.75	308.99	43.05
	340.62	304.51	342.55	263.60	40.95
	409.91	258.04	413.77	287.07	29.29
	29.83	282.98	34.04	261.01	22.37
	40.98	294.00	46.57	269.02	25.60
	459.78	259.07	464.76	304.04	45.24
	528.08	259.01	532.26	294.00	35.23
	226.06	264.01	224.05	290.99	27.05
	298.54	260.04	295.18	312.03	52.09
	549.37	260.37	551.24	270.98	10.77
	553.86	260.04	560.02	300.99	41.41
	129.03	260.98	125.87	290.00	29.19
	399.30	271.96	400.49	289.92	18.00
	235.96	262.01	235.99	273.96	11.96
	455.49	261.70	459.45	303.90	42.39
	75.72	273.01	69.69	314.99	42.41
	364.01	266.00	366.40	307.86	41.93
	206.01	266.00	200.19	313.84	48.19
	250.52	265.99	246.95	313.00	47.15
	271.26	266.07	270.13	308.02	41.96
	368.33	266.01	368.65	307.01	41.00
	180.77	269.09	177.19	309.03	40.11
	275.54	266.98	272.95	305.93	39.04
	406.74	267.05	408.79	281.85	14.94
	95.02	267.99	87.78	309.96	42.59
	160.99	268.00	157.21	313.04	45.20
	394.94	268.96	397.13	300.03	31.15
	483.67	269.02	489.19	300.84	32.29
	12.26	269.98	3.46	309.06	40.06
	42.70	271.13	41.72	277.14	6.09
	55.40	271.19	54.46	276.40	5.29
	48.18	278.09	46.88	287.02	9.02
	144.58	271.00	142.89	286.97	16.05
	7.73	313.90	15.64	273.04	41.62
	300.80	272.97	300.84	298.02	25.05
	319.21	276.03	319.47	284.91	8.89
	511.83	277.95	512.63	282.98	5.10
	119.27	279.08	118.51	285.02	5.99
	552.63	279.00	557.11	299.73	21.21
	311.96	280.01	311.58	286.04	6.05
	58.72	282.91	56.74	299.97	17.17
	594.04	289.01	595.85	296.81	8.01
	208.27	285.94	207.94	291.00	5.07
	516.76	291.02	517.28	296.96	5.97
	480.81	290.15	481.76	303.11	13.00
	549.70	290.02	550.69	297.92	7.96
	386.62	290.87	386.66	295.90	5.02
	219.42	295.00	218.94	303.92	8.94
	400.44	292.16	402.78	310.33	18.32
	348.07	294.00	347.93	300.01	6.02
	321.30	294.95	321.16	301.93	6.98
	442.26	294.91	444.07	307.00	12.22
	112.16	296.18	108.93	314.99	19.08
	254.17	295.98	254.06	307.99	12.01
	162.80	297.03	162.08	303.01	6.02
	139.17	298.06	138.56	303.89	5.86
	48.78	302.05	47.35	308.86	6.96
	59.55	308.32	58.49	315.63	7.39
	617.68	313.98	619.09	322.99	9.11
	528.76	317.95	530.00	328.00	10.13
	411.64	321.21	412.88	333.99	12.84
	564.24	321.21	565.62	327.44	6.38
	582.93	325.09	586.64	345.32	20.57
	445.22	321.89	447.89	349.00	27.25
	473.32	321.93	474.38	331.81	9.94
	548.67	345.95	545.12	327.01	19.27
	416.79	323.00	417.56	335.97	12.98
	492.78	348.31	490.03	329.00	19.50
	433.24	348.20	431.70	330.00	18.26
	442.34	328.79	443.74	347.04	18.31
	209.45	325.96	206.97	343.97	18.18
	386.85	330.19	387.48	336.04	5.88
	485.83	328.14	487.59	347.07	19.01
	540.44	326.24	542.94	345.02	18.94
	235.72	346.01	236.68	332.95	13.10
	250.83	350.99	251.04	333.02	17.97
	152.58	334.00	150.74	352.00	18.09
	197.11	352.00	198.00	334.00	18.02
	390.67	350.09	390.43	332.00	18.09
	530.09	329.04	532.37	339.32	10.53
	64.13	352.00	66.06	335.04	17.07
	103.76	351.96	105.59	334.05	18.00
	154.99	353.00	156.96	333.98	19.12
	193.98	334.00	192.58	351.91	17.96
	402.50	329.93	403.70	341.99	12.12
	600.69	330.07	603.55	344.01	14.23
	14.13	336.02	10.41	353.00	17.38
	62.36	335.05	59.75	351.94	17.09
	216.07	335.00	215.95	349.00	14.00
	288.92	331.12	288.97	350.99	19.87
	525.72	330.86	526.27	337.14	6.30
	354.63	331.79	355.60	344.85	13.09
	397.63	331.98	398.20	338.92	6.96
	476.61	332.01	477.61	338.88	6.94
	120.72	335.94	119.59	346.82	10.94
	247.30	332.96	246.62	350.94	18.00
	512.50	332.78	514.38	346.06	13.41
	169.78	334.94	168.88	341.01	6.13
	23.86	336.04	22.41	342.07	6.21
	37.93	336.02	36.88	342.99	7.05
	78.49	344.99	75.97	359.99	15.22
	278.99	336.99	278.65	342.09	5.10
	348.67	338.03	348.86	350.00	11.97
	564.98	338.00	565.92	344.02	6.09
	212.71	338.97	211.73	350.98	12.05
	473.90	340.14	474.24	348.07	7.94
	83.49	345.98	81.30	363.12	17.27
	363.25	349.96	363.05	344.01	5.95
	175.92	343.36	174.51	351.97	8.72
	303.38	343.03	303.35	350.15	7.12
	311.06	343.02	311.30	349.98	6.97
	371.34	342.94	371.85	348.03	5.11
	73.83	347.95	73.07	352.98	5.09
	86.73	347.87	85.76	352.91	5.13
	603.76	349.27	606.98	362.98	14.08
	235.20	356.99	234.50	365.93	8.97
	138.56	357.13	137.24	366.93	9.89
	317.04	367.00	317.03	373.00	6.00
	39.80	380.98	37.09	394.02	13.32
	230.74	370.13	229.39	381.65	11.59
	245.91	371.00	245.27	376.71	5.75
	314.26	370.97	316.45	418.73	47.81
	213.77	371.97	210.52	414.65	42.80
	300.43	406.98	300.11	418.03	11.05
	233.54	411.85	232.17	425.28	13.50
	583.12	386.88	584.60	393.11	6.40
	35.92	382.12	33.02	394.00	12.23
	21.77	382.97	17.41	404.10	21.58
	304.06	382.97	303.81	393.99	11.03
	134.95	384.01	133.04	397.60	13.72
	579.91	393.69	580.91	400.93	7.31
	38.04	474.00	46.06	420.01	54.58
	38.55	424.02	30.23	473.94	50.60
	114.44	388.02	112.45	404.57	16.67
	131.73	388.11	128.80	405.93	18.07
	67.91	392.96	66.74	398.92	6.07
	215.19	394.02	215.14	403.01	8.99
	207.19	395.01	206.62	404.12	9.13
	133.89	424.99	132.86	437.98	13.04
	73.33	422.05	71.98	434.99	13.01
	197.59	409.81	196.67	416.99	7.24
	77.06	436.88	78.06	425.02	11.91
	244.52	423.99	243.31	438.00	14.06
	293.69	424.97	293.35	474.00	49.03
	296.38	411.91	296.34	417.13	5.22
	50.65	435.85	52.62	425.02	11.01
	98.32	422.99	92.08	474.01	51.40
	266.76	426.03	266.24	436.97	10.94
	271.23	436.92	271.83	423.94	13.00
	109.57	430.97	108.80	438.91	7.98
	314.52	430.91	314.94	465.00	34.09
	225.12	424.96	224.55	439.01	14.06
	317.40	424.98	318.02	474.00	49.02
	124.54	426.07	123.68	441.85	15.80
	111.66	448.09	112.78	439.00	9.16
	302.31	437.34	300.92	468.96	31.65
	50.98	446.00	47.53	468.91	23.17
	239.74	439.99	236.83	473.98	34.12
	75.65	441.00	71.30	474.04	33.33
	70.87	442.01	66.83	473.98	32.22
	266.30	441.99	265.31	474.01	32.03
	242.06	442.94	241.66	473.99	31.06
	231.74	443.93	230.75	474.00	30.09
	114.01	446.00	112.77	458.00	12.07
	270.70	446.09	269.79	474.00	27.92
	220.28	448.87	219.84	454.93	6.08
	224.48	449.18	224.03	456.99	7.82
	21.40	450.14	18.54	461.23	11.45
	19.07	465.99	17.99	474.00	8.08
	46.71	467.13	45.23	474.05	7.07
210
	56.03	8.34	69.00	7.57	13.00
	611.20	3.48	621.78	3.35	10.58
	495.00	16.96	481.01	17.17	14.00
	215.89	7.32	223.91	6.54	8.05
	83.94	8.67	94.04	8.51	10.10
	404.00	19.17	469.98	17.24	66.01
	119.01	13.06	124.05	12.74	5.05
	338.97	21.55	325.00	21.99	13.98
	272.04	24.11	247.02	26.58	25.14
	561.00	15.98	625.92	14.68	64.93
	517.02	15.65	525.98	14.86	8.99
	528.00	16.27	542.99	16.10	14.99
	501.00	16.93	514.99	16.62	14.00
	83.89	17.50	91.02	16.92	7.14
	371.01	20.74	390.04	19.29	19.09
	367.92	19.35	342.99	21.42	25.01
	562.04	22.45	626.96	21.21	64.94
	272.97	24.77	313.66	22.49	40.75
	483.00	24.02	549.97	22.33	66.99
	471.94	23.49	405.02	25.16	66.94
	102.09	24.65	111.00	24.00	8.93
	13.01	29.44	4.00	29.48	9.01
	571.02	27.11	604.01	25.95	33.01
	562.98	26.49	568.92	26.28	5.94
	153.01	32.62	97.02	36.71	56.14
	217.98	28.18	232.00	26.74	14.09
	323.02	29.08	390.01	26.82	67.03
	495.99	27.43	542.92	28.50	46.94
	190.97	29.53	205.00	28.85	14.05
	458.03	29.13	469.03	28.22	11.03
	407.03	29.38	431.95	29.34	24.92
	436.05	29.47	441.06	29.50	5.01
	247.16	33.28	311.97	29.51	64.92
	339.03	33.40	360.02	33.13	20.99
	362.05	32.67	390.03	33.37	27.99
	499.01	32.83	549.27	32.52	50.26
	575.94	33.35	597.00	32.04	21.10
	170.99	37.98	236.01	33.43	65.18
	265.16	37.50	309.00	35.08	43.90
	348.00	39.38	364.97	37.82	17.04
	96.97	42.94	159.99	38.41	63.18
	181.00	41.00	225.99	39.46	45.02
	324.14	40.16	332.04	39.37	7.94
	262.99	41.89	289.94	42.43	26.95
	245.07	43.49	255.08	43.26	10.01
	44.98	46.11	86.02	44.16	41.08
	132.99	45.60	147.04	44.31	14.11
	98.02	47.40	130.05	45.63	32.08
	153.03	48.73	158.35	48.55	5.32
	121.00	51.09	136.09	50.96	15.09
	108.97	52.50	115.12	52.49	6.15
	145.49	52.73	152.73	52.88	7.24
	113.77	54.94	119.64	54.38	5.90
	494.06	54.67	499.93	54.58	5.88
	50.02	55.84	61.00	54.94	11.01
	227.03	64.22	219.98	64.59	7.06
	175.97	67.58	182.00	66.94	6.06
	142.96	69.34	148.99	69.18	6.04
	132.98	69.74	138.98	69.75	6.00
	379.15	73.29	384.93	72.93	5.80
	516.92	74.53	525.07	73.84	8.17
	437.09	77.13	444.99	76.90	7.91
	353.92	79.88	365.02	78.95	11.14
	194.93	83.40	209.46	82.55	14.55
	119.95	90.89	127.03	90.40	7.10
	608.00	99.39	613.85	99.26	5.84
	50.96	111.84	41.04	111.81	9.91
	607.81	110.47	626.86	110.46	19.06
	262.03	111.93	269.96	111.78	7.94
	508.99	110.61	528.04	110.89	19.05
	448.05	111.73	462.97	111.65	14.92
	207.00	113.98	215.01	114.03	8.00
	357.87	114.37	341.06	115.40	16.84
	361.76	115.32	380.05	114.33	18.32
	545.97	116.29	533.01	116.23	12.96
	615.03	116.15	626.99	115.94	11.96
	279.98	118.34	296.98	116.85	17.07
	511.18	116.97	522.00	117.07	10.81
	259.93	118.47	274.98	117.86	15.06
	450.98	118.29	464.00	117.96	13.02
	385.11	152.02	362.01	153.93	23.18
	201.02	121.87	215.94	120.67	14.96
	124.03	126.23	136.02	125.08	12.05
	200.94	128.29	213.99	127.58	13.06
	183.98	129.93	192.00	129.41	8.03
	121.98	133.05	133.97	131.74	12.06
	485.92	132.23	495.99	132.05	10.07
	600.12	131.80	606.08	131.68	5.97
	102.02	133.43	112.04	133.11	10.02
	29.07	170.23	4.10	172.32	25.05
	453.06	137.41	464.74	137.36	11.68
	28.05	138.34	36.02	138.43	7.97
	343.96	141.25	353.94	140.93	9.98
	283.06	142.66	290.99	142.47	7.94
	152.03	144.19	159.70	144.33	7.67
	369.97	156.92	391.00	155.90	21.05
	515.00	149.82	541.05	148.36	26.09
	178.98	148.57	186.87	148.79	7.90
	619.91	148.19	600.00	148.55	19.91
	429.03	151.75	477.86	148.74	48.91
	541.99	149.52	557.01	149.05	15.02
	546.01	153.03	566.02	152.44	20.02
	626.00	148.93	634.02	148.74	8.02
	336.90	153.80	356.04	154.33	19.15
	297.00	155.39	277.01	156.84	20.05
	453.86	155.72	460.00	155.13	6.17
	444.04	157.58	453.95	157.75	9.92
	522.06	157.29	530.00	157.01	7.95
	154.05	159.92	148.98	160.08	5.07
	194.03	160.24	213.11	158.50	19.15
	290.99	160.17	297.96	159.52	7.00
	172.82	160.76	187.99	160.98	15.17
	253.46	162.53	258.98	162.17	5.53
	561.98	181.05	572.08	181.29	10.10
	113.02	164.32	129.03	163.20	16.06
	34.00	169.44	52.81	168.63	18.82
	46.69	176.08	52.13	176.21	5.45
	432.00	186.12	437.02	186.27	5.02
	564.84	186.95	574.58	186.53	9.75
	306.94	189.87	315.90	189.24	8.99
	340.99	189.38	347.01	189.10	6.03
	365.24	192.76	370.25	192.84	5.01
	243.00	195.01	253.40	195.06	10.40
	139.94	194.40	132.01	195.08	7.96
	277.07	210.34	269.91	210.78	7.17
	360.05	209.12	368.95	209.22	8.90
	571.11	253.40	553.95	254.14	17.18
	180.98	262.96	163.96	263.71	17.03
	498.96	243.03	508.95	242.91	9.99
	37.97	253.50	57.01	252.93	19.05
	624.02	253.44	633.98	252.73	9.98
	531.00	254.99	546.92	254.36	15.94
	437.95	256.65	454.96	256.33	17.02
	621.97	255.77	634.01	255.74	12.04
	555.01	258.07	574.06	257.85	19.04
	370.02	258.41	386.00	257.97	15.99
	391.77	309.95	345.01	312.25	46.82
	343.01	263.02	389.96	259.82	47.07
	528.99	257.89	549.02	258.16	20.03
	34.30	259.84	39.89	259.71	5.59
	345.00	258.91	361.96	258.73	16.97
	463.00	260.00	482.00	259.00	19.03
	624.01	259.91	634.00	259.08	10.02
	277.03	260.73	293.97	260.20	16.95
	294.96	312.99	271.98	313.59	22.99
	437.94	260.65	457.00	260.53	19.06
	531.97	262.13	548.01	261.12	16.07
	254.01	261.07	269.99	260.84	15.98
	556.00	260.91	571.95	260.65	15.95
	204.00	264.75	183.20	266.27	20.86
	250.93	264.90	271.08	264.51	20.16
	275.03	264.69	294.94	263.68	19.94
	80.00	265.91	93.97	264.86	14.00
	102.00	264.94	115.00	264.89	13.00
	344.94	266.18	363.04	265.92	18.10
	369.94	265.44	386.02	265.12	16.08
	440.04	264.73	453.96	264.87	13.92
	13.92	268.68	30.99	267.24	17.13
	277.00	267.93	294.06	267.39	17.06
	254.01	268.30	268.97	267.87	14.97
	54.46	277.44	48.74	277.46	5.72
	16.08	272.04	29.01	272.06	12.93
	80.00	273.25	87.98	272.97	7.98
	534.96	282.91	547.99	282.17	13.05
	373.03	286.25	386.95	286.26	13.92
	561.99	285.77	572.09	285.82	10.10
	254.11	288.18	261.97	287.87	7.87
	279.00	287.99	284.99	288.07	5.99
	81.06	292.25	86.98	291.64	5.94
	174.95	295.39	166.11	296.26	8.89
	15.98	296.53	24.32	295.64	8.38
	559.03	307.35	580.99	306.66	21.97
	442.00	310.10	487.00	308.95	45.01
	158.00	314.92	198.99	314.30	41.00
	336.07	318.32	370.00	315.54	34.04
	21.11	316.46	4.02	317.82	17.15
	71.01	316.19	107.94	315.54	36.93
	552.00	316.89	560.00	316.57	8.00
	270.02	316.62	278.01	316.66	7.99
	174.99	318.14	180.98	317.55	6.02
	449.05	318.60	479.98	318.91	30.94
	55.05	321.27	72.07	319.55	17.11
	349.95	321.60	389.98	320.70	40.03
	603.03	348.23	596.00	348.87	7.05
	252.98	322.71	284.01	322.64	31.03
	181.23	324.47	188.97	323.87	7.76
	62.03	324.84	103.01	325.54	40.99
	38.13	335.11	43.81	335.30	5.68
	539.99	348.59	559.97	347.78	20.00
	213.00	352.09	220.99	351.56	8.00
	336.92	354.33	351.99	352.82	15.15
	117.04	352.85	123.00	352.99	5.96
	44.64	354.37	51.02	354.18	6.38
	179.03	355.93	188.00	355.57	8.98
	216.90	365.15	225.12	364.89	8.22
	227.85	407.82	220.00	407.92	7.85
	8.94	405.88	15.99	406.04	7.05
	304.27	407.28	310.99	407.07	6.72
	71.79	435.84	53.99	436.78	17.83
	93.01	437.32	78.01	437.34	14.99
	23.77	418.12	29.00	417.99	5.22
	555.03	433.27	567.00	432.95	11.97
	556.00	438.00	567.00	437.01	11.04
	265.91	438.34	246.00	439.02	19.92
	267.09	439.64	291.98	438.81	24.91
	55.00	443.05	68.01	443.24	13.02
	269.84	444.32	291.00	444.98	21.18
	246.00	445.09	264.00	445.06	18.00
	289.99	467.33	272.98	468.15	17.04
	246.00	468.57	262.02	468.27	16.02
175
	456.60	3.97	462.01	7.14	6.27
	511.18	3.86	517.67	7.29	7.33
	325.34	4.85	326.95	11.04	6.40
	483.01	9.99	489.88	14.28	8.11
	584.02	10.00	589.03	11.97	5.38
	313.87	16.04	314.61	21.03	5.04
	197.02	20.01	189.27	26.93	10.39
	160.06	27.31	153.98	32.41	7.93
	600.02	31.52	611.03	35.97	11.88
	569.00	31.99	578.30	36.61	10.39
	325.35	41.96	325.93	47.07	5.14
	248.21	44.99	244.14	55.03	10.84
	313.35	46.96	313.63	58.83	11.87
	439.07	46.99	443.36	51.64	6.32
	296.38	49.09	295.61	61.94	12.88
	326.19	50.25	327.72	58.01	7.91
	149.20	54.01	145.12	57.66	5.47
	359.20	53.85	361.51	60.67	7.20
	530.18	54.21	535.32	57.95	6.36
	107.36	56.98	103.15	60.54	5.51
	521.64	57.65	534.13	66.73	15.44
	504.81	60.50	509.01	63.89	5.40
	14.28	68.89	3.89	74.29	11.71
	539.98	60.73	544.80	63.55	5.59
	235.33	65.34	227.65	85.09	21.18
	252.76	65.08	247.83	79.96	15.68
	243.81	77.98	237.23	93.05	16.44
	324.58	65.84	326.12	74.87	9.16
	530.69	69.65	543.30	77.66	14.94
	226.82	70.99	222.02	81.28	11.35
	606.05	70.77	616.13	75.81	11.27
	451.96	76.08	463.97	89.02	17.66
	313.76	74.02	313.71	79.12	5.11
	124.30	74.96	116.26	82.39	10.94
	608.00	75.99	617.99	81.53	11.42
	255.74	108.97	260.65	91.71	17.95
	303.16	90.22	303.30	97.88	7.66
	386.73	80.87	390.79	89.11	9.20
	172.65	102.05	181.94	88.93	16.07
	314.74	81.91	314.97	88.99	7.08
	325.62	81.93	326.67	89.02	7.16
	76.09	84.02	69.61	89.50	8.49
	184.20	92.21	175.64	106.04	16.26
	536.82	87.17	540.99	89.98	5.03
	27.31	104.20	48.01	91.03	24.53
	170.46	91.04	166.99	96.41	6.40
	119.76	100.14	124.04	95.26	6.49
	433.00	95.04	436.24	99.09	5.18
	252.55	100.97	250.85	109.18	8.38
	115.31	105.14	118.97	101.71	5.01
	233.60	110.00	231.19	116.93	7.34
	184.36	111.37	188.03	105.57	6.86
	298.78	108.04	299.45	138.99	30.96
	153.05	111.08	156.01	107.01	5.03
	333.46	107.95	334.42	113.99	6.12
	314.91	113.01	315.22	136.94	23.93
	139.05	158.14	134.72	164.70	7.86
	73.01	116.04	77.26	112.26	5.69
	67.09	112.65	63.14	116.22	5.32
	158.84	115.23	152.82	122.92	9.76
	322.58	117.08	323.65	128.04	11.00
	278.48	119.97	276.11	153.02	33.14
	302.49	120.41	301.94	140.00	19.60
	34.22	164.17	29.29	169.35	7.15
	418.95	144.01	421.89	149.11	5.88
	239.58	141.26	237.11	151.03	10.08
	76.24	142.12	71.95	146.81	6.35
	587.05	143.54	599.98	153.89	16.56
	391.44	148.02	393.41	152.85	5.22
	399.93	158.03	401.86	162.95	5.28
	220.08	158.63	218.36	163.44	5.11
	307.92	161.95	307.79	176.95	15.00
	513.79	161.99	517.61	165.96	5.51
	613.70	162.31	619.01	166.45	6.74
	540.97	173.00	547.13	179.84	9.20
	292.75	173.97	292.42	186.10	12.13
	305.35	173.93	305.25	185.03	11.10
	234.31	175.29	230.76	189.96	15.09
	95.33	177.32	91.32	182.98	6.93
	312.21	179.01	312.29	187.03	8.02
	404.40	178.71	406.38	185.04	6.64
	459.10	188.65	461.61	192.98	5.01
	335.32	250.03	331.29	205.00	45.21
	315.67	200.99	317.48	242.74	41.80
	227.99	226.00	223.09	242.87	17.57
	84.86	204.82	89.95	198.92	7.79
	568.33	204.70	581.46	218.00	18.68
	319.72	199.92	319.22	232.94	33.02
	309.82	202.00	308.97	225.00	23.02
	477.47	215.52	481.44	221.69	7.33
	556.04	215.39	571.10	232.94	23.14
	69.48	243.00	77.66	230.71	14.76
	482.58	221.28	487.59	229.72	9.82
	328.27	221.97	328.60	227.06	5.10
	17.81	225.73	14.14	229.78	5.46
	98.37	232.07	101.02	227.58	5.22
	300.69	229.14	300.85	239.02	9.88
	8.05	229.58	3.48	234.48	6.70
	624.01	231.35	629.12	237.04	7.64
	560.01	232.98	564.13	238.05	6.53
	387.80	234.10	390.15	242.97	9.18
	12.08	242.00	17.01	236.91	7.09
	7.96	238.31	3.73	242.76	6.14
	500.18	248.23	502.97	253.00	5.52
	320.83	272.04	320.05	265.00	7.08
	314.79	260.02	315.99	293.00	33.01
	304.32	258.00	304.18	268.10	10.10
	46.99	267.99	51.92	260.97	8.58
	600.01	258.93	605.33	264.91	8.01
	298.54	260.04	295.18	312.03	52.09
	211.90	265.06	208.12	281.95	17.31
	271.26	266.07	270.13	308.02	41.96
	275.54	266.98	272.95	305.93	39.04
	300.80	272.97	300.84	298.02	25.05
	304.80	274.01	305.85	289.83	15.86
	319.21	276.03	319.47	284.91	8.89
	504.36	277.18	508.48	284.79	8.66
	429.45	282.05	432.29	290.02	8.46
	502.82	294.22	506.31	299.98	6.73
	321.30	294.95	321.16	301.93	6.98
	497.21	296.04	501.09	302.95	7.93
	372.69	298.16	373.52	304.98	6.88
	395.10	302.20	397.64	310.98	9.14
	428.78	320.21	430.48	325.94	5.98
	594.99	348.84	589.58	340.99	9.54
	593.76	322.15	599.38	329.04	8.88
	342.95	329.11	344.96	349.99	20.98
	361.94	326.01	362.58	332.01	6.03
	464.42	326.09	467.92	337.47	11.91
	620.23	325.98	623.98	331.01	6.28
	130.96	328.00	128.95	333.93	6.26
	427.24	327.91	430.01	335.98	8.53
	16.43	337.90	21.25	331.30	8.17
	288.92	331.12	288.97	350.99	19.87
	354.63	331.79	355.60	344.85	13.09
	278.99	336.99	278.65	342.09	5.10
	424.15	340.90	425.69	347.97	7.23
	303.38	343.03	303.35	350.15	7.12
	311.06	343.02	311.30	349.98	6.97
	371.34	342.94	371.85	348.03	5.11
	543.18	357.59	545.92	362.04	5.22
	119.57	399.00	115.94	408.41	10.09
	317.04	367.00	317.03	373.00	6.00
	12.60	382.80	16.97	375.99	8.10
	216.29	413.95	219.27	397.99	16.25
	230.74	370.13	229.39	381.65	11.59
	245.91	371.00	245.27	376.71	5.75
	314.26	370.97	316.45	418.73	47.81
	319.70	373.97	321.31	394.93	21.03
	31.97	373.29	26.73	382.97	11.01
	39.57	417.92	54.03	391.03	30.53
	300.43	406.98	300.11	418.03	11.05
	233.54	411.85	232.17	425.28	13.50
	31.76	381.04	28.80	386.69	6.38
	304.06	382.97	303.81	393.99	11.03
	238.21	440.02	242.88	406.94	33.40
	201.97	385.02	200.49	394.74	9.84
	230.33	395.92	228.07	407.03	11.34
	87.86	401.06	85.79	406.79	6.09
	63.64	395.65	51.33	417.14	24.77
	162.44	406.04	163.77	400.75	5.46
	244.52	423.99	243.31	438.00	14.06
	293.69	424.97	293.35	474.00	49.03
	296.38	411.91	296.34	417.13	5.22
	266.76	426.03	266.24	436.97	10.94
	271.23	436.92	271.83	423.94	13.00
	314.52	430.91	314.94	465.00	34.09
	306.26	425.13	306.74	431.98	6.87
	317.40	424.98	318.02	474.00	49.02
	232.60	427.00	230.42	443.03	16.19
	302.31	437.34	300.92	468.96	31.65
	239.74	439.99	236.83	473.98	34.12
	266.30	441.99	265.31	474.01	32.03
	270.70	446.09	269.79	474.00	27.92
	23.13	469.15	21.01	474.01	5.30
