vx	vy	vz	score	numLines
-0.53507652	-0.84480269	-0.00123852	3031.50	142
-0.99963880	-0.02687468	0.00015784	1786.45	149
-0.10289932	0.99468986	0.00195339	680.88	110

nLines	x1	y1	x2	y2	length
142
	56.26	4.13	67.24	23.75	22.48
	63.60	3.95	73.94	23.04	21.71
	71.08	3.96	153.02	158.99	175.35
	83.97	4.02	156.13	146.97	160.13
	103.27	3.83	107.38	11.72	8.90
	116.82	4.08	159.59	96.74	102.05
	163.72	4.10	175.90	36.04	34.18
	185.39	4.06	188.42	11.05	7.62
	200.15	14.97	202.54	20.94	6.42
	33.07	15.95	35.65	20.93	5.60
	108.11	15.95	117.37	33.10	19.49
	115.98	17.02	117.95	22.02	5.37
	133.73	17.10	150.98	56.01	42.56
	190.11	17.95	194.36	32.11	14.79
	138.10	18.95	141.30	26.08	7.81
	622.70	20.39	621.07	26.14	5.97
	194.46	21.11	199.26	34.17	13.91
	5.87	27.11	9.16	31.92	5.83
	576.64	31.48	575.04	37.09	5.83
	42.54	33.41	45.45	38.10	5.53
	82.10	46.06	87.13	53.96	9.37
	87.28	48.92	141.96	144.15	109.82
	132.06	65.97	147.13	95.88	33.49
	530.77	53.31	529.95	58.39	5.14
	612.63	56.46	611.04	61.57	5.34
	621.07	61.91	623.01	56.54	5.70
	450.10	61.37	449.95	66.37	5.00
	153.19	60.91	161.24	79.91	20.63
	538.09	69.87	539.07	64.69	5.27
	41.14	64.91	43.93	70.03	5.83
	89.48	67.64	104.65	91.41	28.20
	38.01	77.99	41.16	82.92	5.85
	6.18	83.83	14.12	94.91	13.63
	31.32	102.81	35.42	108.73	7.21
	111.94	105.74	131.59	140.92	40.30
	54.56	111.04	57.33	115.69	5.41
	13.24	112.85	17.05	117.99	6.40
	94.64	119.32	108.15	140.90	25.46
	7.65	124.09	13.46	130.90	8.94
	23.00	127.00	26.20	131.83	5.79
	70.65	127.34	73.86	132.06	5.71
	81.15	127.93	88.61	138.58	13.00
	15.23	133.80	18.86	139.06	6.39
	75.22	133.85	80.77	141.31	9.29
	5.97	140.02	19.19	157.83	22.18
	20.51	140.76	24.60	146.71	7.22
	26.27	148.71	29.45	152.68	5.09
	8.09	160.87	16.40	171.84	13.76
	133.03	261.97	63.69	164.87	119.32
	94.32	163.76	139.36	231.99	81.75
	73.86	163.04	135.25	251.84	107.96
	105.44	164.82	141.63	221.86	67.55
	3.77	174.17	18.94	192.04	23.44
	58.73	173.88	75.21	194.86	26.67
	495.73	180.27	496.64	174.60	5.74
	38.71	181.22	42.03	184.98	5.02
	43.29	186.84	127.14	293.91	136.00
	75.33	196.73	107.87	240.16	54.27
	33.03	207.97	50.18	227.83	26.24
	3.67	210.44	7.35	214.71	5.64
	29.95	221.05	63.35	260.62	51.79
	51.90	230.09	67.98	247.92	24.01
	26.46	232.79	39.09	246.46	18.61
	108.68	241.85	131.43	272.60	38.25
	22.89	246.02	36.97	260.00	19.84
	40.55	249.47	101.98	316.09	90.62
	69.14	250.91	115.33	306.10	71.97
	19.56	261.00	69.88	311.26	71.12
	65.26	262.73	120.58	325.25	83.48
	16.23	273.89	29.23	287.70	18.97
	52.79	278.24	59.14	285.31	9.50
	64.03	290.96	79.99	307.55	23.02
	37.00	295.00	51.87	310.13	21.21
	22.58	298.01	40.92	315.20	25.14
	83.02	310.98	103.10	330.85	28.25
	116.86	307.06	123.42	315.71	10.86
	70.88	313.08	114.07	357.93	62.26
	5.84	317.17	14.18	324.77	11.28
	103.65	318.99	119.29	335.82	22.97
	47.67	320.93	58.01	331.99	15.15
	59.56	332.98	92.34	363.71	44.94
	16.60	325.67	37.92	345.06	28.83
	72.02	328.99	84.03	339.65	16.06
	52.70	341.20	57.83	346.14	7.12
	103.87	333.10	110.00	339.00	8.50
	45.22	334.84	52.04	340.96	9.16
	12.82	339.16	21.14	346.74	11.26
	91.53	347.97	96.83	353.24	7.48
	4.45	346.41	98.70	420.41	119.83
	31.80	355.08	36.86	359.21	6.53
	23.54	347.53	30.40	353.71	9.24
	98.66	354.90	105.47	361.99	9.83
	3.84	359.70	84.74	420.52	101.21
	106.80	363.23	111.77	368.20	7.03
	93.72	364.91	109.02	378.97	20.78
	81.13	366.91	95.81	380.32	19.89
	52.70	371.86	58.88	377.13	8.12
	81.56	381.45	87.29	386.62	7.72
	470.82	384.03	470.23	391.89	7.87
	117.86	385.97	151.72	420.33	48.24
	72.06	387.24	77.03	391.35	6.45
	96.60	395.08	105.14	401.90	10.93
	115.50	397.11	127.84	409.76	17.67
	423.00	397.00	424.45	419.95	22.99
	426.49	396.98	426.56	419.00	22.01
	296.03	419.99	286.09	399.93	22.39
	432.30	398.03	432.39	406.01	7.98
	279.47	410.02	276.43	404.05	6.70
	443.71	398.99	443.51	404.02	5.04
	450.23	398.94	449.42	411.04	12.13
	459.55	399.98	458.84	412.03	12.07
	460.28	412.93	462.25	400.12	12.96
	282.11	400.94	291.59	419.93	21.23
	310.73	401.12	318.21	419.91	20.23
	468.38	401.01	466.53	415.12	14.23
	471.48	400.94	468.39	419.97	19.28
	478.38	401.00	474.41	420.08	19.49
	252.88	402.08	257.06	407.97	7.22
	278.85	402.05	285.22	412.59	12.32
	315.98	402.01	322.89	420.04	19.31
	320.36	402.05	327.34	420.06	19.32
	480.45	401.96	476.80	419.96	18.37
	300.45	402.95	309.16	419.93	19.08
	375.14	402.93	378.22	419.96	17.30
	434.38	402.98	434.54	413.99	11.01
	488.83	403.00	486.65	415.94	13.12
	498.50	402.92	494.60	418.94	16.49
	189.53	404.23	193.98	409.01	6.54
	391.34	403.98	392.45	409.98	6.10
	500.54	420.15	505.13	405.05	15.78
	507.24	405.01	503.31	419.96	15.47
	407.47	414.95	406.40	406.94	8.08
	408.88	406.02	409.26	412.04	6.03
	414.76	404.91	415.21	409.99	5.10
	495.39	405.00	493.46	414.01	9.21
	532.25	405.05	528.69	417.16	12.62
	543.51	406.84	538.82	419.94	13.91
	546.38	420.16	551.22	408.09	13.00
	534.26	409.03	529.67	419.91	11.81
	523.62	409.92	520.72	419.90	10.39
	540.49	411.08	537.66	418.21	7.67
	595.38	414.35	592.31	420.11	6.53
149
	558.01	12.03	548.05	11.39	9.98
	571.93	5.32	580.96	5.61	9.04
	581.01	12.02	569.93	12.10	11.08
	616.96	6.33	625.06	6.87	8.12
	623.96	13.91	613.88	13.65	10.09
	470.97	21.93	462.06	21.34	8.93
	493.76	21.67	482.98	22.04	10.79
	534.01	24.02	525.05	23.38	8.98
	598.04	26.12	589.02	25.45	9.04
	619.93	26.79	610.07	25.92	9.90
	491.02	34.55	481.99	34.02	9.05
	504.06	28.17	512.00	28.51	7.95
	566.99	30.50	575.99	31.01	9.02
	574.02	37.55	566.06	37.33	7.96
	483.03	39.12	489.97	39.60	6.96
	490.03	46.07	480.95	45.56	9.09
	552.01	48.02	542.94	48.12	9.07
	608.00	43.49	614.93	44.14	6.96
	612.93	50.77	604.02	49.97	8.95
	509.03	58.07	500.00	57.48	9.05
	528.97	58.92	520.12	58.26	8.88
	583.97	54.31	591.00	55.00	7.07
	590.02	61.04	579.95	60.06	10.12
	604.05	55.21	611.99	56.01	7.98
	610.00	62.00	601.06	61.38	8.96
	631.06	62.64	622.01	62.45	9.05
	442.06	60.25	449.07	60.86	7.04
	448.97	66.92	439.99	66.01	9.02
	507.97	68.92	499.00	68.48	8.98
	540.06	64.16	547.95	64.63	7.91
	626.96	73.88	617.99	73.02	9.02
	604.04	83.59	596.06	83.33	7.98
	90.97	143.30	139.04	144.70	48.09
	115.01	148.53	120.04	148.64	5.04
	57.98	156.40	83.02	158.29	25.11
	87.04	156.21	111.08	158.54	24.15
	121.00	157.79	136.96	157.61	15.96
	67.03	161.50	93.06	162.79	26.07
	93.99	162.21	116.00	163.00	22.03
	119.12	163.63	153.96	164.25	34.85
	423.86	174.30	429.13	174.28	5.27
	454.16	179.80	462.87	180.75	8.76
	428.02	183.37	441.03	183.26	13.01
	445.03	183.69	457.03	184.44	12.02
	460.04	184.33	520.04	187.31	60.07
	518.37	183.55	527.83	183.78	9.46
	535.05	184.91	543.88	184.82	8.83
	423.01	188.46	634.00	199.94	211.30
	524.03	188.31	535.02	188.67	10.99
	540.05	189.33	553.04	189.39	12.99
	616.47	188.54	625.96	188.93	9.50
	556.02	190.29	569.03	190.39	13.02
	574.01	190.77	586.02	191.43	12.03
	590.03	191.51	603.02	192.40	13.02
	606.04	192.33	634.00	194.05	28.01
	423.00	193.11	634.04	203.63	211.31
	454.02	199.56	462.94	200.07	8.94
	469.24	200.39	478.47	201.45	9.29
	500.04	202.05	509.55	202.58	9.53
	515.18	203.22	524.94	203.08	9.76
	531.11	203.73	540.68	204.29	9.59
	577.94	205.90	587.84	206.21	9.90
	589.98	205.18	618.87	207.79	29.01
	454.99	217.12	460.02	217.64	5.05
	576.97	217.47	582.02	217.59	5.05
	559.97	222.52	565.02	222.80	5.06
	482.96	230.56	488.01	230.85	5.06
	497.97	231.44	503.02	231.60	5.05
	511.97	232.65	517.96	233.17	6.02
	481.99	236.46	488.03	236.44	6.05
	570.97	235.46	576.95	236.19	6.03
	497.00	237.04	502.03	237.54	5.05
	482.00	241.81	487.05	242.37	5.07
	495.96	242.57	501.02	242.84	5.06
	539.02	244.79	544.04	245.42	5.06
	508.95	248.67	515.00	248.99	6.06
	453.00	251.01	458.04	251.38	5.05
	479.99	252.50	486.02	252.61	6.03
	493.97	253.52	500.01	253.48	6.04
	425.00	254.62	431.00	255.35	6.04
	521.93	254.74	528.01	254.76	6.08
	438.97	255.58	444.01	255.89	5.05
	452.02	255.87	458.02	256.52	6.04
	535.93	255.77	541.00	255.96	5.07
	479.94	257.75	484.99	258.12	5.07
	438.97	260.58	444.00	261.03	5.05
	479.01	262.73	485.00	262.97	6.00
	604.01	264.92	610.00	264.91	5.99
	426.00	264.94	431.01	265.32	5.02
	520.00	265.02	525.06	265.30	5.06
	438.96	265.63	444.00	265.99	5.05
	533.00	266.00	539.00	266.06	6.00
	465.00	266.96	471.00	267.14	6.00
	426.00	269.73	431.00	270.09	5.01
	477.96	272.69	483.01	272.94	5.06
	490.98	273.60	496.02	273.61	5.05
	531.00	275.88	536.01	275.91	5.01
	515.92	279.35	522.03	279.73	6.13
	558.00	277.04	563.07	277.26	5.07
	426.00	278.85	431.01	279.36	5.03
	437.98	279.73	444.00	280.02	6.02
	450.97	280.24	457.01	280.91	6.09
	529.96	280.28	535.04	280.32	5.09
	464.00	281.01	469.00	281.18	5.01
	543.00	281.03	548.00	281.19	5.00
	490.00	282.85	495.01	282.84	5.01
	451.01	284.71	456.99	284.78	5.98
	488.99	287.11	494.00	287.21	5.01
	426.00	287.73	430.99	288.21	5.02
	463.00	289.93	469.00	290.07	6.00
	426.00	291.91	431.01	292.26	5.02
	474.99	295.06	480.00	295.10	5.00
	438.01	296.74	443.00	297.16	5.01
	449.02	310.79	454.93	311.22	5.92
	499.06	316.29	508.12	316.65	9.07
	525.99	318.29	567.15	321.36	41.28
	429.97	318.53	515.80	325.60	86.12
	573.93	321.32	579.07	321.89	5.17
	436.31	322.61	442.89	322.81	6.58
	598.94	323.46	604.08	323.79	5.15
	540.96	325.45	547.00	326.06	6.07
	493.38	326.51	500.01	327.02	6.65
	562.97	327.47	570.99	328.08	8.05
	587.94	328.68	593.99	329.25	6.08
	610.97	330.50	617.99	331.31	7.07
	612.22	374.68	617.86	375.51	5.70
	19.93	379.74	26.29	380.47	6.40
	33.98	399.90	55.02	402.78	21.24
	587.92	390.68	582.48	390.06	5.48
	432.99	390.16	455.05	391.59	22.11
	540.99	393.99	547.22	394.10	6.23
	459.05	392.67	467.98	392.80	8.94
	470.01	392.86	491.01	394.72	21.08
	592.08	393.22	599.39	394.08	7.36
	501.00	395.78	521.99	397.04	21.02
	451.01	396.21	484.00	400.97	33.33
	4.01	397.89	17.03	398.78	13.05
	533.98	397.87	633.99	406.05	100.35
	486.14	400.24	579.94	407.42	94.07
	566.87	398.91	571.96	399.18	5.10
	8.99	404.04	23.07	404.68	14.09
	49.04	408.25	65.04	409.81	16.08
	587.06	408.49	634.09	412.34	47.19
	242.07	409.73	283.06	413.31	41.14
	3.99	411.06	77.04	418.45	73.42
	3.99	415.09	23.02	417.59	19.19
	255.89	415.13	265.28	415.41	9.40
	38.00	418.00	56.01	419.78	18.10
	244.02	419.20	257.96	420.53	14.01
110
	590.30	8.88	594.93	5.77	5.58
	295.63	16.92	299.00	11.54	6.35
	522.97	19.99	527.01	16.57	5.30
	535.73	32.04	530.98	36.37	6.43
	626.84	37.03	634.00	31.99	8.76
	533.95	44.00	529.02	48.10	6.41
	540.27	45.03	544.06	41.70	5.04
	432.20	51.95	427.03	56.23	6.71
	552.37	55.99	546.00	60.33	7.71
	538.45	57.04	545.00	52.56	7.94
	572.73	57.00	567.00	61.02	7.00
	59.55	62.99	39.77	141.98	81.43
	570.33	68.00	564.02	72.20	7.58
	587.50	78.95	581.01	83.77	8.08
	506.81	96.97	502.05	100.34	5.83
	544.35	98.98	539.01	102.16	6.21
	582.57	100.03	576.00	104.04	7.70
	620.88	101.95	615.03	105.33	6.75
	634.00	98.11	627.03	102.02	7.99
	438.07	103.99	441.95	100.74	5.06
	487.08	106.02	482.99	108.90	5.00
	580.08	110.03	575.02	113.19	5.97
	586.12	110.07	591.99	106.82	6.70
	598.90	110.96	593.01	114.29	6.77
	631.01	107.67	623.89	111.95	8.31
	473.98	115.01	479.00	110.96	6.45
	540.83	117.91	535.00	121.38	6.78
	583.56	120.00	590.00	115.82	7.68
	614.50	121.61	609.02	124.90	6.40
	449.85	122.94	445.02	126.38	5.93
	596.18	120.05	589.01	124.46	8.42
	513.99	121.76	509.11	125.04	5.89
	545.03	127.01	549.98	123.78	5.91
	503.15	125.04	499.02	128.17	5.18
	607.00	125.49	599.35	130.01	8.89
	581.21	129.00	585.96	125.77	5.75
	593.67	128.96	589.02	132.11	5.62
	539.04	127.02	534.01	130.23	5.97
	557.03	128.02	552.01	131.22	5.95
	490.28	133.09	494.99	129.80	5.74
	611.89	129.96	607.01	133.12	5.81
	630.08	131.05	625.00	134.06	5.90
	525.61	134.97	529.99	131.88	5.37
	543.25	136.02	547.98	132.80	5.72
	579.17	137.14	585.01	133.69	6.78
	601.98	135.30	597.13	138.08	5.59
	438.06	139.02	441.99	135.82	5.07
	532.02	139.50	537.22	135.91	6.32
	619.98	136.36	615.09	139.06	5.59
	620.00	143.49	626.88	139.90	7.76
	559.28	145.12	564.98	141.60	6.70
	582.00	142.88	577.05	146.03	5.86
	588.69	146.03	575.01	154.01	15.84
	488.69	149.99	493.99	146.61	6.28
	488.12	158.03	492.99	154.48	6.03
	504.86	159.03	509.98	155.66	6.13
	35.68	157.27	3.30	285.82	132.57
	531.25	167.96	519.54	175.16	13.75
	535.51	176.08	545.94	170.82	11.69
	628.00	176.12	632.53	173.58	5.19
	579.40	177.85	567.01	185.01	14.31
	612.57	180.50	600.01	186.02	13.72
	605.00	189.84	609.77	187.73	5.21
	499.31	209.44	508.86	204.77	10.64
	540.40	205.57	530.22	210.98	11.53
	618.66	209.51	607.22	214.38	12.44
	633.95	211.40	623.18	215.88	11.66
	538.58	212.46	529.14	217.43	10.67
	5.95	218.99	4.89	225.98	7.07
	564.89	226.65	557.02	230.09	8.58
	580.76	226.62	571.08	231.71	10.94
	627.01	246.03	633.99	243.84	7.32
	629.03	254.68	622.08	257.47	7.49
	491.00	271.05	497.01	268.88	6.40
	612.03	278.42	618.99	276.09	7.34
	513.99	291.11	520.03	288.77	6.47
	539.08	292.66	546.00	289.67	7.54
	598.98	291.39	591.99	294.22	7.53
	619.03	293.40	626.01	290.88	7.42
	617.05	297.58	622.02	295.82	5.27
	594.98	300.55	589.99	302.08	5.22
	562.05	302.56	568.06	300.68	6.30
	523.00	308.18	528.07	306.56	5.32
	573.04	307.44	578.00	305.96	5.18
	44.60	307.42	42.00	312.98	6.14
	623.03	311.41	629.03	309.80	6.21
	12.49	310.16	9.66	318.92	9.20
	584.02	312.40	590.05	310.73	6.27
	564.07	312.39	558.02	314.30	6.34
	609.01	314.24	615.07	312.65	6.27
	570.03	315.34	576.05	313.65	6.26
	621.03	315.35	627.04	313.78	6.21
	550.05	315.47	544.18	317.57	6.23
	582.05	316.42	588.03	314.83	6.18
	607.00	318.10	613.10	316.54	6.29
	568.12	319.38	574.01	317.92	6.07
	599.14	319.28	593.00	321.09	6.40
	547.89	328.68	554.96	326.45	7.42
	506.00	330.21	511.04	328.50	5.32
	540.99	331.12	547.41	328.94	6.78
	586.92	334.39	594.08	332.03	7.54
	598.96	335.21	611.12	332.26	12.51
	477.05	367.19	481.94	365.63	5.13
	576.88	369.48	570.12	371.42	7.03
	500.91	375.48	496.00	376.98	5.13
	514.99	380.98	519.93	379.50	5.15
	604.19	388.33	610.95	386.69	6.95
	484.11	390.18	489.00	389.00	5.04
	625.05	390.23	631.90	388.73	7.01
	495.96	395.54	505.89	394.10	10.04
