vx	vy	vz	score	numLines
-0.15957588	0.98718560	-0.00035475	5207.33	129
0.94033962	0.34023686	0.00052144	4937.43	131
0.73939325	-0.67323096	0.00759606	133.35	30

nLines	x1	y1	x2	y2	length
129
	102.47	4.00	101.60	12.01	8.06
	108.16	4.03	106.74	15.00	11.06
	153.25	4.03	151.17	30.02	26.07
	160.73	3.97	158.11	32.01	28.16
	200.26	4.02	196.65	47.03	43.16
	205.01	4.00	200.77	49.98	46.17
	221.59	4.09	218.95	37.00	33.01
	244.20	10.03	240.38	61.00	51.11
	251.58	3.95	247.42	64.98	61.17
	258.31	3.99	252.32	94.05	90.26
	263.18	4.03	256.28	94.09	90.32
	376.27	4.01	375.49	16.05	12.06
	404.04	4.00	403.70	27.00	23.00
	412.03	4.00	412.03	29.00	25.00
	441.73	4.02	441.55	32.00	27.99
	466.19	14.03	466.04	54.00	39.98
	450.08	4.98	450.29	34.98	30.00
	471.74	8.00	474.60	56.91	48.99
	127.10	10.97	126.11	22.01	11.09
	224.60	13.96	223.59	39.00	25.06
	446.48	15.03	446.61	25.03	10.00
	300.27	16.99	300.08	29.99	13.00
	301.96	66.00	304.57	22.04	44.03
	296.54	79.99	299.54	32.09	48.00
	441.17	34.98	441.37	42.99	8.01
	315.73	35.88	313.84	70.00	34.17
	340.50	36.08	338.51	80.03	43.99
	343.91	38.00	341.90	96.00	58.03
	218.25	40.87	217.59	55.90	15.05
	336.27	41.83	333.20	95.01	53.27
	319.21	44.02	317.32	63.95	20.02
	372.07	46.01	372.10	52.01	6.00
	43.03	64.00	29.77	148.96	85.99
	223.14	50.00	222.56	56.83	6.86
	375.86	52.01	374.06	94.01	42.04
	48.08	62.03	36.38	150.98	89.72
	403.18	72.02	402.16	120.02	48.01
	385.20	64.85	385.12	97.00	32.15
	411.34	70.02	411.03	122.00	51.98
	406.57	70.87	408.65	110.00	39.18
	302.22	72.06	301.11	81.99	9.99
	371.57	73.97	371.34	82.00	8.03
	391.03	74.99	391.59	99.96	24.97
	96.23	78.04	85.42	165.09	87.71
	314.31	77.91	314.33	87.02	9.11
	469.77	89.31	470.54	114.00	24.70
	440.19	79.00	437.32	118.99	40.10
	100.38	84.04	89.93	166.99	83.60
	32.21	84.97	31.58	92.01	7.07
	7.06	97.99	3.33	127.95	30.19
	150.22	96.04	142.27	180.98	85.31
	448.68	94.05	449.19	121.00	26.95
	465.22	94.89	465.27	144.00	49.11
	473.38	95.01	473.79	145.00	49.99
	11.96	98.00	5.93	142.98	45.39
	145.58	97.99	135.41	180.98	83.61
	252.64	100.03	244.24	195.01	95.34
	374.15	100.06	373.65	109.99	9.94
	256.26	105.24	249.25	209.98	104.98
	444.69	107.98	444.70	119.04	11.05
	193.44	110.12	185.98	194.00	84.21
	386.46	109.99	386.55	114.99	5.00
	390.88	110.03	390.75	115.95	5.93
	408.62	111.98	408.60	121.01	9.03
	197.70	115.13	189.49	196.10	81.39
	439.22	123.98	439.76	134.02	10.06
	242.02	126.00	236.75	209.00	83.16
	233.29	137.98	229.21	208.01	70.15
	108.79	132.89	106.38	145.99	13.32
	295.30	140.14	290.02	221.00	81.03
	129.75	141.98	124.28	176.23	34.69
	122.69	146.04	122.47	151.16	5.13
	298.50	146.05	294.28	223.97	78.03
	134.47	147.02	134.01	158.01	10.99
	106.35	153.00	104.21	171.97	19.10
	209.20	158.97	207.02	202.00	43.09
	338.37	155.01	334.55	234.04	79.12
	330.30	174.99	327.83	232.98	58.04
	213.61	160.06	210.43	202.94	42.99
	200.01	166.00	197.84	197.84	31.92
	367.89	164.98	367.11	187.00	22.04
	204.02	168.00	201.56	199.98	32.07
	195.14	177.07	194.90	183.02	5.95
	324.07	195.01	324.32	231.97	36.95
	244.05	198.00	239.47	261.00	63.16
	242.68	260.97	245.98	216.00	45.09
	245.91	206.00	245.29	212.87	6.90
	25.78	225.95	11.03	336.01	111.04
	19.78	229.08	4.79	334.95	106.93
	247.51	234.97	238.63	375.00	140.31
	76.23	238.08	63.07	344.01	106.75
	80.32	244.04	68.24	346.05	102.71
	136.22	253.04	126.83	355.98	103.36
	11.67	253.90	9.71	264.02	10.32
	127.36	268.97	118.99	355.00	86.43
	94.64	263.07	92.14	279.00	16.12
	109.64	263.01	107.77	283.00	20.08
	180.29	264.10	170.86	362.99	99.34
	239.49	264.00	231.40	389.96	126.22
	184.48	269.11	175.11	364.99	96.34
	9.65	269.78	8.85	275.96	6.23
	124.60	273.07	124.26	280.04	6.97
	233.03	277.00	226.45	373.88	97.10
	240.33	276.88	234.16	385.01	108.30
	7.30	278.99	6.18	285.02	6.13
	228.61	279.90	227.27	294.91	15.07
	225.88	286.15	218.32	373.02	87.20
	285.55	287.05	284.55	309.06	22.03
	205.13	306.03	207.02	290.01	16.13
	99.89	292.04	95.30	350.07	58.22
	96.43	293.00	90.14	351.00	58.34
	5.41	304.05	3.64	313.92	10.03
	197.14	314.98	192.66	368.91	54.12
	105.16	313.92	102.97	330.00	16.23
	184.21	313.81	183.79	318.99	5.19
	201.88	316.99	197.44	368.98	52.18
	225.31	326.93	222.82	371.98	45.12
	204.26	334.22	203.59	343.02	8.82
	112.98	345.00	111.76	351.98	7.09
	92.36	449.67	87.33	479.08	29.84
	56.32	479.98	43.82	574.94	95.79
	101.65	483.80	88.80	577.91	94.98
	85.19	522.04	83.97	531.97	10.01
	91.84	521.93	90.28	542.03	20.16
	61.04	565.01	64.32	544.03	21.23
	85.30	550.98	82.73	573.03	22.20
	80.37	552.97	77.80	567.96	15.21
	76.77	553.95	75.28	567.07	13.21
	56.51	559.07	55.81	567.05	8.02
131
	111.20	3.43	125.12	8.76	14.90
	237.13	3.60	242.83	5.90	6.15
	241.15	65.85	246.99	68.21	6.29
	257.07	95.36	396.02	145.97	147.88
	455.17	3.67	465.09	8.37	10.97
	492.17	3.59	500.01	6.97	8.54
	207.93	5.67	217.01	9.99	10.06
	133.00	6.99	150.07	13.89	18.41
	3.97	11.07	244.98	95.10	255.23
	453.86	11.20	459.81	13.78	6.49
	134.05	11.85	149.13	18.25	16.38
	389.95	14.34	398.18	17.73	8.90
	101.96	15.30	148.97	33.09	50.26
	372.99	16.07	401.07	29.85	31.27
	4.02	18.95	247.08	103.26	257.27
	305.48	20.81	339.88	35.22	37.29
	306.94	28.68	334.86	40.40	30.29
	204.95	34.12	218.97	39.46	15.00
	452.98	37.49	462.31	41.50	10.15
	204.02	38.95	215.02	42.96	11.71
	223.73	40.38	239.00	46.98	16.64
	4.01	45.97	46.90	60.28	45.21
	224.06	45.81	239.04	51.79	16.13
	441.11	46.77	463.99	57.02	25.08
	4.04	50.38	42.69	63.25	40.73
	29.69	150.01	89.00	167.91	61.95
	197.11	50.39	237.96	66.66	43.97
	377.99	51.01	406.98	63.06	31.39
	4.06	57.35	38.94	68.71	36.69
	379.11	59.70	401.97	69.10	24.72
	4.05	64.82	36.11	75.29	33.73
	376.92	67.16	382.01	69.26	5.51
	388.96	71.28	395.06	73.84	6.62
	3.91	73.22	33.87	83.72	31.75
	316.96	74.09	330.99	80.04	15.23
	97.04	77.47	112.86	82.50	16.60
	442.01	77.98	469.05	88.90	29.16
	322.22	80.47	329.14	82.78	7.29
	101.98	82.67	144.93	97.13	45.32
	120.87	85.39	130.89	88.24	10.42
	443.04	85.40	464.02	93.93	22.65
	302.02	85.64	331.03	96.92	31.13
	4.08	86.79	34.01	95.80	31.26
	102.98	89.57	140.99	102.11	40.03
	144.79	93.64	149.90	95.01	5.29
	11.90	95.58	32.98	102.22	22.10
	101.97	96.08	137.96	108.06	37.93
	334.25	96.19	342.01	99.56	8.46
	452.97	96.10	457.97	98.07	5.37
	14.96	100.58	24.88	103.32	10.28
	255.75	102.36	392.09	151.30	144.86
	101.00	103.99	132.06	113.74	32.55
	15.00	104.66	24.83	107.20	10.15
	248.49	211.38	292.05	223.88	45.32
	195.01	109.58	212.83	115.57	18.80
	373.96	113.13	400.00	123.00	27.85
	199.09	114.87	236.99	127.12	39.83
	99.02	116.46	138.02	127.76	40.60
	200.04	121.36	232.97	132.09	34.64
	99.00	121.53	137.01	133.93	39.98
	198.94	127.21	230.04	137.97	32.91
	198.97	134.57	208.99	137.90	10.56
	118.41	142.07	125.03	143.82	6.85
	440.05	137.85	463.06	146.79	24.69
	212.02	138.90	223.06	142.83	11.71
	300.93	145.16	333.87	156.35	34.79
	4.00	146.01	27.10	151.43	23.73
	196.99	147.03	228.99	156.49	33.37
	4.03	152.37	240.08	219.35	245.37
	302.92	154.73	329.96	163.62	28.46
	215.05	158.87	229.68	162.67	15.11
	210.14	204.79	224.02	208.48	14.37
	301.12	165.18	321.96	172.65	22.14
	91.02	169.92	124.11	179.55	34.46
	115.05	171.48	120.23	172.85	5.36
	123.00	177.08	131.97	180.07	9.46
	136.28	181.68	206.07	203.29	73.06
	299.92	182.77	325.98	190.81	27.28
	231.22	209.49	240.76	212.70	10.07
	248.97	219.31	331.03	241.88	85.11
	3.99	220.03	24.00	225.00	20.62
	4.01	224.97	18.95	228.17	15.28
	296.05	224.77	310.00	227.95	14.31
	3.97	234.64	15.65	236.52	11.83
	78.06	237.38	134.99	252.04	58.79
	82.02	242.95	130.87	255.42	50.42
	83.01	247.94	127.24	259.73	45.77
	182.05	263.89	212.89	271.46	31.76
	186.06	268.84	227.04	278.77	42.17
	187.08	273.27	223.97	282.26	37.97
	224.89	274.56	231.99	276.04	7.25
	79.87	279.94	122.98	289.94	44.26
	79.23	287.29	95.97	291.66	17.30
	288.02	286.94	293.87	288.42	6.04
	207.37	289.29	213.08	290.84	5.92
	101.98	292.92	121.99	296.63	20.35
	185.08	303.28	216.99	311.04	32.84
	201.15	314.68	219.13	318.38	18.36
	70.95	347.12	85.98	349.12	15.16
	68.99	349.04	116.01	357.49	47.77
	93.06	350.72	107.99	353.27	15.15
	119.33	356.43	125.97	357.69	6.76
	176.05	367.62	214.98	374.18	39.48
	219.13	373.83	225.92	374.71	6.85
	7.86	383.64	212.99	415.20	207.54
	4.04	384.76	10.10	385.56	6.11
	4.02	400.88	203.90	429.29	201.89
	90.07	405.80	98.96	407.09	8.99
	4.00	418.42	194.00	443.02	191.58
	3.98	437.13	183.95	458.21	181.20
	107.97	466.97	165.00	472.04	57.26
	4.00	454.96	54.02	460.19	50.29
	3.97	473.26	101.10	483.41	97.66
	151.00	505.99	102.00	501.98	49.16
	4.00	493.04	51.99	497.10	48.16
	140.02	522.89	100.01	520.50	40.08
	58.97	509.09	94.01	513.56	35.33
	4.01	512.89	49.92	516.51	46.06
	64.95	515.27	71.91	515.47	6.96
	84.98	517.49	91.01	517.98	6.05
	4.00	532.88	47.01	535.86	43.11
	4.00	553.11	45.00	554.98	41.04
	48.00	568.90	60.86	569.51	12.87
	67.00	573.92	85.03	575.26	18.07
	4.00	574.56	41.97	575.81	37.99
	37.91	579.27	88.02	579.13	50.11
	39.46	586.43	92.94	586.83	53.48
	4.00	595.09	90.08	597.23	86.11
	4.01	615.61	74.00	617.92	70.03
	4.00	627.29	29.96	627.70	25.96
	32.01	627.35	65.96	628.69	33.97
30
	377.85	5.18	384.01	7.36	6.53
	132.39	13.08	134.12	18.90	6.07
	389.95	14.34	398.18	17.73	8.90
	452.98	37.49	462.31	41.50	10.15
	320.02	42.35	331.51	49.10	13.33
	441.11	46.77	463.99	57.02	25.08
	377.99	51.01	406.98	63.06	31.39
	385.40	98.01	399.96	107.29	17.27
	442.01	77.98	469.05	88.90	29.16
	449.28	122.00	462.03	130.29	15.20
	441.17	122.72	447.54	126.41	7.36
	21.03	134.01	18.48	143.14	9.48
	98.32	144.02	98.43	152.92	8.90
	133.17	160.07	133.66	166.19	6.14
	76.23	238.08	63.07	344.01	106.75
	80.32	244.04	68.24	346.05	102.71
	11.67	253.90	9.71	264.02	10.32
	7.30	278.99	6.18	285.02	6.13
	5.41	304.05	3.64	313.92	10.03
	109.38	332.97	109.61	341.98	9.02
	204.21	345.97	207.07	356.00	10.43
	73.41	448.03	72.14	478.00	30.00
	164.77	458.94	165.79	470.87	11.98
	166.60	475.02	167.35	480.91	5.94
	56.32	479.98	43.82	574.94	95.79
	88.13	502.02	88.40	508.17	6.16
	94.58	502.12	94.52	509.02	6.90
	91.84	521.93	90.28	542.03	20.16
	56.51	559.07	55.81	567.05	8.02
	65.56	560.95	65.37	570.99	10.04
