vx	vy	vz	score	numLines
0.00268897	0.99999638	-0.00000924	3796.35	112
0.79357158	-0.60847242	-0.00233719	3492.69	225
0.24080184	0.97057396	0.00080886	105.64	25

nLines	x1	y1	x2	y2	length
112
	4.85	4.00	4.98	77.01	73.01
	14.45	4.00	14.12	70.98	66.98
	17.82	4.00	17.67	68.00	64.00
	22.26	4.00	21.58	67.07	63.07
	41.82	3.99	41.78	56.01	52.02
	53.95	4.00	53.74	51.03	47.03
	58.94	4.00	58.90	47.01	43.01
	63.86	4.00	63.76	44.98	40.98
	76.98	4.00	76.55	39.05	35.05
	82.41	4.00	80.96	37.00	33.03
	87.99	4.00	87.81	33.04	29.04
	109.76	4.00	109.26	21.95	17.96
	115.98	4.00	115.17	19.00	15.02
	132.84	4.00	133.15	12.19	8.20
	166.77	4.02	166.49	9.06	5.05
	138.78	13.99	139.14	21.00	7.02
	167.29	14.00	166.35	157.96	143.96
	120.09	24.01	120.35	30.98	6.97
	140.21	32.00	140.35	163.02	131.02
	108.35	28.98	108.17	36.99	8.01
	133.82	30.96	133.66	162.00	131.04
	103.71	46.95	103.34	171.05	124.10
	21.31	85.03	20.87	186.03	101.00
	18.43	87.97	17.58	186.00	98.03
	14.46	90.99	14.16	186.99	96.00
	4.54	93.11	4.27	167.00	73.89
	418.63	123.99	418.44	129.01	5.02
	344.44	127.98	345.23	150.94	22.97
	319.39	131.57	318.90	150.99	19.42
	307.19	138.03	307.48	153.12	15.09
	284.55	142.10	285.60	157.45	15.39
	262.69	144.08	262.68	160.01	15.94
	253.33	146.97	252.57	161.09	14.14
	174.85	174.02	174.68	163.01	11.02
	233.71	151.00	233.38	165.07	14.08
	206.84	168.99	207.09	156.00	12.99
	215.11	155.01	214.55	168.48	13.48
	190.91	157.92	190.35	171.06	13.15
	168.11	163.02	168.13	174.98	11.96
	153.07	167.00	152.96	177.00	10.00
	139.62	169.08	139.32	178.98	9.91
	132.44	170.08	133.13	179.99	9.94
	4.26	170.94	4.37	189.01	18.08
	121.06	173.00	121.00	182.00	9.00
	109.10	175.00	108.73	184.00	9.01
	109.83	190.02	110.27	317.03	127.01
	103.26	190.97	103.18	317.04	126.07
	16.60	204.91	16.23	256.00	51.08
	22.20	204.00	22.32	305.00	101.00
	14.33	204.99	14.67	304.01	99.02
	4.75	207.01	4.97	303.00	95.98
	17.57	258.00	18.26	304.00	46.00
	4.89	320.00	5.69	416.97	96.97
	103.25	321.98	103.87	331.00	9.04
	18.59	372.97	20.74	422.95	50.03
	108.87	323.97	109.20	332.01	8.04
	121.06	325.00	121.07	332.99	7.99
	133.78	327.01	133.70	336.00	8.99
	139.93	327.00	140.05	338.01	11.01
	153.55	329.02	154.03	339.99	10.98
	174.71	331.06	175.09	342.99	11.94
	168.17	332.00	168.02	342.00	10.00
	190.86	333.98	191.83	347.18	13.24
	216.09	337.00	216.08	351.00	14.00
	116.06	339.00	117.76	468.04	129.05
	233.95	340.00	234.03	356.01	16.01
	14.72	342.95	14.74	368.02	25.07
	253.50	342.81	254.27	357.00	14.21
	284.99	347.00	285.81	362.02	15.05
	308.33	349.89	309.65	368.73	18.89
	345.40	352.25	345.97	376.01	23.76
	387.86	357.13	388.81	383.98	26.86
	320.53	359.97	320.70	369.10	9.13
	15.71	421.08	14.59	371.93	49.16
	3.84	432.96	5.62	479.00	46.07
	14.37	438.02	15.51	508.00	70.00
	18.84	440.98	18.33	496.00	55.02
	22.93	442.99	22.38	515.03	72.04
	4.69	460.99	4.68	466.00	5.01
	104.07	469.01	103.87	476.01	7.00
	109.67	472.04	109.97	479.00	6.97
	121.21	477.04	121.46	485.96	8.93
	134.05	483.00	133.95	491.00	8.00
	5.32	483.97	6.01	525.00	41.04
	140.54	485.02	141.19	496.05	11.04
	115.53	488.50	117.82	613.00	124.52
	153.62	490.75	153.40	501.93	11.18
	18.29	497.99	18.47	509.00	11.01
	168.64	499.01	168.84	508.96	9.94
	191.24	509.03	190.62	519.06	10.05
	216.07	521.00	216.92	535.06	14.08
	15.61	524.99	15.72	531.99	7.00
	315.45	533.02	315.14	539.05	6.04
	254.18	539.02	253.95	550.00	10.98
	263.32	543.01	264.26	557.08	14.11
	5.76	547.99	5.50	586.01	38.03
	285.29	553.02	285.67	566.97	13.95
	14.96	554.00	16.02	634.00	80.01
	20.00	634.00	20.09	561.00	73.00
	34.18	567.88	34.73	606.99	39.12
	23.85	562.99	23.51	612.04	49.04
	308.88	565.00	309.08	579.01	14.01
	42.67	578.98	43.87	634.00	55.03
	59.03	590.88	60.87	634.00	43.16
	373.36	592.97	373.69	610.00	17.04
	77.96	605.02	78.28	634.00	28.97
	64.48	595.96	65.31	634.00	38.05
	6.36	599.01	6.74	634.01	35.00
	35.67	608.99	35.61	618.04	9.05
	23.32	613.96	23.82	634.00	20.05
	110.08	619.01	110.17	624.01	5.01
	35.54	627.01	35.13	634.00	7.00
225
	415.80	3.40	406.98	6.57	9.37
	91.95	6.37	96.81	3.68	5.56
	134.20	12.40	149.92	3.86	17.89
	93.93	46.74	181.87	3.75	97.89
	255.91	8.24	261.00	5.98	5.57
	401.02	8.10	390.95	11.81	10.74
	250.09	10.27	228.97	19.40	23.01
	131.98	12.41	119.01	19.50	14.78
	385.09	13.30	374.90	17.23	10.93
	74.15	16.39	67.96	20.43	7.39
	164.12	17.25	150.06	24.13	15.66
	335.94	29.74	368.99	18.93	34.77
	105.96	26.44	118.08	20.67	13.42
	84.98	37.46	105.03	27.61	22.34
	204.11	29.45	186.93	36.76	18.68
	130.97	166.85	95.02	174.58	36.78
	330.99	31.45	322.97	34.47	8.57
	116.13	41.99	130.07	34.13	16.01
	309.83	39.16	318.00	35.96	8.77
	3.97	79.95	83.99	38.52	90.10
	304.08	40.32	278.04	49.17	27.51
	164.06	46.21	150.95	51.86	14.27
	100.22	48.38	95.03	50.59	5.64
	266.98	52.93	273.00	51.01	6.32
	255.94	56.74	260.99	54.92	5.37
	250.14	58.39	228.95	65.81	22.46
	131.09	60.44	118.98	65.37	13.07
	417.94	64.33	408.01	67.06	10.30
	402.07	68.30	391.98	70.86	10.41
	375.92	75.16	386.05	72.17	10.56
	186.00	80.03	204.07	73.65	19.16
	336.94	84.76	370.14	76.39	34.24
	22.01	81.48	4.05	90.61	20.15
	324.00	88.01	331.02	86.10	7.27
	149.93	91.67	165.00	86.97	15.78
	318.08	89.41	310.94	91.25	7.38
	277.99	99.96	303.99	92.97	26.93
	118.98	102.93	130.08	98.88	11.82
	266.95	102.63	272.99	100.86	6.29
	255.97	105.43	261.00	104.03	5.23
	229.02	112.10	249.98	106.88	21.61
	100.05	109.22	94.97	110.86	5.34
	186.98	122.87	205.04	118.21	18.65
	359.01	125.83	370.97	123.79	12.14
	346.96	128.84	356.87	126.77	10.12
	151.00	132.02	164.99	127.89	14.59
	311.00	130.01	318.01	128.56	7.15
	283.93	139.80	305.01	136.11	21.41
	266.88	138.51	273.83	136.82	7.16
	388.90	141.36	416.00	136.93	27.46
	262.00	139.44	255.92	140.68	6.21
	375.04	143.21	384.92	141.87	9.97
	262.37	161.02	255.01	162.72	7.56
	94.96	146.33	100.04	145.21	5.19
	235.00	149.52	251.00	146.89	16.22
	392.06	147.28	402.97	145.76	11.01
	252.11	162.06	235.19	165.61	17.29
	375.96	149.88	386.02	148.12	10.21
	321.99	151.82	343.05	148.54	21.31
	179.03	156.54	205.15	150.77	26.75
	232.72	165.80	215.99	169.04	17.04
	287.02	157.59	303.98	154.34	17.27
	214.09	169.12	190.96	173.20	23.49
	331.99	156.39	324.01	157.51	8.06
	264.96	161.09	283.97	157.98	19.26
	309.97	159.89	318.94	158.31	9.10
	150.95	162.28	165.00	158.97	14.43
	277.96	164.50	305.05	160.42	27.39
	134.21	167.69	150.02	163.56	16.35
	266.42	166.45	273.05	165.21	6.74
	262.96	337.36	256.00	336.00	7.09
	228.96	171.75	251.07	168.60	22.34
	94.01	189.14	190.00	173.00	97.34
	218.98	173.60	223.97	172.57	5.10
	187.01	178.09	204.02	175.59	17.19
	150.07	184.10	164.98	181.91	15.07
	118.98	188.84	129.98	186.88	11.17
	392.98	190.74	403.02	190.40	10.05
	376.00	192.00	386.00	191.03	10.05
	337.97	195.53	370.01	192.51	32.18
	324.00	196.95	332.00	195.98	8.06
	310.00	197.89	318.00	197.32	8.03
	305.01	198.31	279.00	200.96	26.15
	272.96	201.43	266.99	201.82	5.98
	228.99	205.23	251.02	203.07	22.13
	187.00	209.02	203.98	207.82	17.03
	151.08	212.60	165.00	211.05	14.01
	120.04	215.64	130.00	214.63	10.01
	95.00	217.99	100.00	217.27	5.05
	312.03	251.56	318.00	251.22	5.99
	323.91	251.38	332.00	251.12	8.10
	338.00	251.10	371.00	251.02	33.00
	377.00	250.87	387.00	250.99	10.00
	393.00	250.87	403.00	250.83	10.00
	408.98	250.82	418.00	250.75	9.02
	187.00	252.78	203.98	252.32	16.99
	218.99	252.14	224.00	252.12	5.01
	229.00	252.04	251.00	252.01	22.00
	256.00	251.96	262.00	251.96	6.00
	267.00	251.97	274.00	251.94	7.00
	279.00	251.98	305.00	251.76	26.00
	119.00	253.13	131.00	253.09	11.99
	151.00	253.00	166.00	252.92	15.00
	95.00	253.91	101.00	253.96	6.00
	95.03	289.77	101.00	290.04	5.97
	118.01	290.89	131.00	292.00	13.04
	151.02	293.50	164.98	294.22	13.98
	187.00	295.97	205.00	297.00	18.03
	209.93	297.56	215.00	298.05	5.09
	230.00	299.13	251.00	300.87	21.08
	267.00	301.91	274.01	302.02	7.01
	280.02	302.85	304.95	304.51	24.99
	311.00	305.05	319.01	305.73	8.04
	325.00	306.08	333.01	306.95	8.06
	338.00	306.94	371.09	309.35	33.17
	376.95	309.60	387.05	310.34	10.13
	393.00	310.94	402.99	311.61	10.01
	410.00	312.05	418.01	312.78	8.04
	94.00	318.13	160.01	325.92	66.47
	151.00	322.54	165.01	324.36	14.12
	162.08	327.03	190.32	332.63	28.79
	187.01	327.33	205.03	329.77	18.18
	93.98	332.45	122.93	337.32	29.36
	228.98	332.44	251.04	335.78	22.31
	191.98	332.93	204.97	334.17	13.05
	192.10	347.82	205.99	349.95	14.06
	209.02	333.84	232.92	338.68	24.39
	128.91	338.45	150.95	341.65	22.28
	234.89	337.68	248.05	339.55	13.29
	267.17	337.72	274.04	338.56	6.92
	278.99	339.50	306.02	342.66	27.21
	154.87	342.32	190.00	348.01	35.60
	265.06	342.71	282.08	345.38	17.23
	265.16	359.88	284.00	363.05	19.10
	150.93	345.18	166.02	347.89	15.33
	285.85	345.57	302.94	348.53	17.35
	310.98	349.88	318.09	350.57	7.15
	323.00	350.99	339.00	353.00	16.13
	217.12	351.87	231.98	354.49	15.09
	235.27	354.85	253.01	358.04	18.03
	409.09	356.24	417.99	357.61	9.01
	219.95	357.19	225.13	358.35	5.31
	255.04	358.41	263.03	359.37	8.05
	377.06	358.85	382.91	359.48	5.88
	320.95	370.04	343.05	372.88	22.28
	94.98	361.10	101.03	362.82	6.28
	402.01	361.88	408.07	363.14	6.19
	286.03	363.96	305.97	367.08	20.19
	267.96	365.74	274.79	367.25	6.99
	120.00	366.98	131.07	369.63	11.38
	310.96	368.21	318.04	369.24	7.15
	151.00	373.99	166.01	377.86	15.50
	347.88	374.20	371.95	377.73	24.33
	188.00	382.99	205.02	386.77	17.44
	209.95	388.25	215.15	389.42	5.33
	229.01	392.77	251.02	397.87	22.59
	256.97	399.16	262.06	400.55	5.27
	268.02	401.83	274.00	403.02	6.10
	278.99	404.31	305.04	410.80	26.84
	120.03	404.88	131.04	408.27	11.52
	311.00	412.00	319.00	414.01	8.25
	152.01	414.97	164.99	419.05	13.61
	324.07	414.75	333.01	416.82	9.18
	339.01	418.52	370.99	426.14	32.88
	187.93	426.26	206.04	431.85	18.95
	376.97	427.12	387.04	429.69	10.39
	392.99	431.09	403.99	434.07	11.40
	94.93	432.75	101.06	435.27	6.63
	409.09	434.59	417.98	437.10	9.24
	219.86	436.41	225.00	438.05	5.39
	229.95	439.65	251.21	447.08	22.52
	118.96	442.20	132.09	447.38	14.12
	268.02	451.93	274.19	454.15	6.56
	150.94	455.37	166.00	460.98	16.07
	278.95	455.15	306.00	464.00	28.46
	93.94	461.54	173.95	498.63	88.19
	95.13	476.22	130.88	493.77	39.83
	311.92	465.84	319.01	467.92	7.38
	119.09	468.85	130.94	474.13	12.97
	187.80	468.99	205.09	476.70	18.93
	325.00	470.01	333.04	472.69	8.47
	338.01	473.92	371.12	484.21	34.67
	229.92	486.26	251.01	494.95	22.81
	377.00	486.02	387.01	489.54	10.61
	409.97	496.54	418.04	499.38	8.55
	176.80	499.72	207.41	514.60	34.03
	267.97	501.53	273.07	503.75	5.56
	94.78	503.54	102.20	507.29	8.32
	280.00	506.54	305.11	516.57	27.04
	209.00	515.43	317.98	566.04	120.16
	119.83	517.59	131.13	524.67	13.34
	180.66	517.59	189.95	522.12	10.33
	311.95	519.16	318.99	522.08	7.62
	216.99	536.01	233.00	543.00	17.47
	192.66	523.57	207.01	530.05	15.75
	323.98	524.12	331.99	527.02	8.52
	236.09	544.89	263.02	557.78	29.85
	338.97	530.11	370.13	542.11	33.39
	4.02	531.98	24.88	548.71	26.74
	150.85	535.43	166.13	543.60	17.33
	94.78	538.40	102.15	543.54	8.98
	377.95	545.14	387.06	548.73	9.79
	393.00	551.00	403.04	555.42	10.97
	119.76	554.99	132.12	563.29	14.89
	187.73	555.58	205.08	565.30	19.89
	409.97	557.57	418.01	560.96	8.73
	264.30	558.76	319.01	584.85	60.61
	27.07	561.92	33.11	566.88	7.82
	94.88	574.22	102.25	579.36	8.99
	151.82	575.45	165.19	584.17	15.96
	45.06	576.89	54.14	584.87	12.09
	229.90	579.28	251.15	591.66	24.59
	346.98	579.74	386.07	597.87	43.09
	27.62	584.45	32.17	588.65	6.19
	119.81	592.44	131.05	600.42	13.78
	373.98	611.00	386.06	617.81	13.87
	256.87	594.34	262.98	598.07	7.16
	189.08	599.40	204.04	608.94	17.74
	391.92	600.14	415.01	610.97	25.50
	279.88	607.30	305.18	621.56	29.04
	27.62	614.44	32.34	619.62	7.01
	391.06	619.91	417.00	633.13	29.11
	68.74	621.39	75.34	627.52	9.01
	312.10	625.39	318.08	628.82	6.90
	231.04	626.47	243.74	634.44	15.00
25
	152.11	6.94	152.78	13.99	7.08
	102.73	32.01	103.54	39.04	7.07
	374.44	121.34	372.29	143.22	21.99
	319.39	131.57	318.90	150.99	19.42
	307.19	138.03	307.48	153.12	15.09
	326.09	139.11	325.39	147.93	8.85
	284.55	142.10	285.60	157.45	15.39
	262.69	144.08	262.68	160.01	15.94
	205.95	334.68	207.26	347.98	13.36
	190.86	333.98	191.83	347.18	13.24
	233.95	340.00	234.03	356.01	16.01
	253.50	342.81	254.27	357.00	14.21
	263.45	343.95	264.80	359.07	15.18
	284.99	347.00	285.81	362.02	15.05
	374.09	382.04	375.93	355.86	26.25
	320.53	359.97	320.70	369.10	9.13
	14.13	427.02	15.78	431.99	5.24
	208.32	517.03	210.82	533.39	16.55
	216.07	521.00	216.92	535.06	14.08
	234.38	529.02	235.83	544.13	15.18
	315.45	533.02	315.14	539.05	6.04
	263.32	543.01	264.26	557.08	14.11
	285.29	553.02	285.67	566.97	13.95
	308.88	565.00	309.08	579.01	14.01
	415.24	624.09	413.95	628.98	5.06
