vx	vy	vz	score	numLines
0.77733745	-0.62908262	-0.00124372	2029.38	140
-0.06053710	0.99816585	-0.00043268	1292.86	99
-0.86587428	-0.50026065	-0.00100856	1136.69	132

nLines	x1	y1	x2	y2	length
140
	201.08	166.15	206.99	163.96	6.30
	191.15	186.38	208.92	179.87	18.93
	194.05	190.13	205.95	184.86	13.02
	196.01	195.04	200.91	192.86	5.36
	176.02	212.15	209.95	199.34	36.27
	204.00	228.47	180.05	236.18	25.16
	217.00	243.91	223.02	242.06	6.30
	173.98	247.95	180.00	246.00	6.33
	297.06	329.30	357.04	317.70	61.09
	328.76	327.45	323.00	328.89	5.93
	269.99	344.22	368.02	326.78	99.57
	276.98	345.69	368.04	330.21	92.37
	254.99	364.77	262.68	363.38	7.82
	253.03	371.22	306.98	362.57	54.64
	284.92	374.62	309.08	371.35	24.38
	249.98	378.45	283.40	373.20	33.83
	247.04	385.52	308.99	375.83	62.71
	127.25	387.55	159.98	380.25	33.53
	230.06	383.16	239.01	381.69	9.07
	162.07	385.08	111.04	393.23	51.67
	237.98	386.70	244.99	385.66	7.09
	151.02	392.94	161.95	391.76	10.99
	107.01	400.08	119.91	398.70	12.97
	314.17	418.48	308.00	419.06	6.20
	316.24	424.28	321.88	424.09	5.64
	34.99	428.48	58.03	426.96	23.09
	287.03	430.52	307.05	428.80	20.09
	217.93	431.89	224.05	431.13	6.17
	255.03	434.30	284.04	431.27	29.16
	338.04	444.41	358.93	443.94	20.89
	363.98	442.40	375.04	441.95	11.07
	412.99	445.04	419.00	444.94	6.01
	52.96	460.78	74.03	458.48	21.19
	383.89	451.39	388.90	451.23	5.01
	407.92	454.74	413.02	454.18	5.13
	277.55	458.15	271.96	458.56	5.61
	73.00	471.01	82.95	470.63	9.96
	344.06	466.05	350.06	466.16	5.99
	296.15	475.83	306.01	476.18	9.87
	88.98	468.91	98.00	468.96	9.01
	101.92	468.60	112.99	468.55	11.06
	125.00	472.16	130.01	471.85	5.02
	395.00	473.01	402.04	472.42	7.07
	364.95	475.18	370.02	474.87	5.08
	49.04	478.28	60.40	478.48	11.37
	265.03	481.12	279.96	480.70	14.94
	113.97	488.15	134.14	486.56	20.23
	314.00	482.94	329.00	482.94	15.00
	385.02	482.96	402.83	482.54	17.82
	410.99	484.10	421.02	484.47	10.04
	17.79	487.62	37.96	486.85	20.18
	22.00	495.14	34.98	495.39	12.98
	47.99	485.85	55.00	485.73	7.02
	219.61	493.52	208.03	493.31	11.58
	79.03	488.40	88.03	488.01	9.01
	164.99	488.05	170.01	488.02	5.02
	73.00	494.64	87.97	494.74	14.96
	90.07	494.63	99.01	494.51	8.95
	98.00	496.48	75.02	496.52	22.98
	100.04	494.40	115.00	495.01	14.97
	374.98	499.11	393.96	500.13	19.01
	297.00	498.96	329.95	498.71	32.95
	41.89	497.78	54.06	497.30	12.18
	99.00	496.57	112.96	496.57	13.96
	266.02	498.24	285.80	498.06	19.77
	402.02	499.67	421.01	499.89	18.99
	44.25	501.44	50.92	501.35	6.67
	271.08	501.89	280.97	502.08	9.90
	104.00	513.16	134.94	511.46	30.99
	309.99	504.15	315.94	504.11	5.96
	4.03	505.94	23.05	504.84	19.05
	34.00	515.15	79.03	514.62	45.03
	45.00	505.89	50.94	505.69	5.94
	373.01	507.17	390.00	506.35	17.00
	401.99	506.58	421.00	506.92	19.02
	67.99	507.77	79.02	507.42	11.04
	102.98	506.82	112.01	506.62	9.03
	32.00	508.26	42.01	507.91	10.02
	53.00	507.83	60.99	507.82	7.99
	265.94	508.19	332.11	508.39	66.18
	321.00	511.02	332.92	511.55	11.94
	137.16	519.65	145.99	519.45	8.83
	153.11	516.82	161.93	517.19	8.83
	221.99	513.10	230.00	513.62	8.03
	269.98	514.21	285.98	515.30	16.03
	312.11	514.48	318.07	514.62	5.97
	3.98	515.15	9.81	514.88	5.84
	100.00	521.26	134.00	520.76	34.01
	222.99	520.94	263.02	519.35	40.05
	264.01	519.31	359.00	523.01	95.06
	360.00	523.04	421.00	520.05	61.08
	4.00	522.31	88.00	522.40	84.00
	149.05	521.64	169.00	522.29	19.96
	121.23	522.79	142.08	523.71	20.87
	395.98	523.35	417.99	524.80	22.05
	84.93	526.58	119.79	525.31	34.88
	4.00	527.88	54.01	527.09	50.01
	381.01	526.47	372.93	526.57	8.09
	139.00	526.98	156.98	527.58	18.00
	390.01	529.38	402.03	529.50	12.02
	135.00	530.93	140.00	530.96	5.00
	216.96	531.40	235.02	531.32	18.06
	239.10	531.47	265.98	532.15	26.88
	77.99	534.16	88.00	534.01	10.02
	163.02	534.71	177.03	535.62	14.04
	213.99	536.17	220.97	536.30	6.99
	371.97	536.69	380.01	537.48	8.08
	234.99	536.82	240.02	536.94	5.02
	289.99	537.39	420.99	542.49	131.10
	4.01	537.89	24.98	539.40	21.02
	114.00	538.27	127.02	538.42	13.02
	145.01	538.06	159.99	539.08	15.02
	87.00	538.95	94.01	539.15	7.01
	105.99	538.77	112.00	538.62	6.02
	164.95	539.35	182.21	539.59	17.26
	96.96	539.76	103.03	539.63	6.07
	55.00	542.84	86.95	543.34	31.95
	11.96	548.61	21.03	548.73	9.08
	61.94	549.33	72.96	550.73	11.11
	3.99	549.65	27.01	551.81	23.11
	232.00	554.96	241.98	554.84	9.99
	217.01	556.48	232.00	557.93	15.06
	208.00	560.10	225.04	561.64	17.11
	271.01	560.57	281.00	561.13	10.00
	298.01	562.92	312.00	563.97	14.04
	334.00	563.90	356.00	564.97	22.02
	237.01	570.15	249.12	570.68	12.13
	201.00	571.00	212.01	571.56	11.02
	21.99	576.79	34.02	577.37	12.04
	152.93	578.22	203.11	586.54	50.87
	216.00	587.03	225.02	587.82	9.06
	240.00	589.97	246.00	590.97	6.08
	5.97	591.28	13.00	592.50	7.13
	175.03	596.90	183.98	598.26	9.06
	214.94	604.32	235.00	606.67	20.19
	253.97	608.22	284.03	611.50	30.23
	140.93	611.72	146.00	612.39	5.12
	292.00	613.54	329.00	617.59	37.22
	236.00	625.03	248.99	626.56	13.08
	385.00	625.02	414.00	627.83	29.14
99
	209.01	167.00	209.75	175.94	8.98
	178.95	191.00	178.94	199.00	8.01
	239.32	192.99	239.89	199.99	7.03
	204.37	206.07	204.33	223.91	17.84
	208.77	205.95	209.02	216.00	10.05
	219.43	206.21	219.63	214.98	8.76
	223.88	208.99	224.30	224.93	15.94
	193.66	210.08	193.68	223.01	12.93
	228.05	210.95	229.00	227.00	16.08
	188.38	211.91	189.08	224.00	12.11
	257.70	264.03	262.57	362.04	98.13
	232.64	212.95	233.28	229.07	16.14
	163.81	270.00	162.91	383.99	114.00
	212.82	220.02	212.83	229.99	9.97
	213.74	249.05	214.76	267.96	18.94
	224.97	250.63	225.49	266.98	16.35
	205.09	254.02	204.54	270.92	16.90
	212.46	256.98	212.58	268.98	12.00
	180.10	263.00	180.34	267.99	5.00
	11.38	296.00	9.05	365.00	69.04
	249.94	292.02	250.15	298.02	6.01
	217.03	303.00	217.70	314.03	11.05
	213.81	305.04	214.22	329.93	24.89
	227.31	320.97	230.90	371.10	50.26
	217.34	323.04	218.73	339.28	16.30
	242.08	325.99	242.14	331.01	5.02
	213.99	331.99	214.00	359.00	27.01
	369.74	341.01	371.04	353.00	12.06
	218.05	341.99	218.55	360.12	18.14
	237.99	344.00	238.14	349.00	5.01
	301.17	346.96	301.80	352.01	5.09
	351.93	347.03	352.35	353.04	6.03
	296.07	347.98	296.60	353.07	5.11
	335.02	350.99	335.28	356.04	5.05
	323.39	351.95	323.86	357.97	6.04
	238.22	352.95	238.35	359.00	6.05
	318.02	352.99	318.67	358.02	5.06
	347.00	358.00	347.55	363.02	5.04
	25.26	363.00	21.20	444.83	81.93
	170.00	362.00	169.78	376.00	14.00
	209.22	363.02	210.24	414.00	50.99
	224.51	362.99	226.89	423.92	60.98
	9.80	366.94	8.83	387.99	21.08
	205.66	370.01	205.44	391.04	21.03
	12.20	373.94	10.26	412.37	38.48
	17.51	375.11	15.73	426.96	51.88
	288.49	383.89	288.55	388.90	5.01
	327.59	384.05	327.89	389.97	5.93
	172.68	386.06	172.67	391.24	5.18
	230.56	391.04	232.97	430.01	39.05
	302.53	393.95	303.03	399.00	5.08
	341.41	394.19	341.96	400.01	5.84
	374.38	399.98	374.86	415.03	15.05
	237.31	401.95	237.75	406.99	5.06
	341.84	403.99	342.23	408.98	5.00
	105.67	417.01	105.97	407.00	10.02
	8.31	406.03	7.73	427.97	21.95
	173.00	406.40	172.85	412.28	5.88
	317.98	406.00	318.32	411.01	5.02
	247.54	411.84	247.53	416.95	5.11
	12.14	413.01	11.35	427.07	14.09
	361.49	417.92	361.68	423.89	5.97
	322.84	419.18	324.08	428.98	9.88
	358.43	428.79	360.33	443.06	14.40
	16.44	430.00	16.71	447.01	17.01
	6.08	431.01	6.12	447.01	16.00
	30.36	433.10	30.12	443.03	9.93
	323.57	433.03	324.23	438.98	5.99
	36.69	434.99	36.13	447.00	12.03
	413.76	435.07	414.29	441.83	6.79
	420.91	435.01	421.57	441.06	6.08
	173.46	436.44	173.20	466.02	29.58
	61.49	442.94	61.56	451.02	8.08
	48.14	438.98	47.53	447.98	9.02
	54.03	441.00	53.99	447.00	6.00
	134.99	443.00	135.01	450.20	7.20
	346.64	447.71	346.99	452.99	5.30
	327.81	448.93	328.12	454.82	5.90
	92.15	451.00	92.16	456.03	5.03
	113.63	478.80	113.99	461.01	17.80
	419.16	456.93	419.84	465.04	8.14
	130.96	459.00	131.42	467.82	8.83
	148.73	459.87	149.01	468.00	8.13
	168.48	460.99	169.00	468.00	7.03
	306.76	463.02	306.73	475.04	12.02
	295.12	467.01	295.32	474.95	7.94
	88.10	470.03	87.72	478.03	8.01
	370.80	470.02	371.48	476.08	6.10
	391.15	470.99	391.65	476.03	5.07
	112.72	482.11	112.97	487.48	5.38
	299.39	483.04	300.60	496.96	13.97
	359.33	484.14	359.46	498.88	14.74
	63.82	485.00	64.89	512.01	27.03
	220.00	486.01	220.34	492.90	6.90
	353.36	486.87	354.74	506.07	19.24
	160.13	493.12	160.78	502.96	9.86
	331.62	494.06	332.93	507.02	13.02
	360.25	503.95	360.49	509.04	5.09
	145.97	513.01	145.87	518.05	5.05
132
	212.07	183.26	218.41	186.51	7.13
	218.82	183.35	225.85	186.27	7.61
	220.95	188.63	232.89	193.71	12.98
	211.01	199.03	238.92	210.17	30.05
	222.09	228.85	240.92	237.16	20.58
	241.05	245.83	246.03	247.93	5.40
	366.67	320.22	420.64	340.95	57.82
	369.00	326.55	404.15	340.55	37.84
	369.01	330.12	402.11	340.19	34.60
	373.76	343.49	383.88	347.41	10.85
	385.87	347.83	391.85	349.38	6.17
	392.85	350.58	421.00	359.02	29.39
	376.82	354.73	420.99	367.06	45.86
	11.95	359.18	25.05	361.98	13.40
	308.01	361.92	332.04	367.77	24.74
	391.97	367.13	420.98	375.07	30.07
	310.00	371.34	333.14	375.48	23.51
	389.96	375.31	413.00	381.02	23.73
	309.99	375.72	340.09	381.57	30.66
	376.71	380.64	382.85	382.48	6.40
	384.97	383.15	391.87	384.36	7.00
	393.99	385.05	416.69	389.55	23.14
	376.79	390.59	386.81	392.62	10.23
	388.96	393.19	420.94	398.12	32.36
	407.83	405.58	388.99	402.25	19.13
	377.84	399.54	386.91	401.40	9.26
	384.00	410.35	390.86	411.53	6.96
	385.13	418.86	400.98	422.08	16.17
	392.99	412.22	408.01	415.08	15.29
	375.54	416.98	383.04	418.26	7.61
	325.93	419.88	339.97	421.15	14.10
	303.18	420.32	313.03	421.64	9.93
	9.00	429.04	14.99	429.41	6.00
	332.01	431.44	342.02	432.82	10.11
	373.93	431.91	379.97	432.33	6.05
	38.02	433.66	47.98	435.01	10.05
	240.07	438.25	232.95	437.51	7.16
	348.96	434.68	353.93	435.54	5.04
	308.02	438.23	315.26	438.56	7.25
	23.98	444.74	32.81	445.39	8.86
	143.03	448.33	150.07	449.09	7.08
	50.02	449.63	57.00	450.13	7.00
	37.93	460.12	46.96	460.74	9.05
	350.00	462.97	355.24	463.47	5.27
	344.06	466.05	350.06	466.16	5.99
	22.20	467.33	36.94	468.45	14.79
	296.15	475.83	306.01	476.18	9.87
	88.98	468.91	98.00	468.96	9.01
	101.92	468.60	112.99	468.55	11.06
	334.02	474.07	358.01	476.25	24.09
	49.04	478.28	60.40	478.48	11.37
	265.03	481.12	279.96	480.70	14.94
	28.14	482.36	39.00	483.00	10.88
	314.00	482.94	329.00	482.94	15.00
	385.02	482.96	402.83	482.54	17.82
	410.99	484.10	421.02	484.47	10.04
	17.79	487.62	37.96	486.85	20.18
	22.00	495.14	34.98	495.39	12.98
	47.99	485.85	55.00	485.73	7.02
	219.61	493.52	208.03	493.31	11.58
	79.03	488.40	88.03	488.01	9.01
	164.99	488.05	170.01	488.02	5.02
	73.00	494.64	87.97	494.74	14.96
	90.07	494.63	99.01	494.51	8.95
	98.00	496.48	75.02	496.52	22.98
	100.04	494.40	115.00	495.01	14.97
	413.86	494.36	420.99	494.87	7.14
	374.98	499.11	393.96	500.13	19.01
	297.00	498.96	329.95	498.71	32.95
	41.89	497.78	54.06	497.30	12.18
	99.00	496.57	112.96	496.57	13.96
	266.02	498.24	285.80	498.06	19.77
	402.02	499.67	421.01	499.89	18.99
	44.25	501.44	50.92	501.35	6.67
	271.08	501.89	280.97	502.08	9.90
	104.00	513.16	134.94	511.46	30.99
	309.99	504.15	315.94	504.11	5.96
	4.03	505.94	23.05	504.84	19.05
	34.00	515.15	79.03	514.62	45.03
	45.00	505.89	50.94	505.69	5.94
	373.01	507.17	390.00	506.35	17.00
	401.99	506.58	421.00	506.92	19.02
	67.99	507.77	79.02	507.42	11.04
	102.98	506.82	112.01	506.62	9.03
	32.00	508.26	42.01	507.91	10.02
	53.00	507.83	60.99	507.82	7.99
	265.94	508.19	332.11	508.39	66.18
	137.16	519.65	145.99	519.45	8.83
	309.00	519.33	421.00	512.47	112.21
	312.11	514.48	318.07	514.62	5.97
	3.98	515.15	9.81	514.88	5.84
	100.00	521.26	134.00	520.76	34.01
	222.99	520.94	263.02	519.35	40.05
	360.00	523.04	421.00	520.05	61.08
	4.00	522.31	88.00	522.40	84.00
	149.05	521.64	169.00	522.29	19.96
	419.99	527.93	408.07	528.67	11.94
	84.93	526.58	119.79	525.31	34.88
	4.00	527.88	54.01	527.09	50.01
	381.01	526.47	372.93	526.57	8.09
	135.00	530.93	140.00	530.96	5.00
	216.96	531.40	235.02	531.32	18.06
	77.99	534.16	88.00	534.01	10.02
	225.01	536.69	231.00	535.93	6.03
	241.11	539.12	288.99	537.40	47.91
	114.00	538.27	127.02	538.42	13.02
	105.99	538.77	112.00	538.62	6.02
	96.96	539.76	103.03	539.63	6.07
	3.92	545.61	48.00	541.97	44.23
	4.01	558.25	252.02	541.54	248.58
	46.00	548.71	61.00	546.88	15.11
	36.00	552.05	54.01	551.24	18.03
	251.00	552.50	262.00	551.86	11.02
	207.01	561.74	201.00	561.94	6.01
	242.03	561.17	251.00	559.97	9.05
	172.05	561.19	128.95	566.68	43.44
	263.00	562.49	254.00	563.91	9.12
	124.04	566.23	94.99	569.61	29.24
	302.95	566.48	296.03	567.60	7.01
	37.98	575.52	91.03	570.66	53.28
	260.02	571.69	274.02	570.55	14.04
	342.96	573.58	353.01	571.57	10.24
	332.00	573.17	337.01	572.56	5.04
	305.03	581.65	314.01	580.08	9.12
	284.04	585.32	291.02	584.08	7.09
	184.05	586.19	189.96	585.65	5.93
	28.08	590.54	42.00	588.07	14.14
	250.87	594.44	263.99	592.41	13.27
	243.05	594.23	252.05	592.31	9.20
	219.98	593.85	227.00	593.00	7.07
	298.10	608.32	303.97	606.85	6.05
	244.04	622.14	253.93	619.79	10.16
