vx	vy	vz	score	numLines
-0.01821755	0.99983400	-0.00030950	3333.82	265
0.93355245	0.35843964	0.00092119	2904.38	121
0.41764534	0.90861013	0.00009302	775.31	96

nLines	x1	y1	x2	y2	length
265
	183.86	11.99	184.59	29.99	18.01
	132.85	4.01	132.86	26.00	22.00
	228.42	4.00	228.28	25.03	21.04
	232.44	3.98	233.72	29.07	25.12
	271.06	4.00	272.96	44.00	40.05
	340.05	4.00	344.06	30.93	27.24
	359.31	3.96	360.62	18.96	15.06
	369.30	3.91	375.00	47.39	43.85
	396.84	4.02	397.70	19.37	15.37
	420.72	4.03	421.23	15.98	11.96
	428.92	4.03	430.53	18.95	15.00
	498.07	3.99	500.27	15.71	11.92
	137.54	10.01	137.69	15.43	5.41
	463.08	9.99	463.89	18.01	8.06
	416.98	15.00	417.97	21.00	6.09
	341.81	33.00	346.89	78.62	45.90
	308.52	16.97	309.68	39.96	23.01
	383.62	17.89	384.57	25.05	7.23
	482.37	17.97	483.47	24.94	7.06
	422.50	18.96	424.16	32.97	14.11
	173.32	21.01	174.19	30.97	10.00
	393.57	20.98	394.27	28.93	7.99
	397.31	20.94	402.45	60.03	39.42
	464.90	25.01	467.41	43.05	18.21
	406.69	26.94	409.88	44.98	18.32
	280.89	29.94	280.98	39.99	10.05
	310.83	33.17	311.75	41.05	7.94
	373.22	47.90	374.16	67.00	19.12
	415.34	33.03	416.00	49.00	15.99
	277.00	34.00	277.01	40.01	6.01
	174.27	36.05	175.12	53.96	17.93
	423.13	35.99	428.50	74.05	38.44
	272.70	49.99	273.41	70.99	21.01
	419.18	37.13	419.73	42.18	5.08
	186.30	38.98	185.90	65.01	26.03
	386.08	40.98	387.03	47.99	7.07
	305.05	42.01	305.15	51.94	9.93
	310.20	41.99	311.63	62.00	20.06
	344.65	80.96	349.76	127.00	46.32
	428.88	43.03	430.42	56.34	13.39
	231.69	46.00	231.35	74.99	28.99
	259.35	45.95	260.04	55.99	10.06
	436.90	48.97	438.02	56.96	8.07
	442.97	51.00	443.91	57.26	6.33
	189.85	54.09	190.38	60.05	5.99
	383.79	54.98	386.25	74.90	20.07
	259.28	59.03	260.80	70.77	11.84
	251.42	61.37	251.79	67.92	6.56
	402.13	61.92	404.81	94.98	33.17
	377.96	92.02	376.17	74.99	17.13
	309.52	64.96	315.20	114.65	50.02
	376.91	65.08	377.52	70.89	5.84
	316.06	71.80	316.63	79.83	8.05
	275.12	96.99	274.55	73.98	23.02
	400.88	79.97	401.37	85.00	5.06
	617.72	82.03	622.68	109.90	28.31
	341.33	84.82	341.71	89.91	5.10
	608.99	86.00	609.63	91.34	5.37
	232.84	87.96	233.45	110.00	22.05
	68.52	96.98	69.08	135.96	38.99
	355.74	95.97	356.27	101.93	5.98
	274.71	104.99	278.29	154.07	49.21
	72.61	98.10	73.35	125.95	27.86
	591.02	99.00	592.61	106.08	7.25
	631.95	102.04	634.37	113.50	11.71
	601.59	103.90	602.23	108.97	5.10
	338.25	104.95	338.77	115.00	10.06
	613.99	109.00	615.52	121.04	12.14
	623.33	111.94	624.59	117.82	6.01
	599.59	117.00	601.21	125.97	9.11
	603.77	115.13	605.53	125.03	10.05
	314.02	119.00	317.77	167.00	48.15
	623.20	119.97	624.15	124.98	5.09
	72.36	164.73	72.19	129.00	35.73
	593.63	123.92	594.75	129.99	6.17
	615.33	124.92	616.61	130.90	6.11
	606.15	128.02	608.54	143.03	15.19
	558.17	129.97	559.51	137.95	8.09
	573.88	154.12	578.71	184.04	30.30
	560.30	139.97	560.86	145.07	5.13
	616.95	140.00	618.35	145.95	6.11
	561.79	156.99	560.11	147.98	9.17
	129.67	145.00	129.87	177.01	32.01
	585.55	145.90	586.39	151.96	6.12
	547.11	155.98	548.43	163.94	8.07
	598.40	158.06	599.87	164.98	7.07
	515.97	159.00	517.59	168.00	9.15
	562.90	161.02	563.44	167.10	6.11
	609.24	160.97	610.58	166.96	6.13
	520.81	194.20	518.85	172.02	22.26
	587.71	162.98	589.10	169.99	7.15
	621.43	164.06	623.09	177.99	14.02
	625.53	165.18	627.37	175.95	10.93
	549.12	165.99	549.72	171.08	5.13
	160.31	167.92	160.62	174.93	7.02
	563.16	168.98	565.14	177.95	9.19
	591.23	192.80	594.40	215.96	23.37
	599.98	169.01	602.49	181.03	12.28
	68.53	169.99	68.34	190.01	20.03
	71.17	171.00	71.90	239.03	68.03
	596.56	171.01	597.99	180.01	9.11
	549.56	174.95	550.80	183.00	8.14
	590.54	174.99	592.23	190.94	16.04
	480.89	180.08	483.42	201.96	22.03
	556.92	181.03	557.84	188.12	7.16
	535.50	181.91	536.34	188.96	7.10
	130.87	195.00	135.74	249.95	55.17
	617.98	184.00	621.47	201.14	17.49
	624.22	186.97	625.33	192.90	6.03
	133.52	188.00	134.34	225.00	37.01
	474.94	188.00	477.65	203.47	15.70
	501.59	188.91	503.13	199.00	10.20
	537.32	190.96	538.36	200.34	9.43
	167.41	221.03	166.12	206.03	15.06
	537.47	202.36	544.03	251.00	49.07
	189.51	257.02	187.94	196.07	60.97
	461.75	197.02	463.85	212.02	15.15
	552.36	197.02	554.05	205.01	8.16
	603.57	199.95	604.52	210.03	10.12
	67.52	202.00	67.55	238.97	36.97
	504.54	203.04	506.51	225.05	22.10
	484.46	203.95	487.02	219.98	16.23
	568.46	205.94	569.70	212.13	6.31
	463.25	214.79	465.08	228.99	14.32
	616.53	207.00	617.92	217.03	10.13
	439.62	209.93	443.81	248.01	38.32
	606.46	212.07	608.33	227.08	15.13
	612.31	212.74	613.62	224.04	11.37
	163.35	243.94	163.55	251.61	7.67
	582.59	221.07	586.91	249.99	29.24
	479.05	222.00	480.26	239.89	17.92
	485.19	221.89	489.98	259.00	37.42
	510.01	268.99	511.81	280.01	11.17
	524.52	222.93	525.20	231.86	8.95
	555.42	224.94	556.47	231.95	7.09
	132.07	227.02	132.62	233.98	6.98
	595.48	226.97	597.03	234.00	7.20
	505.76	229.06	511.04	266.00	37.32
	571.75	229.03	573.36	246.08	17.12
	628.72	230.05	629.74	234.97	5.02
	603.99	232.00	606.37	242.72	10.99
	557.35	233.96	558.59	242.23	8.36
	524.60	234.93	525.97	245.00	10.16
	466.34	238.95	469.14	256.80	18.08
	558.02	243.98	559.48	255.02	11.13
	630.43	239.96	632.85	250.88	11.18
	486.09	241.01	486.49	246.07	5.07
	67.81	243.89	67.16	316.01	72.12
	71.55	245.30	71.35	270.00	24.71
	161.15	245.04	161.12	250.92	5.87
	609.28	245.96	610.55	251.92	6.09
	621.67	248.06	622.54	253.08	5.10
	130.72	253.30	131.21	274.98	21.69
	190.25	269.01	190.16	277.01	8.00
	632.11	253.98	633.58	260.93	7.10
	135.19	255.05	135.83	319.99	64.95
	444.17	254.99	446.66	277.96	23.11
	544.02	256.00	545.48	263.93	8.07
	621.89	256.02	623.08	262.02	6.12
	627.66	255.75	628.83	261.98	6.34
	431.73	258.04	432.29	263.99	5.97
	449.17	258.06	450.37	266.06	8.08
	453.18	257.92	454.53	277.56	19.69
	527.52	258.08	529.50	270.04	12.13
	460.48	259.08	462.33	278.91	19.91
	600.02	259.00	602.71	270.92	12.22
	468.20	260.01	474.07	301.88	42.27
	560.94	260.01	561.43	266.03	6.04
	475.67	263.82	476.20	269.02	5.23
	489.93	264.04	492.55	286.95	23.06
	574.57	264.94	575.72	271.91	7.07
	546.43	265.95	547.44	274.06	8.17
	42.66	267.04	42.79	272.06	5.02
	560.85	269.03	562.26	276.96	8.06
	92.94	271.99	93.40	278.95	6.98
	528.80	273.16	531.58	294.94	21.96
	546.93	279.01	548.12	288.00	9.07
	521.07	276.01	521.64	283.01	7.02
	589.61	277.03	590.60	283.98	7.02
	72.18	277.98	71.63	316.98	39.00
	468.14	279.01	468.40	284.02	5.01
	622.04	280.03	623.40	288.76	8.83
	603.66	282.91	604.31	287.87	5.00
	614.53	283.07	615.69	289.98	7.01
	577.34	285.97	578.43	294.00	8.10
	130.65	287.99	131.79	321.89	33.91
	493.47	288.96	494.85	304.01	15.12
	601.99	289.72	604.23	302.96	13.42
	522.65	296.94	523.52	301.94	5.08
	557.70	303.94	558.77	309.84	5.99
	579.87	300.02	580.55	305.04	5.07
	533.03	301.00	534.20	309.97	9.05
	592.74	302.99	593.49	309.94	6.99
	514.90	311.00	517.47	325.34	14.56
	549.00	314.04	554.76	351.02	37.42
	566.19	307.98	567.15	314.99	7.07
	579.76	309.02	580.97	317.00	8.07
	617.30	308.96	618.42	314.95	6.09
	325.56	312.00	328.14	336.98	25.12
	139.45	312.80	139.45	319.98	7.18
	522.73	312.95	525.17	325.99	13.27
	606.60	313.05	607.57	321.06	8.07
	533.49	313.95	535.11	325.01	11.18
	506.45	316.96	506.81	322.04	5.09
	66.98	322.02	67.86	345.01	23.01
	510.96	317.98	511.93	324.01	6.10
	557.11	318.01	559.64	332.99	15.19
	566.69	318.92	567.90	329.99	11.13
	581.05	321.00	585.37	353.07	32.36
	607.88	325.00	611.53	354.02	29.25
	631.90	329.00	633.44	340.05	11.15
	78.92	333.04	80.21	354.04	21.03
	568.96	334.00	570.33	352.05	18.10
	584.97	335.02	585.97	343.01	8.05
	290.50	396.02	286.91	341.99	54.15
	597.55	337.04	599.38	354.20	17.26
	632.54	342.99	634.51	353.93	11.12
	363.35	343.96	365.30	368.05	24.17
	554.77	355.99	555.88	366.00	10.07
	570.84	357.02	575.00	378.00	21.39
	585.11	356.98	586.25	367.02	10.10
	67.88	358.00	68.76	381.00	23.01
	362.89	366.00	363.22	371.02	5.03
	329.09	367.99	330.35	396.03	28.07
	267.46	394.64	267.29	389.03	5.61
	364.64	370.02	368.36	395.84	26.09
	398.23	372.99	399.65	395.01	22.07
	600.41	372.93	602.15	387.99	15.16
	613.87	373.02	614.56	378.04	5.06
	584.37	373.81	585.19	379.05	5.30
	624.46	373.89	625.32	378.97	5.15
	383.60	379.05	384.29	387.89	8.87
	613.66	382.05	614.36	388.01	6.00
	626.42	381.96	627.32	388.10	6.21
	428.01	398.00	430.43	420.97	23.11
	399.42	398.96	403.04	447.00	48.18
	366.17	399.93	370.60	452.03	52.29
	331.31	400.89	334.45	456.04	55.24
	250.16	464.90	244.75	401.98	63.15
	290.77	401.98	291.54	425.97	24.00
	303.59	411.98	304.15	427.06	15.09
	348.09	407.00	348.35	418.96	11.97
	320.29	412.66	320.87	419.03	6.40
	471.01	427.00	471.69	433.01	6.05
	457.53	424.04	459.60	442.04	18.12
	292.69	427.98	294.34	459.07	31.14
	351.13	427.93	351.89	433.05	5.18
	197.39	434.98	198.73	468.96	34.01
	484.18	443.98	489.38	486.79	43.12
	475.80	444.96	477.16	465.95	21.04
	460.01	447.00	461.28	467.98	21.02
	469.22	446.92	471.20	468.02	21.19
	433.14	449.98	436.02	488.00	38.13
	405.50	476.97	403.99	455.00	22.03
	422.88	451.96	424.44	475.81	23.90
	372.67	480.04	370.98	458.00	22.11
	414.61	453.86	416.81	477.94	24.18
	507.27	458.00	508.39	463.98	6.08
	335.48	460.96	337.01	488.00	27.08
	496.32	462.98	498.80	476.24	13.50
	295.77	465.08	296.06	488.00	22.91
	484.08	465.01	484.44	470.05	5.05
	462.41	470.97	463.29	487.98	17.04
	432.98	473.00	433.30	478.02	5.04
	140.91	488.01	141.23	480.23	7.78
121
	187.90	8.20	222.86	23.64	38.22
	273.56	45.02	306.77	60.37	36.58
	287.16	3.67	305.01	12.47	19.91
	372.03	3.93	396.19	19.25	28.61
	446.04	10.39	468.08	25.37	26.65
	186.84	11.29	200.06	16.79	14.32
	310.90	15.74	341.06	31.94	34.23
	203.07	19.40	213.02	23.79	10.88
	424.24	33.86	445.98	48.02	25.95
	400.02	20.38	422.01	33.98	25.86
	402.64	61.20	426.32	75.71	27.77
	344.99	32.54	371.94	47.08	30.63
	253.88	37.31	265.81	42.94	13.19
	251.22	38.52	266.16	44.63	16.13
	311.98	63.02	344.08	79.95	36.30
	375.98	48.54	399.90	61.84	27.37
	449.88	50.30	454.93	53.11	5.78
	288.87	57.22	296.01	59.97	7.64
	301.10	60.77	308.03	63.92	7.61
	626.00	63.00	633.88	69.11	9.97
	187.36	66.45	205.01	72.96	18.82
	210.98	75.07	229.11	81.76	19.33
	187.03	70.64	231.20	86.96	47.09
	4.08	72.79	33.03	80.91	30.07
	627.41	85.40	622.00	81.00	6.97
	4.04	76.88	45.05	88.29	42.58
	38.94	83.24	48.87	86.42	10.42
	599.92	87.03	606.67	91.44	8.07
	358.83	88.29	365.01	90.66	6.62
	57.07	91.84	68.02	95.98	11.70
	249.91	94.22	258.96	97.36	9.58
	278.73	155.19	307.84	164.55	30.58
	613.95	98.60	619.95	103.06	7.47
	296.05	107.83	310.04	113.39	15.05
	606.21	116.61	623.50	127.57	20.47
	101.98	171.12	72.99	165.02	29.63
	608.49	144.37	617.02	149.86	10.14
	625.69	130.20	634.00	136.54	10.45
	563.14	179.25	535.06	164.95	31.52
	600.11	140.33	606.03	143.44	6.69
	3.95	149.19	68.80	163.48	66.40
	4.01	153.94	67.95	168.63	65.60
	510.04	190.39	519.68	194.37	10.43
	72.05	169.21	131.08	184.98	61.10
	564.57	179.40	590.19	192.23	28.65
	72.34	239.69	130.99	248.90	59.37
	103.04	171.67	129.01	177.92	26.71
	609.85	172.69	630.98	184.20	24.06
	483.18	178.81	502.06	186.94	20.56
	135.99	180.04	184.02	193.47	49.88
	135.00	183.52	168.08	192.32	34.23
	615.49	203.48	605.05	197.94	11.82
	593.16	192.61	601.94	197.30	9.95
	521.88	194.65	535.98	200.63	15.31
	539.88	201.78	564.06	210.86	25.83
	487.90	220.78	541.10	238.41	56.05
	616.24	203.74	628.98	209.49	13.97
	569.61	213.40	592.97	222.47	25.07
	464.79	213.69	483.99	220.68	20.44
	493.01	263.94	509.01	267.95	16.50
	593.94	223.90	617.01	232.29	24.54
	3.98	230.09	66.92	239.86	63.69
	3.99	234.09	66.00	244.00	62.80
	558.76	243.32	632.93	267.37	77.98
	469.91	257.84	487.99	262.05	18.57
	543.92	238.69	557.00	243.67	14.00
	399.00	241.99	415.04	245.25	16.36
	66.54	317.48	4.00	313.00	62.71
	73.03	244.39	110.99	250.84	38.51
	399.88	244.68	406.00	245.83	6.23
	112.94	250.44	130.02	252.94	17.26
	136.99	250.47	186.96	257.76	50.50
	136.00	254.05	185.03	261.81	49.64
	511.97	267.42	528.03	271.60	16.60
	548.00	275.35	600.97	288.17	54.50
	72.06	317.96	130.98	322.53	59.10
	616.94	292.15	634.00	296.49	17.60
	473.49	304.57	492.98	306.73	19.61
	495.96	306.58	513.81	310.39	18.25
	516.00	309.02	548.02	313.80	32.38
	33.95	310.32	39.02	310.85	5.10
	551.80	313.72	566.00	317.00	14.57
	567.75	316.68	619.03	324.90	51.94
	3.99	318.12	32.02	322.01	28.30
	72.05	323.11	130.96	327.12	59.04
	620.85	324.38	634.01	326.45	13.32
	305.95	335.11	324.95	336.77	19.07
	300.99	338.59	325.03	340.74	24.13
	329.00	340.74	349.97	342.82	21.07
	345.99	339.70	352.99	340.38	7.03
	612.96	356.43	633.99	358.13	21.09
	426.00	396.00	400.95	396.30	25.05
	398.05	397.79	386.02	397.45	12.04
	346.96	396.69	365.24	395.82	18.31
	246.99	398.24	287.97	396.90	41.00
	293.01	397.25	326.01	397.83	33.01
	4.00	399.58	49.02	399.17	45.02
	333.00	399.62	364.98	399.11	31.99
	403.07	448.00	430.76	445.68	27.79
	230.01	401.42	242.83	401.31	12.82
	246.98	401.45	287.98	401.06	41.00
	292.19	401.27	316.13	401.60	23.94
	194.75	469.60	141.98	474.33	52.99
	457.98	442.29	435.00	446.04	23.29
	461.21	446.26	473.97	444.88	12.83
	436.00	448.05	458.00	445.90	22.10
	374.04	452.23	401.85	448.87	28.01
	423.94	449.79	431.00	449.30	7.08
	403.98	454.00	422.08	451.52	18.27
	370.75	456.96	401.94	453.18	31.42
	297.02	460.48	332.55	456.59	35.74
	360.04	457.11	368.94	456.59	8.92
	336.25	460.40	356.86	458.69	20.69
	292.46	460.02	251.00	464.97	41.75
	297.01	464.51	334.06	460.97	37.22
	200.03	469.61	246.59	464.67	46.82
	280.97	465.87	292.00	465.07	11.05
	279.00	465.89	252.01	469.09	27.18
	200.02	474.10	246.99	470.01	47.15
	142.00	479.50	194.86	474.40	53.10
	508.97	483.36	490.00	487.03	19.32
96
	234.41	4.04	239.90	16.07	13.22
	319.91	4.04	323.81	11.90	8.78
	343.32	8.94	348.43	21.05	13.14
	423.00	11.00	425.50	17.26	6.74
	377.52	16.01	379.37	20.88	5.21
	151.52	26.95	157.33	38.96	13.33
	455.51	25.07	460.82	36.20	12.33
	459.33	24.72	462.43	32.64	8.50
	449.93	27.04	460.01	47.99	23.25
	183.42	30.99	194.54	52.98	24.64
	149.00	36.00	152.03	42.00	6.71
	10.18	42.92	16.58	56.37	14.89
	207.21	68.05	210.09	74.06	6.66
	250.15	69.60	252.14	74.92	5.68
	611.08	74.98	616.19	86.98	13.05
	328.77	81.08	334.85	97.48	17.50
	602.68	93.04	607.89	104.01	12.14
	73.43	127.04	82.48	146.02	21.03
	320.88	97.99	324.04	105.99	8.60
	39.60	104.22	47.74	121.06	18.71
	349.36	103.92	353.89	115.06	12.03
	604.90	106.09	610.25	118.01	13.06
	624.77	109.02	630.28	120.97	13.16
	293.92	117.09	299.00	128.61	12.60
	561.77	119.01	567.68	133.94	16.06
	291.43	127.02	293.29	132.07	5.39
	618.05	127.99	624.20	140.99	14.38
	316.77	135.25	319.41	141.37	6.66
	587.08	134.98	593.84	148.93	15.50
	619.91	141.09	624.21	152.05	11.77
	550.84	143.02	556.96	159.01	17.12
	589.08	148.93	593.86	161.95	13.86
	567.86	156.09	571.82	166.11	10.78
	602.21	155.83	606.12	164.69	9.68
	507.70	163.86	512.09	172.98	10.12
	578.76	158.07	581.10	162.97	5.44
	612.52	162.67	618.13	175.00	13.54
	567.03	163.97	568.78	168.82	5.16
	527.16	171.01	530.82	180.97	10.60
	604.51	173.02	610.44	186.00	14.28
	579.57	173.76	585.01	186.00	13.40
	569.29	183.98	575.48	198.89	16.14
	605.16	185.87	609.82	197.98	12.98
	3.69	188.09	12.61	208.30	22.09
	544.17	251.96	554.50	275.01	25.26
	595.84	197.00	600.29	210.05	13.80
	627.10	196.90	630.06	204.97	8.59
	494.90	199.02	497.42	204.84	6.35
	527.17	199.99	533.91	217.02	18.31
	570.03	199.98	575.84	213.01	14.26
	509.07	203.00	515.82	220.85	19.09
	94.73	211.22	97.14	215.99	5.35
	584.07	203.75	588.72	214.00	11.26
	596.57	210.67	601.86	223.99	14.33
	621.57	210.97	624.86	220.99	10.55
	559.12	211.99	565.80	227.93	17.28
	446.08	213.93	447.86	219.02	5.39
	137.33	215.22	145.12	231.91	18.41
	620.03	221.98	624.68	233.00	11.96
	577.01	224.00	580.90	234.13	10.85
	575.87	234.13	579.74	244.91	11.45
	588.11	238.93	591.06	246.94	8.54
	612.64	247.65	617.27	259.03	12.29
	565.90	251.07	571.98	264.05	14.34
	594.09	261.99	597.98	271.02	9.84
	498.33	267.96	506.43	286.96	20.65
	626.71	267.96	631.23	279.98	12.85
	447.54	270.43	450.34	276.11	6.33
	72.77	273.97	81.90	295.06	22.98
	604.38	275.83	609.59	287.97	13.21
	562.41	281.79	568.46	299.68	18.89
	628.03	281.98	632.80	293.01	12.02
	478.40	285.98	482.24	296.04	10.77
	594.65	290.06	599.73	304.03	14.87
	610.42	298.02	614.17	306.75	9.49
	609.97	307.59	613.55	317.14	10.20
	620.42	311.95	625.15	321.97	11.09
	543.29	320.74	547.98	334.02	14.09
	601.18	339.71	604.29	348.74	9.55
	612.54	341.75	617.46	353.96	13.17
	380.97	354.00	385.97	365.01	12.09
	269.58	360.03	272.83	368.68	9.25
	618.47	362.95	622.03	371.96	9.69
	591.23	373.58	595.77	383.97	11.33
	603.33	374.83	608.76	387.03	13.36
	628.36	374.68	632.63	387.02	13.06
	306.86	379.09	311.08	388.98	10.74
	354.28	387.92	356.52	393.01	5.56
	619.44	408.76	624.53	421.09	13.34
	371.07	422.98	376.50	436.01	14.11
	195.91	425.00	206.54	447.98	25.32
	412.54	426.06	417.75	438.05	13.07
	496.45	449.04	502.73	461.48	13.94
	164.89	453.03	167.13	457.98	5.43
	446.80	455.18	452.00	467.00	12.92
	159.98	482.01	162.38	488.04	6.49
