vx	vy	vz	score	numLines
0.96150191	0.27479683	0.00088646	2468.20	165
-0.02281707	0.99973966	0.00002656	2260.30	177
0.98654794	-0.16347195	-0.00029449	1201.12	113

nLines	x1	y1	x2	y2	length
165
	153.25	3.47	180.96	13.08	29.33
	257.82	49.68	250.21	47.68	7.86
	213.92	9.73	242.72	19.23	30.32
	271.00	10.03	295.99	18.85	26.50
	489.99	10.03	502.98	16.02	14.31
	571.35	13.45	577.93	16.73	7.35
	546.95	12.55	557.00	18.54	11.70
	221.97	20.68	217.07	18.88	5.22
	3.91	23.24	17.86	26.39	14.31
	272.13	26.74	297.15	34.64	26.24
	407.03	27.31	415.12	30.92	8.85
	161.10	29.48	179.99	33.97	19.42
	188.95	34.22	199.97	37.88	11.62
	20.30	35.54	43.90	40.10	24.04
	565.01	36.92	573.30	41.65	9.55
	216.99	39.15	243.74	45.83	27.58
	53.02	41.68	108.99	56.05	57.78
	149.80	41.86	179.76	52.67	31.85
	207.00	41.71	211.81	43.41	5.11
	271.92	44.15	294.98	52.34	24.47
	234.70	50.44	246.06	53.45	11.74
	62.00	54.05	66.91	55.22	5.05
	270.04	61.77	295.25	70.84	26.78
	148.87	64.03	178.99	71.06	30.93
	4.02	66.37	16.96	69.42	13.29
	214.96	66.22	228.03	68.92	13.35
	540.94	76.12	565.79	87.50	27.32
	20.99	77.55	39.95	81.56	19.38
	67.04	79.14	73.97	81.16	7.22
	269.96	79.18	294.01	84.91	24.72
	539.97	80.23	557.02	86.65	18.22
	148.34	80.84	180.03	88.84	32.68
	203.00	82.01	229.96	88.11	27.64
	480.06	83.42	488.10	86.63	8.65
	4.01	87.49	16.00	89.98	12.25
	541.08	87.69	573.95	102.73	36.15
	128.95	128.36	116.04	126.40	13.05
	129.05	102.28	119.90	100.02	9.43
	55.02	91.90	73.96	95.28	19.24
	577.94	93.22	591.89	99.24	15.20
	269.00	95.93	291.78	101.53	23.46
	83.18	97.50	94.07	99.31	11.04
	145.75	99.17	177.98	107.38	33.25
	206.02	100.44	224.98	105.92	19.73
	94.82	100.60	104.88	102.52	10.24
	267.98	111.02	279.87	113.35	12.12
	229.86	137.32	242.05	139.03	12.31
	577.14	102.10	600.10	112.79	25.33
	4.04	106.82	47.00	115.01	43.73
	82.89	113.84	75.21	112.30	7.84
	88.85	112.33	101.95	114.06	13.22
	4.00	111.96	43.14	119.71	39.89
	84.15	119.70	71.89	118.07	12.37
	560.74	111.69	570.06	115.97	10.26
	158.13	112.67	164.02	114.10	6.06
	90.96	116.35	96.93	117.22	6.03
	147.01	118.41	178.02	124.81	31.66
	78.98	126.16	234.09	154.65	157.71
	209.13	120.90	225.85	124.26	17.06
	85.99	122.08	111.93	127.28	26.46
	36.98	125.11	44.03	125.96	7.10
	594.88	124.78	600.03	126.95	5.59
	209.05	132.34	226.01	134.94	17.16
	141.86	134.27	198.00	144.62	57.09
	68.01	151.94	124.01	161.13	56.75
	204.94	139.78	222.52	144.02	18.08
	12.04	142.29	32.00	146.02	20.30
	197.81	143.41	223.84	147.62	26.37
	4.02	145.89	20.01	148.33	16.17
	541.26	148.70	547.00	150.05	5.90
	37.96	147.16	49.07	148.32	11.18
	162.89	148.32	177.04	151.38	14.48
	21.94	150.46	108.13	161.45	86.89
	540.02	157.88	557.98	164.22	19.05
	109.15	162.53	144.02	167.26	35.18
	469.00	162.75	477.16	164.62	8.37
	141.99	163.74	159.99	166.49	18.20
	568.49	165.46	589.01	171.96	21.52
	556.08	166.75	599.99	179.05	45.60
	148.17	168.52	196.01	175.88	48.41
	42.92	170.13	52.05	171.20	9.19
	64.99	173.40	72.01	174.54	7.11
	198.10	176.53	208.02	177.79	9.99
	572.15	177.61	593.99	182.04	22.29
	15.95	181.42	28.20	182.71	12.32
	485.98	183.73	492.96	185.68	7.25
	3.99	185.49	36.96	188.19	33.08
	35.93	183.81	49.04	185.19	13.18
	67.19	187.75	74.95	189.05	7.87
	99.91	196.54	127.98	199.24	28.20
	175.07	188.34	185.93	190.16	11.01
	565.56	188.42	589.98	194.64	25.20
	39.96	189.13	72.96	193.44	33.27
	173.03	192.53	178.13	193.30	5.16
	9.98	199.28	21.01	200.86	11.14
	141.06	213.22	129.37	211.52	11.82
	129.96	200.83	150.04	202.19	20.12
	173.96	200.86	183.09	201.84	9.18
	167.99	203.99	178.99	205.57	11.11
	8.00	205.03	40.99	208.80	33.21
	103.00	214.99	158.97	220.39	56.23
	109.01	225.12	125.43	226.48	16.48
	14.90	226.58	40.49	229.97	25.81
	9.17	232.76	26.06	233.85	16.92
	81.47	235.72	91.93	236.35	10.48
	40.98	238.97	51.00	238.98	10.02
	508.68	264.59	532.97	266.07	24.34
	587.99	261.53	597.98	262.10	10.01
	65.01	283.14	55.72	282.36	9.31
	12.98	294.92	19.99	295.07	7.01
	440.04	329.36	430.87	329.47	9.17
	452.96	305.86	458.11	305.75	5.16
	44.93	310.86	55.02	310.36	10.10
	495.37	316.92	507.96	316.30	12.60
	433.01	321.58	439.89	321.68	6.88
	429.00	336.93	436.91	336.18	7.94
	9.01	348.96	25.86	348.71	16.85
	467.02	350.92	476.01	350.75	9.00
	575.05	356.54	582.05	355.65	7.05
	514.96	364.36	520.03	364.23	5.07
	426.02	372.69	468.90	369.30	43.02
	467.01	380.01	471.96	379.19	5.01
	520.97	381.35	497.91	383.36	23.14
	498.99	380.39	511.03	379.35	12.08
	485.02	381.99	496.02	381.31	11.02
	475.04	383.24	482.09	382.48	7.10
	508.08	400.67	519.02	399.03	11.06
	574.93	403.65	584.01	401.52	9.32
	531.11	405.57	502.05	411.46	29.65
	574.92	410.64	581.36	409.22	6.60
	468.05	416.60	495.12	412.46	27.38
	491.01	415.49	505.88	413.63	14.99
	508.99	416.79	523.80	413.68	15.13
	419.01	424.28	466.09	417.54	47.56
	419.98	427.83	479.95	417.73	60.81
	416.99	440.53	535.00	418.97	119.96
	28.97	428.83	7.29	431.29	21.82
	533.03	459.12	502.96	467.77	31.29
	570.95	454.40	564.01	456.03	7.13
	469.07	473.47	481.07	470.43	12.38
	421.91	476.32	427.99	474.90	6.25
	443.12	480.41	462.99	474.62	20.70
	445.63	483.55	464.72	478.51	19.75
	436.94	484.67	429.97	486.16	7.13
	429.24	485.69	437.14	483.45	8.21
	411.95	488.86	428.15	485.00	16.65
	422.98	488.24	429.00	487.01	6.14
	554.99	491.10	549.00	493.01	6.29
	3.98	498.82	20.97	495.76	17.27
	4.02	515.11	32.03	510.12	28.46
	387.02	537.21	381.01	539.03	6.29
	456.08	543.37	461.82	541.64	5.99
	502.81	549.57	510.99	545.61	9.09
	117.94	562.27	57.11	578.26	62.89
	497.02	569.23	501.86	566.81	5.41
	95.77	577.19	119.01	572.02	23.81
	70.02	577.01	31.97	588.86	39.85
	73.06	578.60	79.05	577.24	6.15
	29.04	585.28	46.97	581.38	18.35
	97.86	582.31	91.92	584.19	6.23
	69.86	585.25	4.01	602.50	68.07
	6.09	591.27	24.98	585.90	19.64
	27.01	589.10	4.04	595.19	23.76
	63.04	591.71	71.01	590.02	8.14
	373.12	598.20	378.13	595.88	5.52
177
	145.55	4.00	139.20	129.03	125.19
	184.04	4.01	183.38	26.07	22.07
	200.95	4.00	200.42	13.13	9.15
	251.69	4.01	250.38	46.93	42.94
	258.26	4.10	259.77	44.00	39.92
	266.86	4.00	262.40	109.02	105.11
	330.46	4.00	329.77	33.05	29.05
	345.30	4.06	344.99	30.00	25.94
	366.26	4.08	366.45	17.09	13.01
	397.98	4.00	396.80	20.04	16.09
	415.33	4.00	415.11	16.00	12.00
	464.11	8.92	463.47	15.46	6.58
	541.32	4.03	541.65	14.05	10.03
	579.66	4.01	579.78	14.91	10.90
	593.53	4.00	592.97	29.00	25.01
	599.64	4.01	600.20	27.69	23.69
	22.33	5.94	20.92	32.99	27.08
	421.09	17.07	420.49	23.05	6.01
	46.58	6.94	46.26	12.96	6.03
	302.74	18.97	303.06	10.04	8.94
	149.54	9.08	149.34	21.78	12.71
	311.09	8.99	309.73	29.93	20.98
	18.01	10.00	17.06	21.99	12.03
	306.71	10.99	306.99	29.00	18.01
	273.26	15.04	273.17	24.00	8.96
	540.70	17.04	538.79	61.03	44.03
	246.17	17.99	247.10	49.00	31.02
	549.19	18.04	549.88	50.00	31.97
	508.07	19.04	507.75	35.81	16.77
	149.14	28.01	149.40	40.11	12.10
	556.16	28.13	553.94	61.01	32.95
	462.00	31.02	462.08	41.98	10.96
	272.93	33.00	272.87	42.02	9.02
	111.64	33.86	111.47	39.00	5.14
	44.44	41.00	41.82	109.86	68.91
	20.71	37.02	20.13	75.95	38.94
	183.49	39.98	181.94	135.00	95.03
	290.39	40.06	289.84	46.01	5.97
	394.33	49.24	393.86	75.00	25.76
	563.36	41.23	562.48	74.99	33.78
	52.33	65.93	52.02	42.03	23.91
	110.01	56.57	107.67	105.09	48.58
	491.39	42.98	490.98	73.00	30.03
	499.27	43.03	496.24	73.00	30.13
	444.53	45.95	444.74	67.02	21.07
	438.64	48.00	437.41	69.00	21.03
	589.70	48.10	588.08	76.99	28.94
	149.56	48.88	149.86	60.06	11.18
	272.70	49.28	272.54	58.01	8.73
	195.16	52.05	194.85	68.98	16.94
	295.47	97.01	297.00	58.00	39.04
	7.91	53.02	7.78	58.07	5.05
	282.34	53.93	281.75	61.02	7.12
	413.34	54.90	411.26	85.00	30.17
	314.82	55.92	314.59	88.94	33.02
	94.18	56.94	93.74	68.06	11.13
	131.66	62.82	130.59	74.49	11.72
	247.25	62.95	247.82	90.43	27.49
	557.87	64.73	557.72	70.01	5.29
	416.50	67.97	416.54	78.91	10.95
	464.02	69.99	463.55	78.73	8.75
	257.46	68.97	256.83	91.01	22.05
	307.33	69.87	307.16	88.99	19.13
	327.53	74.00	326.24	87.04	13.11
	51.02	73.01	49.27	108.07	35.11
	229.77	74.83	229.84	80.10	5.27
	242.84	96.09	241.69	110.83	14.79
	26.42	83.97	27.07	104.02	20.06
	18.17	85.95	18.12	104.05	18.09
	115.08	125.94	115.29	99.03	26.91
	499.94	94.94	499.37	123.05	28.12
	14.52	96.03	14.54	102.00	5.97
	254.74	98.08	255.37	117.01	18.94
	37.37	97.01	37.46	103.04	6.04
	538.71	101.03	535.40	151.83	50.91
	242.65	138.05	242.82	119.03	19.02
	236.68	108.23	236.53	102.36	5.88
	463.12	101.87	462.59	108.03	6.18
	505.40	142.92	505.98	106.00	36.93
	541.24	104.00	540.79	123.03	19.03
	421.58	106.79	420.28	126.99	20.24
	417.05	107.97	416.70	116.04	8.08
	490.49	108.98	488.98	157.99	49.04
	263.51	110.00	261.82	127.99	18.08
	528.02	111.00	528.01	118.00	7.00
	570.47	116.99	569.15	161.99	45.02
	423.99	153.00	424.41	146.00	7.01
	559.50	113.03	557.66	160.01	47.02
	435.17	120.03	433.64	134.97	15.03
	455.80	120.10	455.97	158.99	38.89
	567.47	123.16	563.85	162.95	39.96
	440.56	123.88	440.62	145.29	21.41
	467.81	131.03	467.78	143.03	11.99
	549.27	125.97	548.90	142.00	16.04
	592.52	126.03	590.59	170.02	44.03
	522.15	134.04	522.00	140.00	5.96
	599.64	134.16	595.95	169.00	35.03
	416.44	134.99	416.31	141.98	6.99
	416.28	146.99	416.03	154.99	8.00
	21.21	152.14	21.55	166.32	14.19
	14.62	157.99	14.64	165.26	7.28
	187.35	158.67	187.48	170.15	11.47
	76.14	161.02	75.95	172.00	10.98
	190.68	179.94	190.89	186.98	7.05
	85.13	188.96	85.06	196.03	7.07
	540.29	189.37	540.23	196.99	7.62
	6.69	190.27	6.17	196.99	6.74
	128.69	210.90	129.07	202.10	8.80
	542.25	200.18	542.68	219.09	18.92
	151.62	202.10	151.70	213.96	11.86
	167.27	218.58	167.23	204.88	13.70
	146.17	205.95	146.00	211.00	5.05
	537.45	210.17	537.40	215.99	5.82
	528.09	212.99	527.65	217.99	5.02
	70.55	219.01	69.86	227.04	8.06
	522.41	217.96	522.14	224.01	6.05
	585.64	355.02	591.14	301.01	54.29
	582.29	259.90	584.67	233.99	26.02
	592.75	230.19	590.01	256.00	25.96
	30.47	237.99	29.87	244.94	6.98
	550.81	231.99	550.60	240.00	8.01
	600.74	234.08	600.60	239.93	5.86
	546.23	239.30	545.53	246.89	7.62
	117.37	244.07	117.10	254.99	10.93
	600.59	245.07	600.54	256.01	10.94
	528.27	247.99	528.23	253.05	5.06
	141.39	285.09	141.62	293.88	8.78
	12.45	303.01	11.57	312.51	9.53
	132.14	286.33	131.51	294.00	7.69
	542.76	291.09	542.49	301.98	10.90
	516.34	295.79	516.46	305.94	10.15
	556.49	296.06	554.75	317.09	21.10
	461.07	298.96	461.03	306.45	7.49
	582.82	299.01	582.54	309.94	10.93
	447.50	299.95	447.39	310.86	10.91
	539.47	305.00	539.91	321.98	16.99
	524.35	371.95	524.21	388.95	17.00
	29.46	374.00	29.71	427.93	53.94
	463.55	307.99	463.43	319.00	11.02
	477.97	322.03	478.03	309.65	12.38
	483.33	309.90	483.51	318.51	8.62
	468.97	323.00	469.45	315.03	7.99
	60.54	316.04	60.44	322.62	6.58
	105.24	361.98	106.17	395.98	34.01
	514.89	316.98	512.18	348.01	31.15
	466.27	318.27	465.95	325.01	6.75
	115.53	320.67	115.81	355.89	35.22
	580.68	321.07	580.60	329.03	7.96
	469.04	325.99	468.79	334.93	8.95
	67.78	327.99	68.55	373.00	45.02
	98.34	360.01	98.10	407.99	47.98
	558.36	340.03	557.69	348.80	8.80
	9.96	371.00	9.33	378.91	7.94
	129.64	343.19	129.73	349.12	5.94
	65.63	344.00	65.88	351.11	7.11
	40.32	346.97	40.34	383.95	36.98
	85.18	364.97	85.30	381.88	16.91
	571.63	360.01	571.07	367.01	7.02
	568.19	363.04	567.52	380.02	16.99
	575.13	386.03	574.29	398.11	12.10
	565.35	377.01	564.13	399.95	22.97
	567.74	383.97	567.46	389.95	5.99
	71.94	400.02	71.00	410.00	10.02
	27.03	407.02	27.16	414.85	7.84
	8.95	410.99	8.76	416.97	5.98
	558.11	419.02	557.70	434.98	15.97
	71.12	427.95	71.44	436.08	8.13
	545.78	430.90	544.21	446.97	16.15
	29.53	432.12	29.63	438.00	5.88
	68.95	444.02	68.02	455.00	11.03
	54.25	451.92	54.39	457.96	6.04
	45.77	454.10	45.63	469.03	14.93
	43.33	471.04	43.25	477.02	5.98
	38.36	479.02	38.72	491.02	12.00
	513.28	485.16	512.85	491.98	6.83
	17.22	537.03	17.44	542.92	5.89
	61.02	575.00	61.60	568.64	6.39
113
	139.13	130.03	130.99	131.06	8.20
	414.80	17.08	404.16	18.77	10.77
	475.19	5.64	486.93	3.51	11.93
	528.01	4.49	503.28	7.69	24.94
	303.22	9.37	309.01	8.20	5.91
	503.91	17.07	516.07	15.34	12.29
	103.96	17.09	98.98	17.71	5.02
	205.00	15.95	217.03	14.20	12.16
	422.01	23.92	461.00	18.04	39.44
	464.96	23.19	491.89	17.52	27.52
	559.64	18.67	564.81	18.32	5.18
	491.84	23.88	497.88	23.21	6.08
	235.72	24.99	229.02	25.94	6.77
	426.98	30.64	460.00	27.00	33.23
	351.00	37.01	385.99	32.06	35.34
	473.07	36.34	502.03	31.07	29.44
	529.07	31.70	537.83	30.74	8.82
	60.11	35.38	70.99	34.08	10.96
	505.07	60.93	524.97	58.82	20.01
	354.99	44.27	384.08	41.24	29.24
	412.89	47.16	395.15	49.22	17.86
	491.05	74.01	484.00	75.33	7.17
	298.03	48.81	317.01	45.09	19.34
	437.19	46.40	443.18	45.43	6.07
	324.01	50.76	343.03	47.08	19.37
	366.07	58.66	370.98	57.66	5.01
	327.21	60.58	343.05	58.89	15.93
	425.07	73.26	451.98	69.84	27.13
	400.96	71.92	406.97	71.34	6.03
	81.98	73.47	86.97	72.44	5.09
	527.06	77.59	540.03	75.91	13.07
	492.09	81.32	515.11	79.47	23.09
	524.08	82.11	539.00	80.13	15.05
	465.03	86.34	479.05	83.82	14.24
	504.18	84.73	526.94	83.27	22.81
	407.02	93.34	462.00	85.75	55.50
	412.55	86.50	402.97	87.17	9.60
	273.69	89.06	279.28	88.41	5.63
	405.02	99.74	484.96	88.18	80.76
	501.10	93.24	540.01	87.94	39.28
	297.84	92.12	311.05	91.34	13.23
	198.60	97.31	205.13	96.23	6.62
	506.02	99.57	527.03	98.32	21.05
	427.99	101.46	465.10	98.55	37.22
	78.00	108.47	84.01	107.88	6.04
	463.94	111.87	489.58	108.46	25.86
	44.04	119.86	50.97	118.58	7.05
	509.00	150.53	519.88	149.52	10.93
	439.98	149.44	435.04	150.28	5.01
	488.10	160.39	539.00	157.85	50.97
	525.88	163.44	537.96	162.06	12.16
	9.00	169.00	18.94	167.81	10.02
	482.99	171.60	531.01	167.80	48.17
	38.16	175.34	31.99	176.04	6.21
	46.56	178.38	52.96	177.56	6.46
	504.96	178.80	510.94	178.60	5.98
	493.87	185.69	522.01	182.34	28.34
	120.25	184.75	139.88	183.78	19.65
	73.99	196.52	79.16	196.22	5.17
	161.14	198.13	167.99	196.99	6.95
	170.96	199.44	182.02	198.95	11.07
	73.99	201.07	79.06	200.81	5.07
	94.28	208.27	101.95	207.30	7.73
	553.94	230.67	566.01	228.85	12.21
	83.35	233.46	93.08	232.89	9.75
	96.98	242.54	119.99	241.82	23.02
	80.00	247.45	87.80	246.82	7.83
	93.12	255.13	102.46	254.49	9.36
	15.05	259.89	20.99	259.11	6.00
	440.04	329.36	430.87	329.47	9.17
	77.04	307.25	95.07	305.25	18.14
	452.96	305.86	458.11	305.75	5.16
	44.93	310.86	55.02	310.36	10.10
	495.37	316.92	507.96	316.30	12.60
	429.00	336.93	436.91	336.18	7.94
	9.01	348.96	25.86	348.71	16.85
	467.02	350.92	476.01	350.75	9.00
	514.96	364.36	520.03	364.23	5.07
	426.02	372.69	468.90	369.30	43.02
	520.97	381.35	497.91	383.36	23.14
	498.99	380.39	511.03	379.35	12.08
	485.02	381.99	496.02	381.31	11.02
	475.04	383.24	482.09	382.48	7.10
	488.91	383.98	495.93	383.69	7.03
	514.94	393.62	521.90	393.29	6.97
	490.07	396.36	498.01	396.29	7.94
	520.00	426.03	526.13	425.78	6.13
	492.06	433.18	500.04	433.35	7.98
	30.31	439.46	47.98	439.29	17.67
	492.02	447.88	497.04	447.89	5.02
	4.02	494.06	15.01	494.17	10.99
	471.98	493.61	479.51	493.79	7.54
	35.91	523.67	46.05	522.99	10.17
	547.98	522.16	553.00	521.83	5.03
	504.98	524.54	522.01	524.59	17.02
	347.01	529.05	387.97	529.14	40.96
	434.98	528.87	501.01	529.03	66.03
	553.99	527.97	578.01	528.96	24.04
	32.99	528.69	65.84	529.13	32.86
	68.96	529.52	80.01	529.07	11.06
	416.02	529.91	432.99	529.52	16.98
	530.00	528.81	550.95	529.42	20.96
	580.62	539.69	575.09	539.80	5.53
	10.05	543.79	15.89	543.74	5.84
	34.01	545.52	41.00	545.56	6.99
	581.04	549.88	589.99	550.04	8.95
	60.28	552.41	65.92	552.63	5.64
	381.95	562.07	390.96	561.92	9.01
	410.39	572.61	420.01	571.99	9.64
	545.99	577.71	558.02	577.16	12.04
	438.67	578.29	444.00	578.03	5.34
	399.02	622.02	410.91	622.64	11.91
	4.00	633.29	101.02	634.72	97.03
