vx	vy	vz	score	numLines
-0.15562274	0.98781645	-0.00047628	2875.93	156
0.76156082	-0.64809340	0.00025514	2649.24	294
-0.99993383	-0.01150352	-0.00000677	2464.49	221

nLines	x1	y1	x2	y2	length
156
	264.73	4.06	263.01	23.00	19.02
	303.82	6.99	303.90	20.13	13.13
	233.26	12.93	233.39	19.03	6.10
	414.42	13.02	414.57	19.97	6.95
	128.92	29.02	129.11	22.06	6.96
	416.83	38.81	416.78	48.02	9.21
	166.00	40.00	163.96	56.00	16.13
	262.01	44.00	261.09	75.03	31.04
	27.07	44.97	26.34	53.96	9.02
	174.90	47.93	173.91	60.97	13.08
	482.43	56.90	483.24	64.06	7.21
	406.57	58.01	407.10	70.03	12.03
	355.97	62.00	356.14	78.90	16.90
	176.72	69.96	174.28	121.11	51.21
	237.35	72.07	236.55	79.86	7.83
	271.62	74.00	271.10	82.01	8.02
	172.96	75.01	171.62	108.03	33.05
	413.96	76.97	419.11	203.01	126.15
	418.79	79.96	425.78	186.12	106.39
	426.39	187.03	430.34	303.97	117.01
	442.29	82.04	442.88	88.05	6.04
	556.03	84.95	556.81	89.91	5.02
	200.53	87.72	199.90	93.98	6.30
	443.41	91.99	446.19	144.02	52.11
	407.59	94.94	407.95	99.96	5.03
	206.53	97.01	199.76	161.99	65.33
	199.65	163.03	195.74	249.02	86.08
	219.57	102.31	218.53	115.91	13.64
	402.35	102.31	402.37	114.04	11.74
	216.67	103.02	215.13	126.03	23.06
	163.73	106.99	162.97	115.00	8.05
	198.58	107.05	195.15	147.99	41.08
	170.49	120.02	171.58	110.06	10.02
	218.07	122.03	218.27	136.08	14.05
	458.16	121.98	459.13	133.01	11.07
	402.78	122.97	403.20	134.05	11.09
	161.83	125.96	160.74	137.11	11.21
	169.21	136.04	163.36	210.96	75.14
	170.53	142.98	169.63	206.03	63.06
	217.41	144.14	217.08	156.02	11.88
	403.50	143.89	404.49	156.02	12.18
	447.10	146.01	447.34	152.89	6.88
	194.05	163.00	186.23	281.03	118.29
	447.17	156.02	447.64	168.00	11.99
	404.22	161.12	404.88	178.04	16.94
	213.22	164.98	212.65	174.11	9.14
	461.29	165.02	462.42	179.23	14.25
	216.27	166.98	215.55	178.09	11.13
	158.48	167.86	158.23	178.01	10.15
	449.22	169.91	462.21	403.98	234.43
	454.01	180.00	455.12	204.96	24.99
	405.36	186.97	405.92	205.01	18.05
	215.28	188.99	214.40	202.09	13.13
	156.35	190.83	155.51	202.10	11.31
	211.20	192.12	211.32	199.00	6.87
	149.13	203.04	148.27	209.78	6.80
	421.68	204.03	421.27	253.96	49.93
	167.43	204.92	164.46	257.01	52.17
	453.98	207.00	457.04	244.00	37.12
	210.18	210.99	210.32	221.04	10.05
	213.43	211.07	212.65	224.00	12.96
	464.68	210.87	465.42	221.96	11.12
	406.76	212.01	406.56	224.13	12.12
	163.05	213.00	159.82	250.01	37.15
	410.59	232.92	410.73	238.94	6.02
	406.54	233.91	407.57	245.09	11.23
	212.38	235.03	211.22	247.01	12.04
	448.81	240.02	449.07	245.96	5.95
	158.99	252.00	150.23	379.04	127.34
	153.74	378.98	155.01	370.00	9.07
	155.26	369.03	164.23	258.19	111.20
	194.91	252.00	190.89	326.96	75.08
	407.57	257.93	408.60	271.07	13.18
	211.27	258.98	210.53	272.09	13.13
	467.50	259.05	468.16	269.97	10.93
	207.60	260.05	207.17	275.08	15.03
	132.45	262.25	132.12	270.00	7.76
	422.28	263.96	422.37	275.01	11.05
	449.67	268.95	449.95	276.04	7.10
	460.03	274.00	460.66	293.99	20.00
	423.35	278.95	424.31	295.99	17.07
	179.49	398.97	184.75	305.04	94.08
	184.78	304.01	187.02	285.00	19.13
	408.57	282.94	409.90	301.07	18.18
	206.33	284.10	205.90	294.99	10.90
	469.17	283.98	470.32	293.99	10.07
	148.40	284.84	148.22	294.97	10.14
	209.35	285.00	208.34	296.00	11.05
	424.15	298.00	426.02	392.00	94.02
	461.09	298.00	467.24	411.05	113.22
	208.12	307.99	206.86	319.99	12.06
	409.79	307.97	410.45	319.96	12.01
	471.28	308.96	471.65	318.93	9.97
	205.35	309.97	204.37	321.84	11.91
	196.33	316.21	196.27	322.00	5.79
	180.38	317.28	179.76	322.85	5.61
	431.22	322.89	433.15	366.12	43.27
	189.34	328.07	186.78	402.87	74.84
	206.55	332.21	206.05	347.01	14.80
	409.70	332.93	410.50	345.07	12.16
	144.84	336.99	143.63	347.02	10.10
	202.57	338.00	200.37	400.97	63.00
	205.48	358.96	204.20	372.03	13.13
	411.50	360.02	411.61	373.15	13.13
	474.41	360.96	475.70	371.94	11.06
	142.56	362.95	141.54	372.01	9.11
	432.96	367.02	432.94	378.02	11.00
	237.71	369.89	237.31	376.16	6.28
	167.53	372.26	166.91	384.01	11.77
	150.33	382.03	149.51	397.00	14.99
	203.39	387.04	203.44	399.07	12.03
	412.67	387.02	412.36	399.11	12.09
	165.11	387.75	164.78	394.64	6.90
	475.87	388.00	477.45	401.07	13.17
	140.04	390.00	139.15	398.98	9.02
	423.01	393.00	423.04	401.95	8.95
	434.87	395.00	434.88	400.97	5.96
	443.47	399.00	445.21	415.74	16.83
	416.91	417.00	417.03	424.02	7.02
	183.81	422.99	182.43	434.04	11.14
	193.03	436.94	193.05	441.97	5.03
	149.65	444.00	148.70	453.67	9.72
	463.25	442.85	463.92	451.99	9.17
	429.01	446.00	429.19	452.06	6.06
	175.10	448.03	172.57	481.06	33.12
	213.92	447.95	214.02	454.04	6.08
	421.93	456.99	422.05	461.99	5.00
	472.30	458.22	473.02	464.95	6.76
	131.48	462.67	130.53	469.22	6.62
	474.98	471.00	475.54	476.95	5.98
	173.62	482.93	169.93	518.99	36.25
	146.67	484.09	144.86	498.07	14.10
	140.64	488.58	139.56	500.98	12.45
	439.36	493.88	439.20	500.81	6.93
	117.70	495.07	117.00	505.99	10.95
	185.69	496.88	185.19	504.88	8.02
	17.32	505.17	16.62	510.38	5.26
	440.44	508.09	441.41	528.68	20.61
	135.12	513.01	133.96	524.99	12.04
	433.27	517.12	433.79	524.96	7.86
	427.53	526.89	427.03	552.00	25.12
	169.47	521.98	169.45	543.08	21.10
	82.26	527.18	81.72	534.28	7.12
	434.23	528.04	434.45	533.26	5.22
	190.18	530.03	189.52	536.00	6.01
	134.15	536.00	133.52	542.07	6.10
	142.08	537.04	139.89	555.97	19.06
	416.10	539.40	417.92	557.00	17.69
	388.19	559.88	388.13	567.86	7.98
	481.62	559.17	484.71	594.04	35.01
	118.14	558.83	117.57	570.06	11.25
	352.26	573.85	352.75	581.06	7.23
	118.20	572.05	117.98	588.03	15.98
	520.47	581.70	520.80	586.85	5.17
	334.84	585.93	334.99	590.98	5.06
	239.00	631.00	239.29	622.19	8.81
294
	231.91	4.37	226.29	8.89	7.21
	486.98	3.98	471.69	18.84	21.32
	495.43	51.97	534.72	10.73	56.96
	205.00	12.86	201.07	16.03	5.04
	96.18	22.17	104.99	14.98	11.37
	56.44	28.36	69.47	16.53	17.60
	501.51	25.97	509.05	17.57	11.29
	514.07	53.11	547.75	17.71	48.86
	93.57	24.47	85.01	32.01	11.41
	537.01	51.01	562.22	24.38	36.67
	73.73	24.64	65.75	31.75	10.69
	215.69	38.46	222.44	31.93	9.39
	500.05	27.56	493.76	34.89	9.66
	30.36	29.35	25.83	33.16	5.92
	82.62	33.48	74.02	41.03	11.44
	102.09	33.09	93.73	40.74	11.33
	113.15	40.17	121.72	32.53	11.49
	19.90	35.01	14.14	40.19	7.75
	61.99	34.99	55.85	40.95	8.56
	429.25	37.07	424.11	41.98	7.11
	111.10	42.11	102.07	50.08	12.05
	82.43	50.53	91.02	43.03	11.41
	469.20	49.09	474.01	43.55	7.34
	152.42	52.00	147.92	55.80	5.89
	42.69	53.23	37.34	57.37	6.77
	360.02	61.08	366.60	53.70	9.88
	484.88	66.00	492.99	56.97	12.14
	477.93	92.94	513.08	57.24	50.11
	498.58	92.73	532.97	56.93	49.64
	550.14	56.50	522.19	90.17	43.76
	538.94	92.89	572.89	56.87	49.50
	280.16	58.29	271.07	66.06	11.96
	290.83	65.77	298.92	58.92	10.60
	301.65	75.70	309.03	68.03	10.65
	309.53	67.39	320.09	58.14	14.04
	331.53	65.68	340.08	58.10	11.43
	8.41	66.96	14.95	61.85	8.29
	120.20	70.07	128.98	61.97	11.95
	69.09	63.11	60.23	71.17	11.98
	80.00	70.00	88.95	62.94	11.40
	40.96	70.96	50.02	63.61	11.66
	584.12	64.80	562.76	90.80	33.65
	329.60	67.31	321.55	75.70	11.63
	482.93	67.47	458.76	91.82	34.30
	349.18	68.18	342.05	76.03	10.62
	117.47	71.32	108.91	79.94	12.14
	57.24	72.15	48.03	80.12	12.18
	88.85	79.85	97.72	71.58	12.12
	54.46	91.61	47.05	98.55	10.15
	26.87	82.04	37.71	73.64	13.72
	34.55	92.11	26.02	99.53	11.30
	12.57	86.00	21.93	77.70	12.51
	291.34	87.13	300.06	78.14	12.52
	310.98	85.97	319.65	77.51	12.12
	277.97	78.97	264.02	94.44	20.83
	126.25	80.00	116.93	88.82	12.83
	106.59	81.46	97.76	89.82	12.16
	66.55	82.42	57.39	90.46	12.19
	37.76	90.76	44.96	83.96	9.91
	350.61	87.22	346.11	92.11	6.64
	135.40	90.06	127.09	97.63	11.24
	188.88	101.06	184.90	105.27	5.80
	500.05	136.19	532.50	102.54	46.74
	539.88	115.83	553.79	102.19	19.48
	560.87	118.34	574.89	101.86	21.63
	312.32	107.86	315.99	103.99	5.33
	135.92	109.93	141.12	105.66	6.73
	489.07	127.06	509.54	104.59	30.39
	54.20	111.18	59.08	107.11	6.35
	289.46	109.25	280.55	117.70	12.27
	291.01	128.01	310.86	109.32	27.27
	322.22	117.27	330.98	108.98	12.07
	371.26	109.24	363.96	116.97	10.63
	392.16	109.16	384.85	116.86	10.63
	460.49	134.67	484.87	108.87	35.49
	239.49	118.86	247.26	110.27	11.59
	92.43	111.05	83.38	120.49	13.08
	133.41	111.22	124.00	120.00	12.87
	145.44	119.47	154.05	111.04	12.05
	586.24	111.20	568.21	132.18	27.67
	31.17	113.17	22.14	121.17	12.06
	4.73	119.11	9.95	114.95	6.68
	402.84	117.93	389.08	134.07	21.21
	522.08	135.63	538.00	119.00	23.02
	559.44	118.31	542.97	135.36	23.70
	236.46	118.99	228.49	127.53	11.68
	320.17	119.13	311.59	128.90	13.00
	340.98	118.99	319.27	138.31	29.06
	80.85	121.88	72.30	130.33	12.02
	81.10	140.30	89.60	131.77	12.04
	101.27	122.28	92.43	130.74	12.24
	113.34	131.20	123.01	122.48	13.02
	133.01	130.02	142.82	121.63	12.91
	10.75	132.95	19.92	123.90	12.88
	39.12	124.14	30.09	131.45	11.62
	59.07	124.08	51.08	131.10	10.64
	309.54	129.11	301.93	136.90	10.89
	344.01	137.49	351.76	129.54	11.11
	219.12	142.85	223.00	138.94	5.51
	463.72	178.80	497.82	140.85	51.02
	545.08	159.07	562.92	139.86	26.22
	550.65	177.11	583.84	139.80	49.94
	299.33	141.37	290.50	149.62	12.09
	300.29	160.47	321.10	141.36	28.26
	322.45	161.23	342.10	141.30	27.98
	362.16	141.15	343.16	160.20	26.90
	402.59	141.45	397.05	148.05	8.62
	477.01	141.01	469.97	148.98	10.64
	269.38	150.32	278.90	141.67	12.87
	89.96	151.96	99.96	143.84	12.89
	493.01	171.00	509.83	150.83	26.27
	287.34	152.35	279.40	160.50	11.38
	265.98	152.98	260.78	158.79	7.79
	54.99	164.99	44.87	173.80	13.42
	67.11	154.11	57.47	163.89	13.73
	77.73	164.01	88.15	154.28	14.25
	128.27	154.30	120.22	162.37	11.41
	36.05	163.08	45.87	154.83	12.83
	24.00	155.99	15.49	163.63	11.43
	521.63	160.08	501.93	180.61	28.45
	586.12	160.08	566.96	179.69	27.42
	535.92	169.93	544.02	161.02	12.04
	319.84	161.88	311.30	171.42	12.80
	322.11	180.73	341.05	162.04	26.61
	276.46	163.45	268.56	171.70	11.42
	118.26	164.32	108.08	173.11	13.45
	13.22	165.06	3.81	174.82	13.55
	33.90	164.91	24.26	174.39	13.51
	87.35	173.44	96.91	164.87	12.84
	402.10	165.09	397.00	171.00	7.80
	74.99	165.99	66.00	174.00	12.04
	490.92	171.95	483.05	180.11	11.33
	308.23	174.23	301.99	179.99	8.49
	84.99	174.99	76.70	182.59	11.24
	55.04	183.55	64.02	176.02	11.72
	506.80	203.84	524.98	183.96	26.94
	528.25	204.16	547.03	183.63	27.83
	559.60	192.93	567.83	183.76	12.32
	586.17	186.14	580.28	192.97	9.02
	127.47	195.60	136.97	186.96	12.84
	339.46	186.50	331.98	194.98	11.31
	63.93	196.98	73.93	187.86	13.53
	155.77	187.70	149.03	195.03	9.96
	483.90	203.85	492.27	195.24	12.00
	342.72	204.63	352.52	194.54	14.06
	125.44	197.24	115.04	206.20	13.72
	29.92	207.92	39.15	199.16	12.72
	51.36	207.49	61.87	198.43	13.87
	8.99	207.99	18.60	198.53	13.48
	548.01	205.00	531.47	224.59	25.63
	570.01	205.01	552.91	224.89	26.22
	474.07	216.05	482.04	207.04	12.04
	70.16	208.06	60.02	218.07	14.25
	125.80	217.80	136.00	209.02	13.46
	82.30	218.41	91.99	208.99	13.52
	17.05	218.18	27.66	209.58	13.65
	48.16	210.17	38.84	218.81	12.71
	586.56	212.45	574.90	224.87	17.03
	472.42	216.96	464.07	226.24	12.48
	516.71	217.39	512.94	221.95	5.92
	15.63	220.14	10.01	226.01	8.13
	36.46	220.28	30.40	226.45	8.65
	405.75	231.72	399.15	239.16	9.94
	498.66	239.94	507.15	230.19	12.93
	543.35	239.18	551.10	230.10	11.94
	151.19	232.66	144.01	240.05	10.31
	87.81	233.84	79.53	241.64	11.38
	112.04	232.24	101.35	241.48	14.13
	123.07	241.08	133.11	232.17	13.42
	14.72	242.93	25.94	233.28	14.80
	36.08	243.00	47.04	233.19	14.71
	57.61	241.83	68.06	233.09	13.62
	555.63	248.72	564.14	239.16	12.80
	585.95	239.96	578.07	249.06	12.04
	397.05	241.03	387.98	250.97	13.46
	218.93	266.93	211.22	273.80	10.33
	496.06	242.06	488.02	251.03	12.05
	76.72	242.83	67.18	253.22	14.11
	121.08	243.09	111.11	253.11	14.13
	23.50	253.69	34.01	244.01	14.28
	98.19	244.21	89.10	253.13	12.73
	11.23	245.25	3.49	252.47	10.58
	511.96	273.78	521.10	264.02	13.37
	553.17	252.13	535.92	272.91	27.00
	386.47	253.37	377.58	263.73	13.64
	478.09	263.09	487.05	253.05	13.45
	21.39	255.09	10.99	265.99	15.06
	140.98	266.97	131.04	275.52	13.11
	32.07	265.25	43.02	256.03	14.32
	54.19	265.65	64.91	255.89	14.49
	397.90	264.95	389.04	274.12	12.75
	475.97	264.98	468.60	272.21	10.32
	96.34	266.07	86.99	275.43	13.22
	437.13	266.02	431.58	272.73	8.71
	30.25	267.14	21.31	275.43	12.20
	42.07	276.34	52.25	267.19	13.69
	64.02	276.16	74.31	267.26	13.61
	111.87	273.89	118.82	266.62	10.06
	571.00	287.00	578.81	277.83	12.05
	407.87	277.80	400.02	287.23	12.27
	525.11	287.12	533.98	277.98	12.74
	548.64	287.99	556.81	277.76	13.09
	378.34	288.47	387.93	278.88	13.56
	96.51	289.63	107.09	280.13	14.22
	128.85	280.27	119.08	290.05	13.83
	220.18	290.11	230.02	280.03	14.08
	7.66	290.95	17.99	280.99	14.35
	29.63	290.92	39.77	280.77	14.35
	82.99	280.99	74.29	290.23	12.68
	546.03	289.02	537.08	299.18	13.54
	489.88	301.92	481.18	313.14	14.20
	491.14	299.43	500.70	289.54	13.75
	568.09	290.08	559.92	298.85	11.99
	217.50	291.36	208.31	301.84	13.93
	27.04	292.05	17.05	303.02	14.84
	61.07	302.09	71.94	291.92	14.89
	106.74	301.77	116.90	291.84	14.21
	138.23	292.23	129.19	302.15	13.42
	239.46	292.44	230.55	301.73	12.86
	512.56	301.00	494.83	322.84	28.14
	558.63	300.84	549.88	311.86	14.07
	573.77	311.83	581.17	302.14	12.19
	227.63	302.85	218.00	314.00	14.73
	376.53	315.42	369.16	323.13	10.67
	104.04	304.03	94.14	314.16	14.16
	13.31	305.31	4.35	314.41	12.77
	13.01	326.06	23.40	316.14	14.36
	26.63	314.66	36.67	304.60	14.21
	58.11	305.11	49.32	314.34	12.74
	210.06	323.05	216.50	316.37	9.28
	399.61	315.31	392.51	323.02	10.48
	82.11	310.17	78.04	314.09	5.66
	229.05	325.22	238.87	315.90	13.54
	492.09	328.09	483.39	339.20	14.11
	506.48	338.83	516.08	328.17	14.34
	537.43	328.54	529.82	337.86	12.03
	576.35	337.48	584.94	327.93	12.84
	33.47	330.35	23.73	339.74	13.52
	68.90	340.96	80.03	330.35	15.37
	91.48	340.61	102.11	330.12	14.93
	114.13	340.14	125.09	330.13	14.85
	217.08	340.07	228.00	330.00	14.86
	408.96	329.96	402.22	338.45	10.84
	3.88	336.87	10.91	330.89	9.23
	54.99	330.99	45.81	340.90	13.51
	504.41	340.30	494.93	350.88	14.21
	10.26	354.14	20.71	342.62	15.55
	493.62	353.47	484.19	364.44	14.47
	540.59	353.31	532.10	364.10	13.74
	516.46	354.35	508.08	364.11	12.86
	76.43	355.24	65.99	366.99	15.72
	99.47	355.32	89.20	367.09	15.61
	215.03	365.10	225.85	354.83	14.92
	29.43	356.46	19.89	366.91	14.15
	52.35	356.37	43.58	365.59	12.73
	52.99	377.99	63.06	368.05	14.15
	132.74	366.18	123.05	377.08	14.59
	506.49	366.39	500.68	374.12	9.67
	577.40	366.28	571.57	374.05	9.71
	109.38	367.29	100.07	377.08	13.51
	213.19	367.11	204.94	374.95	11.39
	226.00	377.08	236.35	366.76	14.62
	377.71	366.83	369.61	376.08	12.30
	28.03	378.35	40.00	368.00	15.83
	86.30	368.23	77.09	377.10	12.78
	486.55	391.69	496.00	381.00	14.27
	510.22	391.32	520.02	381.02	14.22
	534.15	391.19	543.94	380.92	14.19
	566.21	381.15	557.97	390.96	12.81
	120.20	382.19	109.85	393.97	15.69
	214.62	392.96	224.99	381.99	15.10
	373.82	399.23	378.00	394.00	6.69
	16.33	393.48	28.07	383.15	15.64
	39.79	393.90	51.09	383.11	15.62
	83.36	394.26	76.02	402.03	10.69
	63.07	393.07	74.02	383.02	14.86
	86.56	393.67	96.85	382.84	14.95
	410.99	383.00	403.60	391.52	11.29
	551.24	399.86	556.35	393.23	8.37
	130.05	394.01	121.02	402.67	12.51
	19.29	432.41	24.00	427.09	7.11
	142.76	438.05	137.61	444.01	7.88
	61.03	438.92	56.04	444.49	7.48
	562.17	440.13	558.77	443.90	5.08
	575.96	466.23	572.05	471.06	6.22
	138.51	475.95	143.98	470.14	7.98
	76.17	497.39	70.58	503.67	8.41
	509.03	527.04	513.84	521.84	7.08
	123.70	539.98	120.05	544.31	5.66
	116.47	545.24	112.37	549.92	6.22
	163.37	547.17	158.00	552.45	7.53
	296.78	570.05	291.27	576.55	8.51
	141.20	624.78	144.70	621.03	5.12
	235.03	623.01	231.96	626.98	5.02
221
	85.26	6.68	102.02	6.47	16.76
	457.22	8.22	463.75	8.16	6.53
	464.96	15.89	457.98	15.46	6.99
	157.37	12.17	164.55	12.08	7.18
	27.07	16.12	32.94	16.09	5.88
	379.04	23.21	384.86	23.23	5.82
	139.78	31.57	144.98	31.85	5.20
	37.53	33.47	45.71	33.39	8.18
	382.98	34.64	376.57	34.22	6.43
	312.93	36.18	321.90	36.60	8.97
	393.74	42.73	400.00	43.02	6.27
	568.27	44.15	580.08	43.91	11.81
	482.91	44.93	489.94	45.36	7.04
	273.12	45.80	288.80	45.82	15.68
	293.02	45.53	308.83	46.12	15.83
	314.01	45.07	328.81	45.77	14.82
	333.05	45.64	348.89	45.19	15.85
	306.11	52.61	314.93	52.55	8.82
	278.98	53.21	284.13	53.06	5.15
	316.97	53.01	323.69	52.86	6.72
	338.34	52.80	344.02	52.76	5.68
	536.06	55.47	549.01	55.26	12.95
	556.00	55.03	570.03	55.51	14.03
	250.96	55.64	257.89	55.24	6.94
	265.07	56.87	277.95	56.24	12.89
	283.07	57.29	297.93	56.42	14.88
	303.05	56.19	317.93	56.49	14.87
	322.99	55.95	336.97	56.83	14.01
	237.99	87.66	248.98	88.21	11.01
	383.91	88.76	397.04	88.06	13.15
	460.88	93.39	469.93	93.81	9.06
	480.92	93.27	490.88	93.72	9.97
	500.99	93.64	511.75	93.53	10.76
	522.97	92.86	530.99	93.10	8.02
	542.97	92.84	552.02	93.18	9.05
	562.92	92.65	573.02	93.06	10.11
	266.03	95.55	274.84	95.55	8.81
	304.91	94.55	315.02	94.89	10.12
	325.94	94.67	335.99	94.85	10.05
	358.95	96.29	367.10	96.16	8.14
	371.95	97.63	381.00	98.09	9.06
	130.99	97.72	141.03	97.27	10.05
	236.70	96.68	244.07	96.67	7.37
	110.96	97.84	121.01	97.71	10.05
	8.99	100.01	20.02	99.67	11.03
	326.20	100.25	332.00	100.02	5.80
	349.00	100.02	354.00	100.09	5.00
	554.96	101.42	560.99	101.52	6.03
	379.96	102.34	386.97	102.56	7.01
	109.04	103.11	117.03	103.53	8.00
	316.99	103.47	324.93	103.28	7.94
	28.07	104.38	34.99	104.17	6.92
	72.00	104.33	78.11	104.45	6.11
	235.07	103.57	241.99	104.04	6.93
	256.10	103.63	263.07	103.78	6.97
	275.88	103.73	283.01	103.74	7.13
	8.23	105.45	18.02	105.44	9.79
	142.10	105.22	147.96	105.16	5.86
	60.10	106.70	66.02	106.77	5.92
	535.99	107.65	543.03	107.40	7.04
	565.98	137.88	580.01	137.69	14.04
	206.03	138.67	215.86	138.38	9.83
	388.98	139.27	401.00	138.87	12.02
	481.13	138.41	495.96	138.61	14.82
	501.87	137.66	516.94	138.73	15.11
	261.01	140.50	275.99	139.86	14.99
	282.99	139.79	297.06	140.34	14.08
	303.02	139.74	318.02	140.16	15.00
	324.02	139.65	339.06	140.29	15.06
	345.05	139.57	359.01	139.50	13.96
	41.04	143.27	56.00	142.92	14.96
	124.01	141.94	137.96	141.79	13.96
	145.02	141.89	159.95	141.80	14.92
	62.01	142.93	76.94	142.26	14.95
	82.05	142.26	97.03	142.47	14.97
	4.01	142.66	14.96	143.25	10.97
	500.94	182.29	485.01	183.04	15.94
	426.97	163.17	433.31	162.89	6.35
	548.76	181.41	565.01	182.06	16.26
	570.88	181.56	585.97	181.49	15.09
	263.00	181.93	272.00	181.89	9.00
	391.97	181.76	402.00	182.04	10.04
	430.01	182.13	435.93	181.80	5.93
	507.03	182.47	520.96	182.56	13.93
	323.99	184.07	342.08	185.11	18.11
	120.00	186.02	134.95	185.35	14.97
	76.92	184.66	91.97	185.80	15.10
	98.08	185.49	112.00	185.31	13.93
	13.96	187.12	27.94	186.75	13.98
	8.98	228.46	21.09	228.54	12.11
	393.98	225.48	402.00	225.02	8.03
	492.06	225.63	502.82	225.51	10.76
	534.94	224.74	545.99	225.07	11.06
	556.99	224.93	569.73	225.36	12.75
	139.89	226.51	150.02	226.85	10.14
	74.97	227.87	86.07	227.52	11.10
	96.00	227.57	106.01	227.71	10.01
	513.00	229.98	525.02	230.09	12.02
	534.02	229.13	548.02	229.60	14.00
	556.00	228.98	570.05	229.56	14.07
	468.01	230.29	481.01	230.07	13.00
	490.00	230.03	503.01	230.11	13.01
	115.96	232.26	129.03	232.12	13.06
	137.96	232.21	150.02	232.11	12.06
	50.94	233.35	64.08	233.25	13.14
	94.01	232.24	107.09	232.47	13.08
	8.93	233.74	21.02	233.13	12.11
	215.04	275.51	224.94	275.55	9.90
	516.05	276.67	531.09	277.43	15.06
	4.00	276.80	13.00	277.01	9.01
	23.97	277.60	37.00	278.10	13.04
	66.02	278.55	81.00	278.06	14.99
	110.99	279.12	125.97	278.83	14.99
	522.08	323.42	532.94	323.40	10.86
	371.92	323.71	383.99	324.08	12.07
	568.00	323.84	581.10	324.45	13.11
	108.93	324.71	119.90	325.54	11.01
	132.03	325.12	142.90	325.46	10.88
	4.00	327.13	9.11	327.40	5.11
	62.00	328.48	76.05	329.28	14.07
	107.03	328.77	122.07	329.36	15.05
	167.02	339.92	172.06	339.86	5.05
	439.89	365.97	447.03	366.46	7.15
	491.00	376.47	479.16	376.58	11.84
	373.08	377.35	385.98	377.07	12.91
	524.99	377.61	538.98	376.82	14.01
	547.93	377.30	561.00	377.00	13.08
	571.98	377.48	586.00	377.05	14.03
	34.02	378.14	47.93	378.68	13.91
	57.14	378.67	71.15	379.63	14.05
	80.00	379.94	94.00	380.21	14.00
	155.97	380.34	161.88	380.44	5.92
	553.86	400.42	562.03	400.80	8.18
	577.91	400.46	586.03	400.68	8.12
	218.03	401.48	207.98	401.83	10.06
	399.93	400.71	408.01	400.75	8.08
	529.94	400.79	539.04	400.83	9.10
	33.02	402.31	41.01	402.28	8.00
	65.01	402.47	56.00	402.71	9.01
	81.01	402.03	88.04	402.58	7.06
	102.98	402.45	110.94	402.65	7.97
	127.00	402.00	136.01	401.96	9.01
	483.00	402.10	489.00	401.86	6.01
	376.00	407.00	381.00	406.89	5.01
	514.92	410.46	537.07	410.08	22.16
	542.00	408.77	559.98	409.96	18.02
	468.00	414.04	556.01	413.51	88.01
	564.99	409.98	586.00	409.89	21.01
	3.99	411.13	135.92	412.56	131.94
	20.00	415.26	59.02	415.33	39.02
	62.89	415.25	132.92	416.13	70.03
	579.00	422.01	586.00	421.88	7.00
	64.94	418.19	70.00	418.00	5.06
	212.95	418.75	217.98	418.51	5.04
	490.95	420.85	504.04	421.64	13.11
	65.36	424.46	105.07	424.74	39.71
	107.47	423.45	126.04	424.90	18.62
	497.00	426.04	549.02	426.83	52.03
	30.98	427.54	41.92	427.30	10.94
	468.90	427.89	487.73	427.17	18.84
	94.94	428.90	110.95	429.87	16.04
	440.96	430.17	446.40	430.01	5.44
	401.94	429.10	413.82	428.82	11.89
	40.05	431.87	47.01	431.97	6.97
	47.78	431.61	65.05	432.32	17.28
	506.03	430.67	512.99	430.90	6.96
	88.68	443.91	94.89	443.91	6.21
	28.88	449.30	35.00	448.98	6.13
	30.92	467.94	38.07	467.56	7.16
	577.86	466.75	584.46	466.57	6.60
	492.86	485.15	500.06	485.15	7.20
	521.02	528.22	513.97	528.46	7.05
	186.12	539.12	202.99	539.05	16.87
	396.90	538.35	415.01	538.94	18.12
	30.84	540.12	37.00	540.00	6.16
	157.96	557.10	183.04	557.90	25.09
	192.99	557.47	229.01	557.05	36.03
	230.07	559.10	255.01	557.58	24.99
	256.03	556.79	290.98	558.47	34.99
	322.01	558.01	331.99	558.04	9.99
	362.01	557.93	384.05	558.81	22.06
	390.01	557.09	399.01	557.79	9.03
	184.96	558.12	191.02	558.13	6.05
	292.94	557.68	303.01	557.96	10.07
	337.91	558.31	359.12	558.43	21.21
	457.00	558.04	481.02	558.63	24.03
	485.00	595.99	586.00	595.42	101.00
	181.05	564.36	186.07	564.37	5.02
	23.98	564.59	30.82	564.58	6.84
	510.23	564.51	517.82	564.33	7.59
	5.18	574.84	11.23	574.58	6.05
	73.99	576.23	79.03	576.33	5.04
	206.82	577.57	213.99	577.35	7.17
	218.00	577.02	224.01	577.02	6.01
	403.98	588.92	409.04	588.83	5.06
	554.05	589.29	559.49	589.40	5.43
	4.02	592.66	309.95	595.74	305.95
	360.01	595.96	311.97	595.10	48.06
	363.99	595.83	405.96	595.84	41.98
	408.72	596.53	484.04	596.75	75.31
	423.94	621.86	430.03	621.95	6.10
	266.98	623.86	273.97	623.63	6.99
	200.08	627.84	194.00	627.93	6.08
	21.97	626.42	46.16	625.70	24.20
	47.07	625.22	59.97	625.94	12.91
	405.06	627.41	412.99	627.23	7.93
	276.01	628.49	284.88	628.95	8.88
	290.83	628.16	316.01	628.37	25.18
	367.03	629.04	402.99	629.25	35.97
	569.91	628.62	579.99	628.94	10.09
	32.99	629.45	38.89	629.29	5.90
	196.98	633.94	208.06	633.80	11.08
	322.05	629.14	329.04	628.87	7.00
	427.07	629.68	436.82	629.19	9.76
	534.20	632.25	540.95	632.04	6.75
	147.03	632.91	155.97	633.14	8.94
	170.87	632.13	176.02	632.11	5.15
	373.06	632.23	390.02	633.21	16.99
	441.90	632.49	460.76	633.43	18.88
	120.26	633.30	126.05	633.45	5.80
	230.10	633.80	236.96	633.62	6.86
