vx	vy	vz	score	numLines
-0.99882705	0.04841144	0.00092367	2079.60	325
0.98474022	0.17403021	0.00042930	1405.42	291

nLines	x1	y1	x2	y2	length
325
	307.01	7.03	318.91	7.23	11.90
	191.99	10.48	186.96	10.64	5.04
	378.98	14.83	385.00	14.76	6.02
	14.36	16.42	20.04	15.95	5.69
	129.89	16.25	138.59	15.83	8.71
	381.07	22.72	388.05	22.45	6.98
	428.88	22.43	434.05	22.31	5.17
	588.00	24.98	593.99	25.17	6.00
	173.99	27.05	194.01	26.32	20.03
	188.65	29.27	195.96	28.71	7.33
	101.98	30.52	108.03	30.51	6.06
	236.91	32.11	245.78	32.58	8.88
	216.07	34.26	228.16	33.75	12.10
	310.93	33.89	321.99	34.01	11.07
	359.99	34.97	376.98	34.57	17.00
	405.11	37.75	416.34	37.56	11.23
	248.91	42.71	263.04	42.44	14.13
	300.96	42.91	320.01	43.22	19.05
	348.12	44.28	361.05	44.92	12.95
	597.00	45.63	605.80	45.81	8.80
	281.00	51.88	295.00	52.05	14.00
	385.09	51.74	393.01	51.59	7.92
	244.09	51.57	251.93	52.07	7.86
	34.08	58.61	26.06	58.96	8.03
	355.73	58.27	373.99	58.67	18.26
	279.00	59.54	289.93	60.11	10.95
	41.04	59.90	46.99	60.08	5.95
	3.92	61.29	9.90	61.21	5.98
	563.88	63.08	575.02	62.90	11.14
	77.00	64.01	88.18	64.74	11.20
	317.00	62.99	336.00	63.79	19.02
	429.00	64.63	439.93	64.60	10.94
	201.02	67.06	218.98	66.87	17.96
	376.06	70.67	363.99	70.14	12.07
	362.17	66.48	374.89	65.86	12.74
	516.96	65.88	527.00	66.37	10.05
	459.16	66.72	466.79	66.62	7.63
	554.07	66.71	565.90	67.52	11.86
	432.09	67.55	438.96	67.71	6.87
	626.98	70.06	633.88	69.80	6.90
	421.05	70.66	436.11	71.69	15.09
	213.04	73.44	218.16	73.28	5.12
	456.07	74.11	461.98	73.88	5.92
	298.96	75.81	307.00	76.42	8.06
	141.95	78.37	147.07	78.59	5.12
	424.78	77.90	433.01	77.97	8.22
	406.12	79.66	417.04	80.62	10.96
	511.09	85.19	518.00	85.26	6.91
	556.99	82.09	575.12	81.75	18.13
	154.65	82.39	141.95	82.87	12.71
	213.17	90.86	240.05	91.80	26.89
	449.00	83.03	459.00	83.87	10.04
	230.99	86.48	248.99	88.12	18.08
	405.98	85.77	413.03	85.91	7.05
	182.97	85.59	194.02	86.35	11.08
	322.97	85.89	332.03	85.77	9.06
	560.01	88.02	568.02	87.95	8.02
	351.01	91.70	340.01	91.89	11.00
	543.99	88.27	552.02	88.41	8.03
	125.93	89.39	136.09	90.32	10.21
	224.00	88.01	230.09	88.27	6.10
	601.03	88.73	610.01	89.50	9.01
	159.13	89.81	169.01	90.32	9.90
	410.02	94.91	419.00	94.99	8.99
	516.98	98.18	506.98	98.27	10.01
	598.44	93.50	610.89	93.40	12.44
	613.01	94.03	623.24	94.54	10.24
	263.62	96.39	282.99	97.53	19.41
	555.99	95.65	563.04	95.58	7.05
	432.37	95.58	449.04	96.06	16.67
	403.13	97.50	396.98	97.52	6.16
	114.92	98.40	120.01	98.49	5.10
	492.88	98.94	503.15	99.28	10.28
	321.95	99.39	327.99	99.26	6.04
	276.00	100.12	290.01	100.97	14.04
	302.91	100.07	313.05	100.46	10.15
	515.94	100.36	523.08	100.34	7.14
	370.01	101.10	378.99	101.25	8.98
	10.00	102.83	20.00	103.96	10.07
	329.97	107.14	338.85	107.33	8.88
	81.71	108.35	87.94	108.46	6.22
	543.06	108.75	548.99	109.20	5.95
	239.25	115.73	245.04	115.64	5.79
	192.79	114.42	209.90	114.19	17.11
	464.07	114.32	478.78	115.62	14.77
	541.02	113.02	551.88	113.63	10.88
	149.05	113.80	161.00	114.56	11.98
	610.15	113.57	618.86	114.08	8.72
	349.27	115.85	387.12	119.58	38.04
	448.02	116.56	453.99	116.40	5.97
	4.97	116.65	9.99	116.72	5.02
	481.98	118.24	490.01	118.52	8.04
	228.01	127.50	235.06	128.22	7.09
	483.97	122.37	496.00	123.64	12.09
	609.05	124.82	617.00	125.09	7.95
	179.06	126.15	153.99	123.91	25.16
	589.99	122.99	608.18	124.56	18.25
	257.95	125.25	263.98	125.48	6.03
	124.97	126.18	137.03	126.47	12.07
	375.96	126.47	384.64	126.61	8.68
	290.05	129.13	297.98	129.21	7.93
	581.95	133.22	598.01	135.11	16.17
	566.41	129.71	572.02	129.87	5.61
	25.94	141.56	3.98	140.40	21.99
	522.81	136.27	540.99	136.02	18.19
	328.99	135.30	336.94	136.30	8.01
	53.56	135.54	64.01	136.97	10.54
	409.89	137.88	424.80	138.62	14.93
	28.99	136.88	34.03	137.50	5.08
	365.11	139.34	378.30	139.70	13.20
	379.28	138.45	384.49	138.55	5.20
	247.00	139.02	253.18	139.25	6.18
	327.01	137.99	340.92	138.79	13.94
	563.51	139.98	573.17	140.78	9.69
	164.92	140.33	186.99	143.01	22.23
	255.05	141.38	261.93	141.56	6.88
	522.03	148.08	541.03	149.20	19.03
	294.95	151.89	305.04	152.90	10.14
	179.97	154.97	186.13	155.44	6.18
	59.00	154.88	64.02	155.28	5.04
	623.02	163.98	633.98	164.64	10.98
	572.04	159.15	585.34	159.57	13.30
	618.95	179.19	633.99	180.44	15.09
	615.98	170.33	623.83	171.43	7.92
	194.92	177.94	203.05	179.01	8.19
	79.25	178.32	93.95	179.16	14.73
	165.00	178.00	171.83	178.30	6.84
	111.00	178.87	122.93	180.18	12.01
	173.99	185.73	181.99	187.14	8.12
	85.98	193.05	91.09	193.47	5.13
	184.05	193.94	198.10	195.51	14.13
	46.06	196.33	55.18	198.05	9.28
	130.85	200.43	142.96	202.10	12.23
	624.83	202.42	633.08	203.41	8.31
	5.93	207.30	12.97	208.60	7.16
	62.02	212.97	67.98	213.50	5.98
	77.94	220.27	97.03	223.24	19.32
	210.99	222.75	224.98	225.11	14.18
	610.84	224.22	633.94	225.42	23.13
	149.61	228.67	160.14	229.66	10.58
	623.05	228.36	633.99	229.55	11.00
	4.12	230.16	10.01	231.49	6.04
	62.02	231.57	74.19	234.31	12.48
	228.01	232.37	236.00	233.60	8.08
	10.91	233.22	16.74	234.34	5.93
	144.03	236.04	155.85	238.58	12.09
	613.04	236.80	620.99	238.06	8.05
	61.03	242.83	74.94	245.41	14.14
	40.99	250.06	47.01	250.96	6.09
	40.06	252.89	53.92	256.23	14.26
	107.49	254.51	133.02	259.07	25.94
	171.01	265.77	188.09	268.90	17.37
	274.98	256.54	280.01	257.02	5.05
	158.95	259.13	169.05	260.96	10.27
	177.98	259.08	187.90	261.27	10.16
	541.99	262.77	550.11	263.68	8.17
	117.05	266.24	125.13	267.37	8.16
	42.05	263.93	50.03	265.93	8.23
	624.00	263.77	633.95	265.69	10.13
	537.95	265.61	545.91	267.16	8.11
	138.01	266.27	145.99	267.13	8.03
	510.92	266.63	518.02	267.66	7.17
	221.00	267.73	228.70	269.49	7.90
	308.02	297.91	327.97	301.17	20.21
	104.07	269.81	118.13	272.27	14.27
	277.00	269.65	285.96	270.58	9.01
	92.95	272.47	104.58	274.37	11.79
	226.96	272.18	234.01	273.31	7.15
	202.78	276.61	213.02	277.85	10.32
	168.00	276.77	189.06	279.76	21.27
	80.00	280.03	95.22	282.84	15.47
	258.88	277.72	266.04	279.06	7.29
	265.97	283.16	271.10	284.28	5.24
	119.16	284.58	126.97	286.04	7.95
	440.07	285.74	446.98	286.49	6.95
	588.62	284.55	595.09	285.23	6.51
	604.05	286.20	628.07	290.63	24.42
	155.02	291.68	169.04	294.90	14.38
	487.98	288.48	495.97	289.12	8.01
	468.94	289.14	476.98	290.38	8.14
	376.90	292.17	391.96	294.12	15.18
	3.93	293.09	10.04	294.82	6.35
	195.85	293.51	208.92	296.82	13.49
	351.13	295.36	361.03	297.47	10.12
	391.00	301.03	414.05	304.67	23.33
	466.98	301.10	497.89	305.24	31.19
	4.05	301.83	23.84	306.39	20.31
	158.13	303.21	169.87	306.17	12.11
	237.00	302.94	245.97	305.26	9.27
	111.98	305.20	116.98	306.01	5.06
	422.03	309.97	429.18	311.21	7.25
	265.86	305.32	270.94	306.14	5.15
	440.96	311.04	448.00	311.99	7.10
	584.00	306.08	588.97	307.08	5.07
	89.88	307.61	98.90	309.53	9.22
	84.29	322.12	89.74	323.48	5.62
	218.07	311.42	229.01	314.37	11.33
	280.00	310.92	285.02	311.91	5.12
	544.80	312.26	565.92	315.18	21.32
	587.42	312.57	611.00	316.13	23.85
	302.04	313.79	323.02	318.95	21.60
	371.88	319.08	359.01	317.55	12.96
	98.04	317.22	103.03	318.62	5.18
	135.96	320.08	146.99	323.20	11.46
	550.00	323.66	561.55	324.76	11.61
	610.97	320.39	634.07	323.30	23.29
	183.96	321.71	191.22	323.05	7.38
	451.98	323.28	458.27	324.15	6.35
	252.00	325.08	263.93	327.18	12.12
	95.08	326.28	99.94	327.47	5.01
	118.07	330.33	112.03	329.06	6.17
	472.19	330.50	478.26	331.46	6.14
	119.21	332.61	127.31	334.53	8.32
	247.81	333.19	254.91	335.13	7.36
	497.02	340.98	506.00	343.02	9.21
	4.50	338.45	21.99	343.03	18.07
	35.00	340.70	46.07	342.77	11.26
	40.02	336.62	45.88	338.39	6.12
	382.97	336.45	389.90	337.31	6.99
	586.91	345.61	597.00	347.13	10.20
	184.11	337.79	201.04	340.86	17.20
	253.60	337.34	268.01	340.98	14.86
	177.89	338.12	186.99	340.69	9.46
	336.76	338.30	352.09	342.23	15.82
	77.00	339.00	91.01	342.97	14.56
	196.00	347.94	212.95	351.31	17.28
	550.08	348.25	530.00	345.50	20.26
	149.00	340.64	168.90	345.19	20.41
	447.02	345.93	459.99	347.61	13.08
	245.93	343.68	251.12	344.81	5.31
	72.12	345.85	82.99	349.01	11.33
	473.95	347.82	485.07	349.82	11.30
	232.00	347.93	255.00	354.00	23.79
	369.98	356.10	389.00	360.57	19.53
	533.03	355.60	554.95	358.65	22.13
	368.00	348.96	375.13	350.05	7.21
	473.00	352.04	477.93	352.95	5.01
	129.97	356.57	136.96	358.09	7.16
	579.98	357.21	585.00	358.00	5.08
	451.99	358.07	473.01	362.73	21.52
	158.96	358.69	164.14	360.27	5.42
	593.98	359.49	603.04	361.36	9.25
	624.96	358.57	634.04	360.32	9.26
	81.00	372.98	94.02	375.81	13.33
	161.00	362.99	169.83	365.68	9.23
	22.99	370.08	38.03	374.07	15.56
	191.02	365.65	204.01	368.98	13.41
	164.96	365.71	177.01	368.97	12.49
	214.96	367.36	222.22	369.42	7.55
	514.14	371.27	525.01	373.50	11.09
	458.01	378.43	466.99	380.01	9.12
	201.21	371.75	207.41	373.72	6.50
	42.68	380.92	49.96	383.10	7.60
	606.96	375.89	601.93	374.66	5.18
	436.95	376.15	444.03	377.83	7.28
	353.88	376.43	362.04	378.16	8.34
	542.19	376.59	558.08	379.80	16.21
	578.73	376.62	590.04	378.92	11.54
	515.96	380.31	523.00	382.00	7.24
	552.19	384.27	566.01	386.27	13.97
	67.02	389.43	74.84	392.20	8.30
	153.37	385.39	159.00	387.31	5.94
	505.12	387.30	511.04	388.25	5.99
	18.02	387.96	27.99	391.03	10.44
	192.10	388.52	197.08	389.52	5.08
	602.98	394.30	608.94	395.15	6.02
	395.99	395.57	406.99	397.84	11.23
	371.19	395.52	392.91	400.27	22.23
	546.99	396.78	558.59	398.93	11.80
	612.02	396.47	617.07	397.31	5.12
	27.00	396.95	42.99	402.77	17.02
	269.05	398.45	277.93	400.48	9.11
	244.04	400.26	252.84	402.47	9.07
	314.97	402.11	327.94	405.20	13.34
	434.02	402.09	446.00	405.03	12.34
	476.91	403.12	488.91	405.65	12.26
	274.07	412.41	264.13	409.74	10.29
	423.13	405.77	429.04	406.96	6.03
	448.94	407.05	460.99	409.18	12.24
	125.64	416.42	131.85	418.66	6.60
	360.80	409.82	379.04	414.90	18.93
	454.20	409.85	461.93	411.67	7.94
	608.13	413.26	618.01	415.20	10.07
	158.00	414.52	172.01	417.98	14.42
	206.01	413.74	215.02	415.91	9.27
	278.65	413.39	293.13	416.81	14.88
	470.98	413.03	477.14	414.85	6.42
	117.27	414.59	124.95	417.14	8.09
	514.01	417.78	525.55	420.41	11.83
	44.01	423.63	53.01	427.00	9.60
	253.00	425.01	269.00	430.00	16.76
	336.01	427.38	353.76	432.96	18.60
	133.00	429.00	144.99	432.30	12.44
	69.82	430.29	75.78	432.41	6.32
	586.12	430.66	591.82	432.23	5.91
	130.78	432.24	136.12	434.11	5.65
	120.17	434.26	126.00	436.06	6.10
	601.07	434.08	612.01	436.30	11.16
	595.99	439.78	603.88	441.35	8.04
	577.06	442.21	586.11	443.72	9.17
	318.05	442.33	323.96	444.10	6.17
	255.94	444.72	267.70	448.53	12.36
	525.14	450.24	516.11	447.66	9.39
	35.88	446.15	42.11	448.64	6.71
	239.01	446.12	250.96	450.13	12.61
	328.06	446.46	335.02	448.33	7.21
	420.01	447.03	434.20	450.70	14.66
	128.33	446.82	146.92	454.12	19.98
	625.03	451.97	633.94	453.62	9.07
	45.96	447.55	53.98	450.16	8.43
	32.99	450.47	50.05	456.19	18.00
	409.00	450.01	424.85	453.19	16.17
	263.11	451.57	276.87	454.65	14.10
	585.02	453.81	598.91	457.72	14.43
	599.98	454.42	605.01	455.68	5.19
	449.05	461.31	456.00	463.00	7.16
	307.96	464.47	338.95	473.65	32.31
	440.89	463.76	446.01	465.19	5.32
	273.02	465.88	283.05	468.90	10.48
	419.91	466.48	436.88	471.19	17.61
	585.02	468.03	593.09	470.39	8.41
	417.97	470.03	430.92	474.15	13.59
	615.99	469.96	629.84	474.04	14.43
	610.21	471.14	618.95	473.73	9.11
	359.98	472.08	365.22	473.93	5.55
291
	623.30	6.51	629.73	8.31	6.69
	106.40	9.69	113.56	10.70	7.23
	427.99	12.04	435.03	13.24	7.14
	486.96	13.09	494.96	14.25	8.09
	199.95	19.28	213.82	22.54	14.24
	378.33	24.66	387.01	26.84	8.95
	23.05	28.12	28.84	28.77	5.83
	233.01	27.27	249.60	30.95	16.99
	73.96	32.49	80.03	33.34	6.13
	607.10	29.67	614.00	31.03	7.04
	629.10	37.28	633.96	38.64	5.05
	458.23	33.52	467.90	35.24	9.82
	265.13	35.25	282.34	38.86	17.59
	581.08	34.80	590.85	36.65	9.95
	233.00	39.05	245.02	41.92	12.36
	471.02	40.30	477.89	41.23	6.92
	269.98	41.03	275.19	42.21	5.34
	359.00	51.82	354.00	51.00	5.07
	394.04	44.60	408.23	46.69	14.34
	458.05	45.89	463.82	47.27	5.93
	59.89	46.37	66.06	47.65	6.30
	25.00	47.66	30.57	48.71	5.66
	174.71	46.96	185.01	48.54	10.42
	256.03	47.38	266.70	49.69	10.92
	518.00	46.71	524.00	48.00	6.13
	111.01	51.45	103.00	49.73	8.20
	104.03	48.17	114.01	49.52	10.07
	496.00	48.45	506.43	50.51	10.63
	156.03	50.51	166.05	51.93	10.12
	306.31	49.67	311.99	50.68	5.77
	369.97	50.12	374.99	50.92	5.09
	462.94	53.27	474.98	56.10	12.37
	496.87	53.57	502.94	54.33	6.12
	520.11	53.74	526.99	55.03	7.00
	222.99	56.55	236.82	58.39	13.95
	416.02	57.94	425.00	59.50	9.12
	475.77	57.63	500.20	62.29	24.87
	561.99	58.02	572.95	60.78	11.30
	120.97	61.56	132.14	63.77	11.39
	282.99	67.50	288.92	68.11	5.97
	412.00	62.18	419.78	63.71	7.94
	488.91	63.32	496.02	64.56	7.22
	536.05	61.93	541.08	62.86	5.12
	173.94	69.19	165.02	67.21	9.14
	473.85	63.52	487.98	67.07	14.56
	156.90	70.49	140.97	68.07	16.11
	112.99	67.29	125.02	69.40	12.21
	298.93	67.35	304.04	67.90	5.14
	35.06	70.48	27.03	69.12	8.14
	314.99	67.96	335.14	72.84	20.73
	347.01	67.95	366.87	71.51	20.18
	400.06	68.27	406.05	69.41	6.10
	556.59	71.40	568.18	72.96	11.69
	59.00	73.04	73.15	74.52	14.23
	178.16	76.62	184.46	77.19	6.33
	296.04	72.15	302.11	73.40	6.20
	389.98	72.02	406.09	75.14	16.41
	145.00	75.38	160.95	77.29	16.07
	198.85	76.66	210.91	78.33	12.18
	265.91	76.28	275.11	77.85	9.33
	338.99	77.37	350.04	79.54	11.26
	214.75	87.66	220.68	88.62	6.01
	308.00	80.73	316.40	82.39	8.57
	431.16	80.45	439.39	82.48	8.47
	461.00	79.99	474.11	82.66	13.38
	286.96	80.59	292.00	81.23	5.08
	589.03	80.95	597.20	82.83	8.38
	492.27	83.44	502.84	85.14	10.70
	273.98	87.63	284.96	89.28	11.10
	624.00	84.00	633.76	86.39	10.05
	230.99	86.48	248.99	88.12	18.08
	497.03	87.27	502.99	87.94	6.00
	125.93	89.39	136.09	90.32	10.21
	370.24	88.81	387.99	91.25	17.92
	388.05	88.51	406.01	90.47	18.07
	581.95	88.24	601.08	91.67	19.44
	21.09	89.75	31.84	91.00	10.82
	262.97	99.47	253.96	98.26	9.09
	196.95	100.61	210.97	102.16	14.10
	453.03	91.14	458.06	92.36	5.17
	144.98	96.05	150.96	97.15	6.08
	222.88	99.39	229.99	100.45	7.18
	20.98	100.37	26.98	101.26	6.07
	332.09	101.35	345.83	103.46	13.91
	386.06	100.70	409.75	106.14	24.30
	10.00	102.83	20.00	103.96	10.07
	271.03	103.93	287.45	107.41	16.79
	367.07	103.81	395.14	109.52	28.64
	474.81	105.23	502.22	110.64	27.94
	492.89	105.67	498.04	106.55	5.22
	547.00	105.16	562.92	108.86	16.35
	504.23	106.59	510.06	107.86	5.97
	573.76	106.86	579.74	107.58	6.03
	610.03	108.46	618.02	110.12	8.16
	42.03	112.03	50.87	113.27	8.93
	90.90	113.43	100.87	115.07	10.10
	271.95	113.24	278.62	114.51	6.79
	464.07	114.32	478.78	115.62	14.77
	349.27	115.85	387.12	119.58	38.04
	120.92	117.36	125.96	118.09	5.10
	525.02	118.97	531.00	120.11	6.09
	228.01	127.50	235.06	128.22	7.09
	299.99	120.92	320.74	125.34	21.21
	483.97	122.37	496.00	123.64	12.09
	532.05	121.72	546.18	124.56	14.41
	579.03	121.92	590.80	124.56	12.06
	179.06	126.15	153.99	123.91	25.16
	327.98	142.06	336.01	143.62	8.18
	268.02	127.11	274.89	128.51	7.01
	422.07	130.81	438.87	133.30	16.98
	581.95	133.22	598.01	135.11	16.17
	185.98	132.52	192.69	133.45	6.77
	464.32	131.67	490.08	134.87	25.96
	25.94	141.56	3.98	140.40	21.99
	328.99	135.30	336.94	136.30	8.01
	53.56	135.54	64.01	136.97	10.54
	159.87	135.66	171.00	137.56	11.29
	28.99	136.88	34.03	137.50	5.08
	563.51	139.98	573.17	140.78	9.69
	164.92	140.33	186.99	143.01	22.23
	294.95	151.89	305.04	152.90	10.14
	179.97	154.97	186.13	155.44	6.18
	59.00	154.88	64.02	155.28	5.04
	618.95	179.19	633.99	180.44	15.09
	615.98	170.33	623.83	171.43	7.92
	194.92	177.94	203.05	179.01	8.19
	79.25	178.32	93.95	179.16	14.73
	165.00	178.00	171.83	178.30	6.84
	614.05	195.30	620.00	196.39	6.05
	111.00	178.87	122.93	180.18	12.01
	85.98	193.05	91.09	193.47	5.13
	184.05	193.94	198.10	195.51	14.13
	604.99	195.88	611.04	196.84	6.13
	130.85	200.43	142.96	202.10	12.23
	624.83	202.42	633.08	203.41	8.31
	616.98	204.21	630.98	206.48	14.19
	90.98	204.74	110.03	205.35	19.05
	62.02	212.97	67.98	213.50	5.98
	80.86	211.52	89.95	211.83	9.10
	8.11	214.67	19.04	214.91	10.93
	113.01	219.05	118.98	219.42	5.98
	610.84	224.22	633.94	225.42	23.13
	125.09	227.76	132.00	227.87	6.91
	149.61	228.67	160.14	229.66	10.58
	623.05	228.36	633.99	229.55	11.00
	50.93	229.83	59.66	229.99	8.73
	228.01	232.37	236.00	233.60	8.08
	613.04	236.80	620.99	238.06	8.05
	4.00	243.58	12.06	244.29	8.09
	28.95	245.91	37.94	245.93	8.99
	198.05	248.29	206.02	248.92	8.00
	112.02	251.70	125.77	252.98	13.81
	274.98	256.54	280.01	257.02	5.05
	104.10	258.80	116.96	258.96	12.86
	296.34	262.15	305.93	262.51	9.60
	541.99	262.77	550.11	263.68	8.17
	138.01	266.27	145.99	267.13	8.03
	316.93	267.63	308.96	267.05	7.99
	246.05	268.56	251.92	269.06	5.89
	510.92	266.63	518.02	267.66	7.17
	235.95	272.07	255.01	272.50	19.06
	29.03	269.05	36.99	269.03	7.97
	277.00	269.65	285.96	270.58	9.01
	464.93	271.37	470.06	271.58	5.13
	433.19	273.41	447.88	274.26	14.71
	202.78	276.61	213.02	277.85	10.32
	152.46	278.63	159.02	278.91	6.56
	24.02	288.89	6.99	288.94	17.03
	152.03	281.13	164.90	281.26	12.86
	19.84	282.49	30.00	283.00	10.18
	80.00	287.92	92.97	289.10	13.03
	395.09	283.16	386.98	282.93	8.11
	563.00	282.18	574.01	282.77	11.03
	296.69	284.11	303.08	284.68	6.41
	479.00	284.69	491.99	285.51	13.01
	440.07	285.74	446.98	286.49	6.95
	588.62	284.55	595.09	285.23	6.51
	534.07	287.41	546.99	288.02	12.93
	211.00	320.59	226.97	322.18	16.05
	456.95	292.83	473.69	294.21	16.79
	487.98	288.48	495.97	289.12	8.01
	180.66	297.96	192.02	298.23	11.36
	218.79	292.15	237.02	293.84	18.32
	560.19	291.60	570.93	292.34	10.77
	362.00	298.57	369.21	298.58	7.21
	575.99	299.32	587.01	299.33	11.02
	19.94	300.88	28.04	301.35	8.11
	541.11	300.86	564.91	301.27	23.81
	65.98	305.62	51.02	305.06	14.97
	498.05	301.70	508.17	301.85	10.12
	154.99	305.19	161.84	305.61	6.86
	132.97	308.37	149.73	308.94	16.77
	310.10	307.33	321.00	308.01	10.92
	130.05	314.15	141.03	314.81	11.00
	197.06	310.84	216.99	311.25	19.94
	382.64	312.57	392.31	312.82	9.67
	204.94	317.83	195.78	317.21	9.18
	250.00	315.00	257.69	315.37	7.70
	398.35	317.16	408.00	317.59	9.66
	591.43	325.42	598.99	326.08	7.59
	437.24	321.36	448.98	321.92	11.76
	550.00	323.66	561.55	324.76	11.61
	271.16	321.67	302.04	323.76	30.95
	17.95	326.20	25.97	326.38	8.02
	490.51	324.55	499.05	324.37	8.54
	415.95	326.41	435.91	328.35	20.05
	452.98	328.34	473.01	327.97	20.03
	561.14	329.76	567.01	329.97	5.87
	119.06	330.68	129.99	331.59	10.97
	303.99	332.61	320.22	333.44	16.25
	279.26	336.63	299.02	337.88	19.79
	345.01	338.15	354.97	339.19	10.02
	509.07	337.20	520.94	337.71	11.88
	386.94	339.49	394.00	340.06	7.08
	467.81	340.71	473.89	341.31	6.11
	107.13	341.60	126.01	341.94	18.89
	212.02	342.19	203.08	341.62	8.96
	352.07	349.16	342.82	348.44	9.28
	293.83	349.20	277.14	348.21	16.72
	266.02	368.06	255.09	368.10	10.92
	275.01	354.74	290.00	354.76	14.98
	600.72	356.43	606.89	356.32	6.18
	582.26	359.35	577.01	359.51	5.26
	81.97	365.52	96.03	365.46	14.06
	618.05	371.11	604.71	370.87	13.35
	4.07	370.69	21.99	370.10	17.93
	358.02	369.16	363.99	369.15	5.96
	585.96	369.59	596.94	369.32	10.98
	442.15	383.64	449.99	383.91	7.84
	255.99	373.02	269.99	373.26	13.99
	360.06	373.29	349.95	373.54	10.11
	529.98	374.53	542.05	375.42	12.10
	469.85	376.16	481.99	376.80	12.15
	346.89	378.84	356.94	379.67	10.09
	381.36	381.35	373.92	381.64	7.45
	3.99	382.63	13.98	382.26	10.00
	79.70	384.34	85.91	384.42	6.22
	168.98	382.49	182.98	382.19	14.00
	464.03	381.95	470.03	381.81	6.00
	601.07	383.58	624.01	383.43	22.94
	72.96	397.79	59.00	397.01	13.98
	415.45	384.55	420.96	384.63	5.51
	254.96	386.37	263.09	386.53	8.13
	412.57	393.49	420.83	393.29	8.27
	580.91	387.24	586.94	387.33	6.03
	505.96	392.07	515.01	392.55	9.06
	390.76	390.15	396.95	390.57	6.21
	253.04	400.28	262.00	400.00	8.96
	528.04	397.63	534.01	397.92	5.98
	571.00	398.12	578.97	397.78	7.98
	618.06	399.38	628.98	399.09	10.93
	56.96	399.26	66.06	399.83	9.12
	203.84	400.20	209.80	399.81	5.97
	222.84	407.72	229.00	407.99	6.17
	402.98	404.14	409.92	403.69	6.96
	329.12	414.75	335.98	414.95	6.86
	196.95	410.06	203.00	409.99	6.05
	177.82	412.54	184.96	412.31	7.15
	594.99	413.36	605.95	413.55	10.96
	590.92	418.31	601.87	418.29	10.95
	41.01	420.15	56.00	419.05	15.03
	420.95	423.06	429.00	423.15	8.05
	460.13	424.10	467.06	424.33	6.94
	158.02	424.89	165.02	424.35	7.01
	144.99	429.67	150.89	429.31	5.91
	285.94	429.81	293.01	429.55	7.08
	515.99	436.96	509.85	436.81	6.14
	613.96	436.39	619.99	436.38	6.03
	119.59	444.37	126.12	444.31	6.53
	580.94	438.50	591.02	437.95	10.09
	508.88	440.67	518.00	440.00	9.15
	297.96	443.46	313.05	443.71	15.10
	536.25	447.50	541.97	447.09	5.74
	244.98	452.74	256.02	452.83	11.03
	343.98	447.78	349.94	447.88	5.95
	569.09	447.16	574.13	447.13	5.04
	587.01	448.41	597.03	448.58	10.02
	360.00	459.97	375.02	459.51	15.03
	232.92	452.09	240.03	451.69	7.12
	512.97	453.50	518.02	453.55	5.04
	26.95	455.88	34.01	455.59	7.07
	506.00	455.49	512.01	455.03	6.03
	494.98	457.95	503.86	457.69	8.88
	550.02	458.24	556.98	458.43	6.97
	3.95	458.27	17.19	458.82	13.25
	111.98	462.43	127.76	462.46	15.78
	20.95	464.96	31.99	463.95	11.09
	4.00	466.04	13.15	465.79	9.16
	431.84	474.54	447.05	473.10	15.28
	569.19	473.47	591.99	472.04	22.85
	146.16	474.31	154.38	473.74	8.24
