vx	vy	vz	score	numLines
-0.62055762	-0.78416067	-0.00053001	3660.77	178
-0.47162859	0.88179707	0.00063240	3004.75	163
0.02740626	0.99962437	0.00012082	1227.34	86

nLines	x1	y1	x2	y2	length
178
	8.96	4.03	31.09	31.95	35.62
	15.19	3.84	36.26	29.80	33.43
	20.51	3.99	29.53	16.34	15.29
	24.80	4.17	30.64	11.41	9.31
	28.57	3.95	36.94	15.05	13.90
	76.47	4.40	96.06	30.96	33.00
	82.99	4.00	102.01	30.00	32.20
	106.92	36.01	134.54	73.65	46.68
	142.95	4.04	162.15	31.92	33.85
	149.55	3.96	168.49	31.47	33.39
	157.39	3.71	167.46	17.71	17.25
	209.88	4.08	227.50	31.01	32.18
	216.13	3.92	234.14	31.90	33.28
	223.87	4.09	232.97	18.02	16.64
	276.97	4.02	293.11	30.97	31.41
	282.93	4.04	300.33	32.81	33.62
	289.06	3.97	298.66	19.65	18.39
	343.59	3.95	359.04	31.98	32.01
	349.62	3.93	366.35	33.88	34.30
	354.71	3.89	363.09	19.96	18.12
	31.58	19.30	36.71	25.18	7.81
	47.75	28.20	75.74	65.31	46.47
	112.97	30.02	129.52	53.49	28.71
	177.31	32.24	185.48	43.02	13.53
	42.44	38.07	72.41	76.05	48.38
	45.65	36.27	66.55	63.33	34.19
	372.61	39.93	389.68	66.71	31.76
	369.78	41.12	392.22	80.92	45.69
	77.50	82.07	107.99	120.03	48.69
	103.67	42.20	130.03	76.98	43.64
	39.89	43.09	66.91	77.06	43.41
	366.82	47.11	384.39	78.25	35.75
	58.65	48.29	71.21	64.13	20.21
	4.01	53.99	12.03	63.94	12.78
	68.60	66.27	73.46	72.33	7.77
	3.90	70.09	9.01	75.99	7.81
	20.80	74.15	48.02	107.97	43.41
	83.70	75.22	109.23	108.75	42.14
	17.80	80.18	45.85	116.07	45.55
	84.88	82.10	90.83	89.14	9.22
	14.71	83.24	45.21	119.83	47.64
	82.64	84.28	94.57	99.32	19.20
	74.45	87.49	106.62	127.14	51.06
	12.46	88.43	39.72	120.83	42.34
	340.94	90.03	351.90	109.06	21.96
	397.11	90.97	400.10	96.94	6.68
	393.76	96.11	400.18	106.90	12.55
	339.88	100.07	353.40	121.68	25.49
	103.56	111.31	107.68	117.11	7.12
	55.74	117.15	81.73	149.44	41.45
	117.16	118.87	134.16	139.88	27.02
	52.58	122.46	80.40	157.03	44.37
	100.76	123.24	106.32	130.59	9.22
	49.85	125.05	79.17	160.87	46.29
	3.94	127.05	22.91	149.09	29.08
	351.95	128.03	355.06	132.97	5.83
	47.99	131.00	79.51	166.96	47.81
	124.78	139.17	133.59	151.31	15.00
	3.90	136.09	20.82	157.06	26.94
	110.97	136.02	134.61	166.58	38.64
	369.01	138.00	376.02	149.99	13.89
	107.88	141.14	128.39	167.07	33.06
	365.25	141.86	378.18	161.91	23.86
	3.91	143.07	18.66	159.26	21.89
	361.53	144.01	375.82	168.10	28.01
	123.51	148.36	133.53	161.41	16.45
	358.71	148.17	367.60	163.15	17.41
	3.45	149.46	20.03	166.96	24.11
	30.05	157.95	55.46	189.03	40.15
	93.12	162.89	97.86	168.14	7.08
	11.81	164.19	22.86	175.11	15.53
	99.96	171.53	112.52	188.57	21.16
	85.10	179.92	110.96	212.01	41.21
	384.08	182.00	391.22	192.81	12.96
	96.28	174.88	111.72	195.20	25.52
	28.49	176.41	36.48	186.02	12.50
	32.97	176.02	53.18	198.81	30.45
	38.25	175.66	54.29	194.92	25.06
	90.85	177.27	112.04	200.99	31.81
	20.90	181.07	43.33	206.08	33.59
	79.95	181.04	100.94	206.04	32.64
	28.59	182.97	52.13	209.89	35.76
	395.76	183.10	399.02	188.98	6.73
	94.78	185.14	110.69	205.29	25.68
	38.14	186.88	45.47	196.03	11.73
	394.13	198.89	399.97	208.03	10.85
	9.95	199.04	31.98	223.06	32.58
	48.97	199.54	53.98	205.01	7.41
	67.05	199.95	87.65	223.47	31.27
	127.04	203.97	134.23	211.80	10.64
	10.94	208.09	19.36	217.42	12.57
	60.99	208.00	87.01	235.57	37.91
	6.76	210.84	27.70	234.32	31.47
	69.05	211.96	73.36	217.10	6.71
	121.13	211.90	134.23	226.84	19.87
	3.91	213.07	18.98	228.03	21.23
	56.67	214.07	84.04	245.96	42.03
	358.84	215.09	365.06	223.94	10.81
	116.08	216.92	133.76	237.84	27.39
	348.57	217.01	354.10	226.90	11.33
	75.05	218.37	81.30	225.13	9.20
	19.97	218.59	26.48	226.01	9.88
	42.39	233.91	63.00	256.98	30.94
	54.03	218.97	77.91	245.09	35.39
	122.95	218.58	130.96	227.05	11.66
	3.76	220.19	27.28	245.65	34.66
	113.82	221.14	132.15	242.88	28.44
	69.36	221.80	85.61	240.65	24.89
	346.65	222.97	357.12	238.88	19.05
	3.88	226.11	18.24	241.70	21.20
	82.50	226.05	87.45	231.92	7.68
	360.35	227.11	365.32	234.04	8.52
	356.89	231.11	364.95	243.05	14.41
	101.06	238.95	117.97	257.14	24.84
	97.80	243.19	113.31	260.70	23.39
	43.86	246.05	55.45	258.00	16.65
	95.13	246.94	99.75	252.19	6.99
	94.41	248.63	111.83	269.81	27.43
	32.26	249.93	60.04	279.93	40.88
	39.98	250.03	60.77	270.26	29.00
	3.87	252.13	8.71	256.87	6.78
	28.83	251.99	51.02	276.99	33.43
	90.64	252.29	115.01	279.99	36.89
	371.94	254.05	390.85	283.11	34.67
	101.76	255.26	114.47	271.43	20.58
	87.90	256.10	106.38	277.07	27.96
	45.61	257.91	61.40	274.57	22.96
	368.97	258.03	376.98	270.01	14.42
	56.62	258.93	62.12	264.92	8.13
	20.11	268.84	38.98	288.05	26.93
	77.14	272.29	93.57	292.01	25.66
	14.08	278.93	38.34	301.46	33.10
	19.98	275.03	37.85	295.13	26.90
	73.67	276.26	91.07	295.96	26.29
	126.58	276.45	134.01	285.99	12.09
	70.88	280.09	90.98	303.00	30.48
	45.79	310.11	53.77	318.22	11.38
	68.73	282.30	91.41	306.94	33.49
	119.28	284.83	134.18	301.85	22.62
	65.92	286.07	89.92	312.04	35.36
	11.11	286.84	37.69	313.04	37.33
	340.01	287.99	349.37	302.05	16.89
	63.67	289.34	80.94	308.04	25.45
	116.84	288.76	133.80	308.18	25.78
	346.30	288.67	349.35	293.08	5.37
	396.09	290.92	400.46	296.72	7.26
	350.67	293.91	354.44	298.99	6.32
	53.83	303.15	70.88	320.23	24.13
	106.02	302.99	119.20	317.76	19.79
	50.88	308.11	70.36	328.66	28.32
	104.62	317.32	99.82	312.11	7.08
	102.90	308.08	119.48	326.98	25.15
	29.03	310.08	34.08	314.94	7.00
	96.99	313.02	111.70	327.93	20.94
	115.84	329.16	110.99	323.51	7.44
	45.84	314.11	54.30	323.10	12.35
	94.33	315.92	118.78	342.23	35.91
	42.53	317.36	67.11	341.84	34.69
	92.04	319.96	107.34	336.08	22.22
	41.04	321.49	55.16	335.80	20.10
	365.21	322.77	373.40	335.52	15.16
	55.56	323.96	64.22	332.86	12.42
	361.33	326.11	366.73	333.91	9.48
	32.73	332.87	46.57	346.56	19.47
	83.06	332.93	96.00	346.00	18.39
	79.74	337.25	97.87	357.02	26.82
	59.55	341.22	64.94	347.01	7.91
	127.02	341.99	132.99	348.01	8.48
	71.41	345.74	95.02	370.98	34.56
	122.85	347.17	134.01	358.99	16.26
	68.90	349.17	84.35	364.72	21.92
	121.17	350.80	133.76	365.13	19.08
	383.71	351.16	388.36	357.05	7.50
	20.19	351.84	27.87	358.71	10.31
	379.67	352.29	384.81	359.21	8.61
	11.94	360.18	18.70	367.36	9.87
	60.33	359.88	67.72	368.29	11.20
	111.13	361.90	117.13	368.88	9.21
163
	31.63	32.97	13.60	62.81	34.86
	48.54	4.02	41.24	15.85	13.90
	52.96	3.97	38.96	27.98	27.79
	58.94	3.97	42.79	31.81	32.19
	96.79	32.08	86.85	50.20	20.67
	119.96	3.97	104.86	28.92	29.16
	126.57	4.04	107.13	35.07	36.61
	162.54	32.96	156.09	43.06	11.98
	178.96	3.98	168.60	20.90	19.85
	183.19	4.14	173.07	18.05	17.20
	187.60	4.07	169.25	31.47	32.98
	194.91	3.94	173.98	34.99	37.44
	228.03	31.98	221.04	43.03	13.07
	245.88	3.91	236.51	17.03	16.12
	256.05	4.04	235.96	31.97	34.41
	263.02	4.01	241.16	34.08	37.17
	300.59	21.98	313.64	3.63	22.51
	324.98	3.98	302.49	32.99	36.70
	331.90	3.93	305.96	36.97	42.02
	359.43	32.99	346.83	50.11	21.25
	365.91	21.91	380.77	3.79	23.44
	385.19	4.20	369.93	20.95	22.66
	367.75	34.82	393.77	3.81	40.49
	400.11	4.09	371.60	39.07	45.12
	249.15	5.10	238.99	18.99	17.21
	316.49	6.35	306.64	19.28	16.26
	160.18	32.09	152.47	42.99	13.35
	225.16	32.11	216.37	43.32	14.25
	291.06	32.05	282.18	43.14	14.21
	357.28	32.15	340.52	51.62	25.69
	33.19	34.77	10.53	75.70	46.79
	99.50	35.82	74.73	75.84	47.06
	164.93	36.97	160.41	43.95	8.31
	39.06	38.06	3.63	98.78	70.30
	361.90	41.92	341.03	67.02	32.65
	102.32	42.21	77.59	81.05	46.05
	130.47	78.00	121.11	92.06	16.89
	67.44	78.01	49.88	105.94	32.99
	339.94	76.95	364.93	46.96	39.03
	85.30	50.85	76.83	62.91	14.73
	400.41	68.31	392.13	78.18	12.88
	400.05	75.04	393.64	81.64	9.19
	382.53	78.49	354.20	114.01	45.43
	70.20	82.12	46.60	119.72	44.40
	133.47	83.00	111.61	116.02	39.60
	387.79	88.82	355.81	124.84	48.17
	400.49	85.45	374.48	115.38	39.65
	373.58	128.72	339.94	165.93	50.17
	40.23	121.90	32.54	136.02	16.08
	72.69	88.13	49.98	123.98	42.45
	373.87	97.87	382.75	87.78	13.44
	134.25	92.19	117.06	118.02	31.03
	118.92	95.95	114.51	102.66	8.04
	113.44	101.31	110.48	105.99	5.53
	370.74	100.81	355.68	120.31	24.64
	346.14	119.96	340.59	126.62	8.66
	358.53	128.34	363.60	121.65	8.40
	107.84	129.86	112.27	123.26	7.95
	357.97	133.97	363.78	127.76	8.50
	400.40	128.35	378.44	152.55	32.68
	45.15	131.09	29.41	155.48	29.03
	100.57	132.07	82.92	156.98	30.53
	348.63	132.79	340.94	141.95	11.96
	31.41	136.96	24.78	146.86	11.92
	101.57	136.71	81.83	167.83	36.86
	352.40	139.98	340.63	153.68	18.06
	105.53	142.04	90.75	163.93	26.41
	380.09	160.06	395.56	143.57	22.61
	400.18	145.16	380.97	164.97	27.59
	399.68	150.72	389.98	160.97	14.12
	400.08	157.08	389.21	168.24	15.58
	400.14	163.13	392.53	170.87	10.85
	367.15	164.13	361.99	170.44	8.15
	114.73	184.80	125.05	171.06	17.18
	361.17	171.18	344.08	189.63	25.15
	8.36	173.96	3.87	180.87	8.24
	389.98	173.98	384.02	181.00	9.21
	71.57	175.05	66.21	183.14	9.70
	371.93	174.92	365.77	181.55	9.05
	129.42	176.94	113.64	197.61	26.01
	135.10	177.05	113.02	209.02	38.85
	73.19	180.17	65.30	191.98	14.21
	18.88	181.12	3.94	203.96	27.30
	77.97	181.98	66.93	198.97	20.26
	379.36	185.36	350.71	216.10	42.01
	134.61	189.41	112.83	216.85	35.03
	7.96	189.95	3.87	195.92	7.24
	359.66	200.06	363.97	195.95	5.96
	389.75	201.73	368.50	224.49	31.13
	392.81	203.00	387.85	208.29	7.25
	355.85	204.14	351.09	209.08	6.86
	98.25	208.18	91.15	218.09	12.20
	46.80	210.98	36.25	228.15	20.15
	104.29	211.16	89.04	231.01	25.03
	389.95	211.96	383.55	218.78	9.35
	372.74	236.16	391.02	217.50	26.13
	52.25	219.23	43.02	233.01	16.59
	78.54	246.02	65.63	263.97	22.11
	104.50	219.01	85.00	246.10	33.37
	112.10	220.08	93.81	245.13	31.02
	391.78	228.08	399.01	220.01	10.83
	44.34	222.34	29.16	245.13	27.38
	339.72	227.77	343.92	222.93	6.41
	400.14	225.13	375.08	251.05	36.05
	390.47	229.02	383.27	237.15	10.86
	354.52	238.46	340.82	252.84	19.86
	381.17	238.22	374.06	246.03	10.56
	119.29	255.86	129.71	241.75	17.55
	17.89	242.91	10.52	254.56	13.80
	66.13	252.11	73.63	242.65	12.07
	361.05	248.04	341.83	266.85	26.89
	92.25	245.90	88.70	251.12	6.31
	134.62	247.10	121.64	263.57	20.97
	400.34	248.35	388.71	261.18	17.32
	81.19	250.13	62.49	276.49	32.32
	87.43	251.95	66.75	279.86	34.74
	27.29	255.93	19.86	266.83	13.20
	133.86	255.91	121.20	274.19	22.24
	19.46	257.98	15.55	263.96	7.15
	367.54	258.42	347.85	277.87	27.68
	123.29	279.10	133.96	264.97	17.71
	354.09	266.05	349.02	271.02	7.10
	40.02	288.80	47.56	278.46	12.80
	376.79	270.86	356.90	291.38	28.58
	399.54	276.46	392.88	283.89	9.98
	382.98	281.98	358.05	304.05	33.29
	109.27	280.16	98.52	294.02	17.54
	53.64	281.09	40.42	297.59	21.14
	66.31	282.05	46.72	309.09	33.39
	400.23	284.27	392.76	291.18	10.18
	115.68	288.46	101.40	306.34	22.88
	382.91	293.00	376.21	299.30	9.20
	104.24	293.83	93.15	309.19	18.94
	366.96	316.96	391.07	293.62	33.56
	372.24	302.89	367.04	308.06	7.33
	396.96	302.96	376.87	321.84	27.57
	43.37	303.94	38.76	310.73	8.20
	131.03	307.03	122.92	316.93	12.80
	350.75	312.79	340.65	321.71	13.47
	39.97	316.99	44.84	310.93	7.77
	83.58	313.09	77.54	320.99	9.95
	134.99	314.99	125.05	327.04	15.62
	86.89	315.92	67.64	341.55	32.06
	355.33	319.91	348.14	326.26	9.59
	400.10	316.10	395.67	320.07	5.95
	363.86	318.77	339.68	343.75	34.77
	90.22	320.18	79.10	335.04	18.56
	107.95	337.02	97.57	350.87	17.30
	36.98	320.99	32.52	327.00	7.49
	399.94	331.93	385.71	344.83	19.21
	364.58	333.43	347.66	349.59	23.40
	47.58	347.47	55.87	337.81	12.72
	372.02	342.02	356.74	356.76	21.23
	355.29	395.90	351.10	399.20	5.34
	59.90	342.92	55.57	349.05	7.51
	20.87	343.78	14.50	351.67	10.14
	60.14	359.08	68.01	349.15	12.67
	108.35	363.33	120.01	349.57	18.03
	55.04	358.01	47.18	368.32	12.96
	110.68	351.60	97.64	367.72	20.73
	378.20	352.23	361.06	367.56	23.00
	377.03	368.03	384.67	360.66	10.61
	44.94	426.97	39.24	433.51	8.67
86
	374.04	116.02	373.84	127.92	11.91
	375.06	195.00	373.87	213.01	18.04
	382.95	196.00	383.04	204.00	8.00
	27.80	200.00	27.73	205.99	5.99
	356.89	212.04	357.13	219.93	7.89
	392.96	237.01	392.57	247.95	10.95
	9.96	238.00	10.41	244.98	7.00
	383.69	253.22	383.95	262.01	8.79
	9.38	258.03	9.92	301.02	43.00
	28.06	262.00	28.82	274.02	12.04
	21.83	301.82	21.99	310.00	8.18
	10.08	303.02	11.23	339.07	36.06
	18.64	303.76	18.82	311.20	7.45
	392.91	309.99	392.41	320.79	10.81
	27.50	311.97	27.62	327.05	15.07
	383.41	318.95	384.14	337.97	19.03
	9.27	339.97	10.32	355.90	15.96
	355.77	357.03	355.30	394.97	37.94
	46.80	348.99	46.43	366.04	17.05
	66.96	356.02	66.73	362.05	6.04
	392.82	356.99	392.32	372.92	15.94
	346.69	368.94	346.23	402.07	33.13
	65.35	371.95	65.65	400.98	29.03
	373.86	372.00	373.75	401.95	29.95
	103.12	372.96	102.98	377.99	5.03
	29.07	373.97	28.84	382.99	9.03
	383.83	374.97	383.69	385.96	10.99
	392.10	375.00	392.62	393.82	18.83
	56.19	376.16	56.62	382.57	6.43
	384.48	390.03	383.88	397.03	7.02
	17.89	380.19	18.74	389.95	9.80
	75.56	383.39	74.92	402.99	19.61
	103.48	402.01	103.30	393.05	8.96
	129.87	382.71	130.48	403.43	20.73
	366.37	380.67	365.41	398.30	17.65
	10.99	382.00	11.01	395.00	13.00
	56.14	386.01	56.32	402.05	16.04
	47.79	386.94	48.15	400.06	13.12
	382.64	416.93	382.15	407.05	9.89
	365.93	402.89	366.01	436.00	33.10
	373.83	403.97	372.11	444.09	40.16
	21.78	447.17	20.57	408.01	39.18
	37.40	406.65	38.27	442.01	35.37
	44.94	444.00	44.89	438.01	5.99
	29.30	407.96	29.16	442.99	35.03
	101.50	418.01	102.75	443.92	25.94
	62.98	412.01	62.75	426.00	13.99
	75.99	414.00	76.66	444.95	30.96
	381.45	418.22	380.88	451.99	33.77
	126.78	419.02	127.59	439.93	20.92
	93.69	423.00	93.11	434.98	12.00
	391.41	423.04	390.15	438.00	15.02
	85.27	423.98	85.14	440.00	16.03
	356.34	428.08	356.35	478.05	49.97
	100.15	430.02	100.08	435.95	5.93
	62.73	437.05	62.79	442.94	5.89
	346.01	439.00	346.81	471.14	32.15
	391.31	441.01	390.85	446.98	5.99
	50.57	494.93	48.27	450.01	44.98
	56.81	447.99	57.24	458.02	10.04
	104.86	447.93	104.78	462.08	14.15
	29.78	455.20	29.77	461.02	5.82
	69.89	457.01	70.33	484.17	27.16
	65.22	459.91	65.91	473.00	13.11
	39.97	462.00	40.01	485.00	23.00
	56.85	462.05	56.34	492.98	30.93
	384.04	461.99	383.98	469.00	7.01
	77.45	531.04	77.37	479.20	51.85
	65.64	476.90	66.33	486.05	9.18
	10.80	478.01	13.15	538.98	61.01
	93.03	491.00	95.19	519.96	29.04
	104.40	481.93	105.03	490.00	8.09
	84.92	483.00	85.16	488.01	5.01
	21.03	538.01	23.02	485.01	53.03
	28.84	488.03	29.56	534.03	46.00
	33.18	489.90	33.48	495.03	5.15
	39.30	491.97	38.48	520.03	28.08
	69.37	492.91	68.17	532.97	40.08
	85.21	504.01	85.74	515.01	11.02
	113.83	536.04	113.69	544.97	8.93
	50.75	538.05	50.61	557.96	19.91
	60.43	537.95	60.09	558.02	20.07
	33.18	540.02	33.23	562.06	22.04
	68.76	545.02	68.72	553.96	8.94
	3.31	549.98	3.83	561.96	11.99
	42.27	550.97	42.83	559.97	9.02
