vx	vy	vz	score	numLines
-0.98186545	-0.18957887	0.00028667	3411.32	183
-0.99477843	0.10204541	-0.00161416	1712.87	179
0.99734011	0.07288687	0.00046053	1074.05	117

nLines	x1	y1	x2	y2	length
183
	176.11	3.40	194.98	5.64	19.00
	388.01	4.09	393.00	4.98	5.07
	412.04	4.09	426.00	6.04	14.10
	311.95	6.37	317.99	7.46	6.14
	581.47	7.09	587.90	8.03	6.50
	588.94	6.42	597.98	8.03	9.18
	126.04	6.75	133.90	8.70	8.10
	170.07	7.62	189.98	12.07	20.40
	555.08	8.04	573.96	9.96	18.98
	581.00	9.02	596.04	10.72	15.13
	147.00	9.68	162.98	12.65	16.25
	469.01	12.04	478.96	13.56	10.07
	522.33	12.89	540.32	16.11	18.28
	578.87	11.80	591.96	14.30	13.33
	605.01	12.09	619.86	14.35	15.02
	127.00	13.03	146.00	17.09	19.43
	282.00	13.00	292.93	14.39	11.02
	223.00	14.01	237.93	17.75	15.39
	519.51	16.24	538.00	19.47	18.77
	628.99	15.33	634.00	15.97	5.06
	308.08	16.49	323.99	19.42	16.17
	495.00	15.98	499.97	16.64	5.01
	550.02	15.88	566.99	18.07	17.11
	603.32	15.74	621.09	18.36	17.95
	627.78	18.94	634.04	19.73	6.31
	269.06	16.70	280.98	18.10	11.99
	340.99	17.09	356.86	19.54	16.07
	163.03	19.21	176.00	21.99	13.26
	544.23	20.12	563.99	22.61	19.91
	575.98	19.75	583.92	20.54	7.97
	256.95	20.49	267.88	22.36	11.09
	297.03	19.97	312.01	22.43	15.18
	8.07	27.33	23.02	31.32	15.47
	545.04	23.41	562.91	27.26	18.28
	29.99	24.37	36.92	25.39	7.01
	194.14	23.64	201.94	25.51	8.02
	285.03	24.82	299.01	26.98	14.14
	360.03	25.34	381.02	29.44	21.38
	419.00	27.04	425.07	28.29	6.20
	574.99	27.89	589.07	29.40	14.16
	270.95	29.14	284.99	31.05	14.17
	349.01	29.17	367.99	32.07	19.20
	541.93	30.87	555.02	32.43	13.18
	297.08	32.41	319.00	36.00	22.22
	572.98	31.93	591.01	35.97	18.47
	538.99	34.98	552.00	37.03	13.16
	572.00	35.07	581.02	36.56	9.14
	608.95	35.61	615.01	36.33	6.11
	330.99	36.94	352.00	41.55	21.51
	378.96	38.52	396.97	41.09	18.19
	569.99	39.95	575.02	40.48	5.05
	458.02	43.42	464.93	44.55	7.00
	322.03	43.75	341.00	47.03	19.25
	357.85	44.55	376.02	47.89	18.47
	368.99	44.08	388.96	47.56	20.28
	505.95	58.93	496.93	57.71	9.10
	562.99	46.05	587.00	49.00	24.20
	298.00	50.24	319.00	53.56	21.25
	331.79	54.33	321.95	51.85	10.15
	395.01	50.11	413.00	53.06	18.23
	525.00	50.01	545.00	53.92	20.39
	579.98	59.14	558.05	55.84	22.17
	557.36	51.27	580.98	54.12	23.79
	485.03	53.73	496.07	56.31	11.34
	517.23	54.56	545.05	58.88	28.16
	598.00	55.85	607.06	58.09	9.34
	436.03	57.48	454.07	59.68	18.18
	230.00	58.00	241.99	59.87	12.14
	610.05	58.40	619.03	59.89	9.10
	554.15	59.84	582.39	65.04	28.71
	591.15	59.81	618.09	65.63	27.56
	281.15	62.30	298.03	66.38	17.37
	517.01	62.93	522.02	63.92	5.11
	595.00	66.64	617.12	71.44	22.64
	524.92	71.25	533.14	72.26	8.28
	249.93	72.43	264.99	74.95	15.27
	311.01	71.85	330.98	74.63	20.16
	545.98	75.54	575.88	81.10	30.42
	617.46	87.79	585.98	81.47	32.11
	587.99	74.55	605.00	78.20	17.40
	241.02	78.89	261.00	83.86	20.59
	494.93	83.44	530.02	88.02	35.38
	544.97	82.12	569.01	85.97	24.34
	572.81	93.89	541.03	89.93	32.03
	627.02	87.34	633.97	88.20	7.00
	403.07	83.72	419.00	87.49	16.37
	446.93	84.23	474.04	88.79	27.49
	473.00	97.39	446.10	91.41	27.55
	113.97	86.13	121.01	87.93	7.26
	283.12	86.62	306.00	91.87	23.48
	336.04	87.40	357.00	90.93	21.26
	584.03	89.23	613.88	93.85	30.20
	276.04	89.64	296.00	93.20	20.28
	491.84	90.32	518.93	95.10	27.51
	388.14	92.39	415.00	98.93	27.65
	381.97	94.15	408.01	101.13	26.96
	288.00	101.98	261.16	96.50	27.40
	328.05	94.84	343.94	98.27	16.25
	534.12	98.49	567.00	103.03	33.18
	323.01	98.27	345.91	102.17	23.23
	581.98	98.31	616.03	102.39	34.29
	253.10	99.26	277.83	104.47	25.27
	492.09	99.49	510.94	104.32	19.46
	435.14	101.38	462.00	107.92	27.64
	479.99	101.41	490.97	103.62	11.20
	403.92	109.76	374.02	102.87	30.68
	421.10	103.32	435.94	106.45	15.17
	336.99	111.90	307.06	105.71	30.57
	374.01	107.96	394.97	111.18	21.21
	455.14	119.27	420.00	111.62	35.96
	537.03	108.46	568.00	115.01	31.66
	577.00	108.00	613.02	114.69	36.64
	480.08	109.40	515.81	117.11	36.56
	526.97	110.63	560.00	117.00	33.64
	390.05	121.65	356.01	114.94	34.69
	414.98	114.49	447.88	122.29	33.81
	590.09	117.38	578.92	114.82	11.45
	617.76	123.75	594.10	118.38	24.25
	350.88	116.71	358.05	117.67	7.24
	627.98	116.92	634.04	117.82	6.12
	564.02	127.07	531.08	119.54	33.79
	363.01	121.27	357.10	120.44	5.97
	440.01	131.80	407.05	124.70	33.72
	575.18	119.38	610.97	125.68	36.35
	507.04	129.09	469.12	121.74	38.63
	363.99	121.58	379.95	124.22	16.18
	520.02	122.05	536.94	125.79	17.33
	472.99	126.39	480.97	127.62	8.07
	398.02	127.31	435.92	135.19	38.72
	577.94	126.62	616.04	136.21	39.29
	525.07	131.69	553.95	138.39	29.64
	575.99	131.61	595.91	136.02	20.39
	514.98	133.49	540.87	139.74	26.64
	458.75	135.27	497.01	143.60	39.15
	430.98	147.49	415.86	144.63	15.39
	610.00	148.65	580.00	140.78	31.01
	556.82	155.77	513.93	146.13	43.96
	572.02	145.73	601.92	150.36	30.26
	490.13	160.26	445.82	151.27	45.22
	506.06	149.14	549.99	157.07	44.64
	545.97	170.42	506.02	162.97	40.63
	573.07	157.84	609.99	165.10	37.63
	613.03	184.23	567.00	175.01	46.95
	568.94	161.29	610.03	168.65	41.74
	538.06	189.78	493.04	181.38	45.79
	611.08	204.51	557.93	194.08	54.17
	563.10	180.87	574.05	182.80	11.12
	523.00	212.99	481.07	203.38	43.02
	602.00	187.28	612.23	190.17	10.64
	603.97	230.08	553.00	218.44	52.28
	569.13	201.32	608.02	208.61	39.57
	524.02	241.81	469.99	231.01	55.09
	628.97	216.51	634.18	217.81	5.38
	558.97	225.68	609.60	239.38	52.45
	599.97	260.12	546.18	246.76	55.42
	469.99	236.96	515.95	247.71	47.19
	511.97	276.26	454.18	262.67	59.37
	548.01	255.24	596.03	265.85	49.18
	505.95	320.09	434.06	302.39	74.03
	451.02	270.17	478.96	276.20	28.58
	601.01	343.90	527.83	325.21	75.53
	539.01	291.20	604.14	308.81	67.47
	493.93	371.29	414.08	350.83	82.43
	115.16	328.96	140.00	335.46	25.68
	248.00	368.95	230.89	364.01	17.82
	66.01	326.87	118.13	343.31	54.65
	300.98	331.89	365.09	348.71	66.27
	340.98	398.32	298.97	385.10	44.04
	524.04	335.15	599.06	353.89	77.32
	592.07	400.24	517.05	379.41	77.86
	173.08	348.84	193.07	354.17	20.70
	122.98	344.30	127.97	346.03	5.29
	215.96	359.27	228.76	362.66	13.24
	180.24	364.50	221.99	375.08	43.07
	199.32	370.34	217.04	376.43	18.74
	452.08	373.62	474.02	379.50	22.71
	280.97	380.64	290.99	383.54	10.43
	285.22	383.37	309.10	391.52	25.23
	516.00	390.68	583.84	408.71	70.19
	268.01	391.93	323.07	410.72	58.18
	319.20	394.60	328.03	396.88	9.12
	330.18	397.57	342.01	401.38	12.43
	395.85	415.45	415.87	420.58	20.66
179
	269.65	3.37	261.97	4.70	7.80
	120.03	5.75	124.99	4.86	5.05
	248.12	7.72	257.95	6.31	9.93
	369.90	7.74	376.99	5.82	7.34
	406.01	7.46	411.78	5.58	6.07
	55.13	7.64	62.95	6.63	7.89
	219.80	9.57	233.99	7.79	14.31
	237.04	10.22	245.03	8.87	8.10
	390.19	13.33	402.01	9.26	12.51
	164.02	12.79	172.02	11.13	8.18
	79.09	12.49	84.93	11.70	5.90
	353.47	12.32	343.89	14.81	9.90
	38.59	15.45	59.99	13.38	21.49
	147.00	17.20	153.96	15.89	7.08
	262.99	14.96	275.33	12.51	12.58
	115.89	15.07	106.01	17.28	10.12
	162.08	16.81	156.00	17.77	6.16
	292.06	19.44	305.11	16.68	13.33
	77.06	20.21	82.99	18.93	6.06
	90.95	20.74	98.99	19.49	8.13
	136.04	22.60	151.01	19.95	15.20
	313.00	22.50	320.80	20.72	7.99
	567.79	19.90	564.35	26.77	7.69
	279.02	23.14	288.00	20.55	9.34
	43.00	25.00	67.02	22.28	24.17
	344.01	27.23	350.09	25.25	6.39
	92.01	32.29	109.92	29.48	18.13
	247.05	29.16	238.00	30.98	9.22
	249.06	32.36	262.02	29.78	13.22
	114.00	36.55	131.02	32.13	17.59
	174.12	35.39	185.85	32.21	12.15
	320.00	36.08	327.03	34.11	7.30
	194.94	34.34	181.02	37.18	14.20
	232.01	37.14	244.94	34.51	13.19
	283.00	37.00	294.07	33.81	11.52
	365.01	36.07	371.75	33.51	7.21
	124.99	37.70	140.92	34.62	16.23
	442.01	42.03	452.00	36.00	11.67
	490.19	36.18	470.98	51.98	24.87
	353.00	41.64	360.92	38.78	8.43
	90.04	42.49	109.95	38.03	20.40
	258.00	42.07	268.24	38.55	10.82
	365.02	42.06	371.94	39.57	7.35
	101.01	43.52	118.97	39.82	18.34
	159.99	42.85	175.92	39.62	16.25
	39.02	44.16	57.98	40.75	19.26
	188.12	47.59	198.20	44.31	10.59
	399.20	47.35	407.21	43.66	8.81
	4.99	48.75	19.99	45.19	15.41
	518.30	45.19	506.97	57.98	17.09
	137.04	49.37	155.02	45.60	18.36
	302.94	47.56	307.98	45.95	5.29
	8.04	51.64	27.00	47.00	19.52
	619.89	49.29	620.32	54.86	5.59
	285.14	50.39	280.18	52.47	5.38
	287.99	53.66	297.00	50.38	9.58
	337.12	50.26	332.00	52.51	5.60
	435.07	53.12	439.99	50.19	5.72
	189.92	51.41	172.97	55.63	17.46
	232.03	54.23	246.92	50.58	15.33
	128.93	52.45	111.16	56.62	18.25
	461.98	58.91	467.42	55.00	6.70
	259.99	59.93	270.13	56.33	10.75
	325.01	60.02	334.00	56.54	9.65
	226.86	57.36	210.04	61.58	17.35
	271.08	60.37	279.00	57.00	8.61
	137.07	62.64	153.14	58.39	16.62
	102.96	59.48	84.15	64.52	19.47
	12.03	66.14	34.97	60.62	23.60
	364.26	61.16	355.98	65.90	9.54
	464.09	66.19	469.01	61.94	6.49
	241.03	67.75	252.29	63.65	11.98
	251.04	68.25	260.99	63.97	10.83
	188.97	69.79	207.01	65.21	18.61
	62.11	66.34	54.16	68.54	8.24
	51.99	73.73	74.00	68.01	22.74
	403.61	68.06	396.05	73.14	9.11
	498.64	68.03	494.90	71.87	5.36
	39.11	72.49	52.09	69.32	13.36
	308.98	69.04	291.88	77.26	18.97
	220.98	75.92	235.03	70.03	15.23
	282.01	74.67	293.12	70.30	11.94
	164.13	78.43	183.96	72.76	20.62
	579.56	74.05	578.36	79.40	5.48
	90.99	80.84	113.98	74.87	23.75
	438.06	80.63	444.32	75.08	8.36
	383.02	81.57	392.00	76.00	10.57
	271.99	84.48	284.98	78.93	14.13
	325.01	82.54	337.02	77.01	13.22
	261.99	83.85	275.26	78.58	14.28
	619.33	79.96	619.56	85.08	5.13
	135.18	89.41	154.93	81.79	21.18
	434.66	84.51	429.17	88.72	6.92
	530.92	87.94	526.52	96.49	9.61
	485.93	82.96	482.02	87.02	5.63
	82.83	85.33	59.13	92.43	24.74
	368.99	90.90	379.06	85.09	11.63
	306.99	91.92	320.53	85.50	14.98
	239.02	93.60	255.96	86.94	18.20
	618.93	88.02	618.65	93.58	5.57
	167.02	96.27	187.29	89.68	21.31
	181.04	97.13	201.93	90.69	21.86
	416.00	98.99	424.21	92.06	10.75
	105.20	100.50	129.85	92.54	25.90
	365.36	93.38	356.97	99.44	10.35
	301.87	94.95	288.95	101.85	14.65
	625.93	95.74	626.53	103.45	7.73
	23.08	104.29	46.89	96.53	25.05
	463.01	108.08	469.97	101.00	9.94
	473.25	108.09	479.03	101.66	8.65
	414.07	109.10	419.91	103.81	7.87
	349.01	112.61	356.69	107.38	9.29
	517.90	109.97	515.22	115.06	5.75
	464.17	119.13	468.90	112.85	7.87
	400.34	113.15	391.02	121.03	12.21
	451.65	123.04	445.16	131.13	10.37
	511.76	120.99	507.51	128.56	8.69
	385.35	125.94	376.86	133.86	11.61
	616.91	127.03	617.38	136.64	9.62
	628.45	130.08	628.78	138.49	8.42
	574.17	136.99	575.02	131.75	5.31
	497.92	143.74	503.23	134.84	10.36
	441.00	147.00	448.98	137.93	12.08
	628.61	142.97	629.33	149.97	7.03
	566.29	154.98	568.99	144.98	10.36
	496.93	148.02	490.94	159.95	13.35
	617.94	157.00	617.74	163.97	6.97
	625.15	157.04	625.10	164.00	6.96
	615.45	158.05	615.53	163.07	5.02
	628.39	158.01	629.41	167.19	9.24
	555.68	158.95	552.23	172.86	14.33
	562.38	170.96	564.51	161.98	9.23
	568.24	162.41	567.12	168.03	5.73
	487.61	164.96	481.40	177.98	14.42
	628.31	174.85	628.84	185.98	11.15
	557.15	193.85	559.96	179.89	14.24
	477.03	183.99	469.86	198.95	16.59
	541.60	200.03	538.14	211.06	11.56
	612.81	202.96	613.62	191.86	11.13
	616.80	193.02	616.87	202.00	8.98
	612.30	213.89	611.78	226.96	13.08
	628.58	195.02	629.33	206.14	11.14
	544.94	198.04	541.96	212.98	15.24
	558.12	202.09	555.09	216.05	14.28
	625.08	232.96	624.54	218.01	14.95
	628.34	217.96	629.25	232.96	15.02
	444.48	236.00	436.67	250.12	16.14
	547.96	245.01	551.27	228.96	16.39
	610.62	239.90	609.95	256.00	16.11
	629.13	244.09	629.60	263.00	18.92
	426.45	269.00	416.04	289.02	22.56
	534.87	277.99	538.46	259.99	18.35
	607.73	271.22	608.22	293.04	21.83
	436.12	294.05	444.68	275.54	20.39
	629.99	275.99	630.78	301.10	25.12
	524.29	320.02	529.65	296.02	24.59
	536.25	295.18	530.72	324.19	29.54
	540.67	295.06	538.75	303.42	8.58
	611.86	314.04	611.73	338.98	24.94
	501.46	336.00	494.26	361.07	26.08
	629.09	320.01	630.00	344.00	24.01
	173.12	337.02	192.01	319.02	26.10
	35.82	336.82	47.10	329.62	13.38
	266.26	368.20	291.37	335.92	40.90
	374.80	358.02	357.64	391.07	37.24
	272.92	368.98	301.78	334.79	44.73
	604.81	364.01	603.67	391.97	27.98
	414.42	336.28	411.80	341.00	5.40
	38.74	344.77	9.87	367.65	36.84
	517.36	371.08	523.21	345.05	26.68
	36.92	340.31	32.31	343.84	5.81
	8.51	361.67	31.02	345.55	27.69
	381.08	360.02	362.31	394.87	39.59
	610.60	363.98	609.51	396.03	32.07
	374.99	401.00	393.94	364.96	40.71
	382.04	402.02	403.72	364.71	43.15
	100.28	380.22	84.98	393.42	20.21
	498.72	420.05	505.58	395.01	25.96
	505.61	420.02	510.66	400.04	20.62
117
	176.11	3.40	194.98	5.64	19.00
	412.04	4.09	426.00	6.04	14.10
	566.09	3.58	575.97	4.50	9.92
	70.02	5.36	98.09	7.26	28.13
	557.14	5.78	564.00	6.05	6.86
	449.01	6.12	456.97	6.67	7.98
	581.47	7.09	587.90	8.03	6.50
	190.16	9.20	212.99	9.50	22.83
	466.79	7.69	472.02	8.07	5.25
	555.08	8.04	573.96	9.96	18.98
	276.04	11.16	296.90	11.39	20.86
	533.99	9.42	545.00	9.92	11.02
	581.00	9.02	596.04	10.72	15.13
	604.57	10.10	620.01	10.94	15.47
	315.37	11.38	342.05	13.58	26.77
	405.00	11.33	412.97	11.69	7.98
	469.01	12.04	478.96	13.56	10.07
	605.01	12.09	619.86	14.35	15.02
	282.00	13.00	292.93	14.39	11.02
	304.99	14.92	327.93	15.47	22.95
	13.98	13.87	29.97	15.65	16.09
	455.63	13.52	462.01	14.05	6.41
	78.11	17.08	88.96	17.48	10.85
	181.04	15.25	205.93	15.88	24.90
	330.98	15.06	337.81	15.42	6.84
	628.99	15.33	634.00	15.97	5.06
	20.99	20.83	4.01	18.90	17.09
	495.00	15.98	499.97	16.64	5.01
	550.02	15.88	566.99	18.07	17.11
	603.32	15.74	621.09	18.36	17.95
	627.78	18.94	634.04	19.73	6.31
	269.06	16.70	280.98	18.10	11.99
	424.97	17.81	433.99	18.33	9.03
	544.23	20.12	563.99	22.61	19.91
	575.98	19.75	583.92	20.54	7.97
	331.02	20.93	359.97	21.44	28.96
	473.75	23.68	479.04	24.08	5.30
	602.04	23.96	621.55	25.38	19.57
	316.00	24.98	342.99	27.17	27.09
	513.99	26.97	526.00	27.98	12.05
	447.01	27.86	463.30	28.51	16.30
	574.99	27.89	589.07	29.40	14.16
	270.95	29.14	284.99	31.05	14.17
	399.03	31.38	411.01	31.54	11.98
	482.94	31.48	495.34	32.39	12.43
	541.93	30.87	555.02	32.43	13.18
	614.93	31.71	620.92	32.17	6.00
	333.96	34.89	364.00	36.09	30.06
	41.02	34.90	52.00	36.02	11.04
	415.02	39.76	441.00	42.01	26.08
	608.95	35.61	615.01	36.33	6.11
	616.00	38.36	609.98	38.20	6.02
	547.04	38.48	556.99	39.33	9.98
	577.93	39.59	589.98	40.09	12.06
	600.01	38.74	620.82	40.24	20.87
	569.99	39.95	575.02	40.48	5.05
	543.98	41.15	551.02	41.46	7.05
	283.99	41.78	289.00	41.97	5.02
	599.94	43.51	620.64	45.27	20.77
	579.04	43.59	588.14	44.18	9.13
	607.03	45.36	614.99	45.50	7.96
	562.99	46.05	587.00	49.00	24.20
	180.97	47.52	186.01	48.08	5.07
	611.01	48.40	619.00	49.00	8.01
	545.04	48.84	551.99	48.98	6.95
	279.07	53.25	263.94	52.32	15.16
	557.36	51.27	580.98	54.12	23.79
	600.03	50.19	612.00	50.93	12.00
	416.98	58.92	389.01	57.92	27.98
	334.98	56.44	367.00	58.98	32.12
	436.03	57.48	454.07	59.68	18.18
	355.00	66.01	324.00	63.82	31.08
	406.96	65.78	377.02	63.71	30.00
	261.97	63.85	287.10	66.28	25.25
	446.96	72.83	417.04	70.46	30.02
	395.07	73.28	365.03	71.33	30.10
	494.08	72.13	467.08	69.36	27.14
	524.92	71.25	533.14	72.26	8.28
	506.02	74.95	524.03	76.52	18.09
	626.97	80.28	634.01	80.93	7.07
	352.99	79.56	382.00	81.62	29.09
	286.04	78.71	324.01	82.57	38.17
	407.03	77.72	426.98	79.62	20.03
	428.04	89.10	389.01	88.80	39.02
	525.97	96.93	509.01	96.59	16.97
	356.00	99.99	345.14	100.36	10.86
	444.02	97.42	465.98	99.48	22.06
	436.82	97.43	443.01	97.68	6.20
	379.95	98.27	386.01	98.31	6.06
	587.05	103.80	597.98	104.29	10.94
	358.08	105.70	366.17	105.44	8.09
	626.06	106.77	633.98	107.21	7.93
	319.90	114.50	327.98	114.15	8.09
	472.01	118.05	504.95	118.31	32.94
	411.01	119.06	428.00	119.44	17.00
	585.00	126.15	596.99	126.23	11.99
	521.11	128.78	555.01	128.48	33.90
	461.94	130.54	501.03	131.91	39.12
	561.01	140.01	542.96	140.32	18.05
	405.04	132.09	412.08	132.27	7.04
	452.01	138.06	461.99	138.24	9.98
	616.41	151.51	571.04	154.49	45.47
	516.97	141.90	543.05	141.51	26.08
	447.98	143.94	477.94	144.74	29.97
	510.56	154.73	535.03	156.34	24.52
	505.31	157.19	511.99	156.96	6.69
	551.49	173.64	541.00	173.98	10.50
	521.00	174.88	534.98	175.42	13.99
	567.12	171.33	601.00	169.97	33.90
	498.99	175.68	520.00	175.01	21.02
	563.02	189.51	601.99	189.18	38.97
	499.98	193.43	506.98	193.33	7.00
	557.88	211.61	592.97	210.83	35.10
	477.01	219.89	488.97	218.64	12.02
	627.01	274.03	634.01	273.78	7.01
	54.74	327.57	65.00	326.86	10.29
	404.19	364.25	412.00	362.88	7.93
