vx	vy	vz	score	numLines
0.99926503	0.03833254	0.00013969	6115.50	434
0.02810182	0.99960506	-0.00004964	5352.53	474
-0.98986055	0.14203471	0.00149336	879.50	234

nLines	x1	y1	x2	y2	length
434
	140.92	4.90	146.83	5.27	5.92
	346.92	6.82	355.02	6.86	8.09
	60.99	8.28	66.97	8.64	5.99
	281.94	8.10	287.96	8.65	6.04
	80.97	9.37	112.94	12.58	32.13
	4.01	9.63	33.04	11.93	29.12
	46.99	20.02	128.00	24.96	81.16
	49.88	11.48	63.96	12.63	14.13
	618.04	13.29	626.01	13.25	7.97
	249.00	14.00	255.91	13.79	6.91
	65.98	14.56	125.92	16.44	59.97
	584.03	15.54	589.05	15.66	5.03
	4.00	16.11	10.99	16.02	7.00
	316.99	15.51	324.14	15.72	7.16
	364.01	19.39	334.99	18.02	29.05
	140.01	18.22	226.96	21.72	87.02
	485.09	16.66	494.04	16.69	8.95
	601.00	20.47	571.03	19.70	29.98
	50.00	25.75	127.98	31.09	78.15
	129.23	18.56	137.99	18.33	8.77
	268.91	18.70	276.00	19.34	7.12
	386.17	19.69	433.02	20.50	46.86
	461.14	19.63	488.00	19.15	26.87
	273.03	23.59	387.02	26.58	114.03
	404.00	24.05	442.98	25.36	39.00
	521.01	23.66	514.97	23.63	6.03
	259.97	24.52	245.99	24.06	13.98
	52.99	31.80	129.09	36.40	76.24
	227.00	23.51	244.00	24.02	17.01
	131.00	24.00	252.99	31.43	122.21
	253.98	31.48	335.99	31.89	82.02
	431.55	32.55	442.93	32.32	11.38
	467.93	25.80	495.00	25.01	27.08
	13.93	26.69	29.00	27.97	15.13
	130.96	30.71	148.01	30.47	17.05
	369.07	31.81	386.00	33.35	17.00
	149.06	31.74	158.98	31.58	9.92
	339.00	30.98	367.10	31.36	28.11
	162.99	32.07	241.99	36.21	79.11
	243.92	32.41	255.04	32.46	11.12
	528.07	33.47	534.87	33.32	6.81
	344.93	33.59	361.05	33.70	16.12
	6.95	35.11	17.99	35.04	11.04
	420.05	35.49	396.78	35.75	23.28
	257.98	37.12	336.03	37.89	78.06
	478.97	37.31	510.96	40.11	32.11
	136.00	38.00	141.93	37.84	5.93
	162.96	38.15	243.98	41.83	81.10
	369.00	37.97	437.98	37.67	68.99
	612.98	38.46	624.00	38.89	11.03
	150.04	38.86	157.02	38.92	6.97
	254.96	42.38	336.99	42.98	82.04
	354.98	43.39	364.26	44.34	9.33
	369.05	43.67	439.96	42.84	70.91
	237.97	44.08	255.01	43.65	17.05
	451.55	52.30	456.90	52.52	5.36
	26.99	45.24	32.04	45.49	5.06
	347.98	46.27	353.98	46.87	6.03
	4.06	48.28	9.97	48.45	5.90
	489.99	48.10	496.05	48.44	6.07
	136.13	48.75	157.01	50.12	20.93
	242.03	49.74	261.00	51.31	19.04
	397.55	49.18	405.09	49.72	7.56
	496.72	49.55	505.01	49.97	8.30
	602.99	49.36	618.02	49.62	15.03
	140.07	54.91	152.13	55.56	12.07
	4.01	51.77	10.00	51.79	5.99
	241.99	53.79	259.03	54.50	17.06
	577.90	53.73	583.04	53.92	5.14
	344.03	54.92	363.96	55.15	19.93
	419.00	58.68	431.96	59.58	12.99
	136.99	59.26	156.99	60.08	20.02
	473.82	61.58	486.17	62.18	12.36
	86.96	64.32	112.01	64.91	25.06
	555.00	64.00	560.92	63.83	5.93
	344.00	65.00	364.82	65.44	20.83
	94.13	92.17	129.91	95.13	35.90
	243.00	66.30	256.95	66.92	13.96
	607.90	65.71	616.16	65.55	8.26
	139.01	66.82	154.88	67.32	15.88
	204.99	68.63	225.91	69.70	20.95
	363.79	71.69	346.03	72.09	17.77
	196.80	70.26	202.94	70.73	6.16
	263.83	70.41	288.86	71.52	25.06
	303.05	71.12	313.99	71.64	10.95
	423.83	70.70	433.04	70.89	9.22
	315.89	71.25	325.95	71.80	10.07
	198.01	96.95	239.85	99.27	41.90
	373.00	77.50	399.94	78.75	26.98
	4.00	77.79	26.00	79.06	22.04
	99.71	77.63	106.00	78.13	6.31
	610.00	77.99	615.97	77.88	5.97
	566.07	78.89	578.53	78.51	12.46
	167.05	80.79	177.44	81.32	10.40
	607.00	84.00	616.10	84.50	9.11
	205.99	81.97	229.00	83.48	23.06
	524.01	82.08	536.07	81.64	12.07
	267.00	83.91	290.04	84.89	23.06
	306.00	85.00	329.07	85.24	23.07
	373.09	85.21	398.98	84.56	25.90
	3.97	85.85	27.83	86.73	23.87
	248.09	87.42	255.02	87.43	6.94
	607.00	88.01	618.98	87.62	11.98
	98.94	88.54	109.87	89.34	10.96
	295.96	99.41	338.06	100.46	42.12
	486.02	89.08	500.92	89.16	14.90
	53.00	89.97	93.10	92.56	40.18
	139.99	90.91	155.03	91.70	15.06
	419.01	94.67	434.99	94.18	15.99
	529.08	92.56	537.01	92.59	7.93
	521.97	96.52	600.96	94.26	79.02
	165.02	95.27	196.04	96.61	31.05
	54.87	153.06	86.06	154.51	31.23
	54.97	96.16	68.01	96.52	13.04
	348.01	96.14	361.94	96.38	13.94
	472.06	98.10	507.02	98.88	34.97
	265.99	97.79	294.97	99.53	29.03
	373.01	99.11	445.00	99.00	71.99
	165.80	101.41	196.89	102.33	31.11
	523.00	102.04	555.01	101.18	32.03
	608.04	102.37	620.01	102.20	11.97
	207.01	102.53	235.94	103.24	28.95
	246.09	103.72	256.97	104.26	10.90
	266.01	103.94	295.99	104.21	29.98
	305.02	104.36	335.00	105.01	29.99
	371.81	104.15	403.98	104.32	32.17
	413.04	104.43	443.00	103.84	29.96
	565.91	104.58	578.07	104.32	12.16
	580.96	104.49	586.09	104.43	5.14
	207.00	107.32	230.01	107.97	23.01
	247.04	107.72	258.02	107.75	10.98
	266.99	108.34	290.00	108.67	23.01
	413.95	108.50	440.55	108.51	26.60
	306.01	108.81	331.51	110.16	25.54
	330.08	160.24	317.86	159.54	12.24
	111.00	110.17	120.01	110.33	9.01
	484.06	110.15	489.96	110.27	5.91
	493.02	110.30	500.98	110.42	7.97
	573.95	114.70	594.14	114.23	20.20
	166.10	114.87	184.99	115.71	18.91
	247.07	115.96	255.09	116.36	8.03
	523.94	116.73	543.96	116.28	20.03
	179.04	126.05	166.13	125.70	12.92
	208.00	117.03	230.00	116.96	22.00
	267.00	117.99	290.00	118.13	23.01
	318.97	118.40	330.02	118.29	11.05
	375.01	119.16	383.95	118.85	8.95
	208.01	127.84	217.99	128.19	9.99
	219.89	128.28	226.97	128.36	7.09
	247.00	128.00	256.01	128.06	9.01
	376.02	128.35	399.00	129.07	22.99
	268.01	128.88	284.99	129.21	16.99
	306.96	129.42	324.01	129.17	17.05
	610.14	142.84	621.91	142.89	11.78
	149.95	143.71	141.43	143.45	8.53
	568.00	135.97	595.05	135.29	27.06
	355.03	135.94	365.90	136.19	10.87
	527.00	137.07	552.98	135.96	26.01
	167.97	137.36	186.00	137.94	18.04
	207.86	139.36	232.08	139.42	24.22
	429.90	139.41	440.02	139.85	10.13
	532.08	147.90	538.98	148.05	6.90
	540.92	147.14	546.06	147.56	5.16
	267.98	139.75	286.11	140.38	18.14
	306.97	140.12	325.92	140.29	18.95
	379.92	139.70	385.97	139.68	6.05
	14.02	144.18	26.94	145.18	12.96
	153.01	143.93	158.01	144.16	5.00
	110.94	145.40	122.01	146.08	11.08
	567.86	146.40	595.01	145.70	27.16
	4.00	149.97	39.00	151.12	35.02
	209.00	149.99	232.00	150.20	23.00
	269.01	149.86	286.98	149.94	17.97
	312.29	150.77	317.91	150.73	5.62
	435.01	149.98	441.00	150.07	5.99
	377.94	151.26	395.97	150.75	18.04
	476.95	153.40	488.92	153.33	11.97
	599.15	154.31	568.01	155.88	31.19
	348.35	155.59	365.04	155.89	16.69
	606.97	155.54	626.05	155.37	19.08
	98.07	155.66	127.90	156.61	29.85
	603.15	156.31	634.00	157.97	30.90
	74.98	159.41	90.99	159.18	16.01
	136.97	157.25	164.03	158.67	27.10
	288.00	160.06	269.05	158.79	18.99
	476.99	157.58	504.02	157.43	27.03
	526.02	162.08	601.00	158.96	75.04
	92.95	159.54	129.02	161.11	36.10
	134.01	160.06	219.01	162.03	85.03
	346.01	160.62	351.07	160.66	5.06
	360.98	160.55	369.01	160.71	8.03
	253.99	161.40	259.08	161.63	5.10
	609.06	191.93	621.02	191.77	11.96
	626.91	163.03	633.96	162.87	7.06
	57.13	163.46	69.98	164.10	12.86
	242.07	163.65	298.09	164.14	56.03
	342.05	163.53	395.01	164.11	52.96
	397.11	164.48	450.05	163.10	52.96
	483.83	163.55	504.02	163.86	20.18
	608.99	163.34	626.01	162.99	17.03
	5.70	164.49	13.95	164.54	8.25
	99.00	164.43	117.99	165.59	19.02
	219.98	163.89	240.01	164.08	20.03
	299.45	164.67	305.94	164.56	6.49
	575.25	163.93	603.93	165.15	28.71
	19.15	165.30	35.98	166.64	16.88
	310.02	164.81	336.01	165.03	25.98
	154.95	166.06	162.98	166.74	8.06
	540.01	166.18	556.99	165.97	16.99
	530.03	167.24	538.85	167.59	8.82
	347.04	168.78	368.98	168.70	21.94
	210.00	169.09	222.50	169.15	12.50
	223.10	169.33	240.95	169.39	17.85
	245.95	168.67	253.03	168.67	7.07
	570.02	170.03	577.97	169.72	7.96
	19.01	172.77	39.00	173.51	20.01
	320.00	173.02	326.04	173.29	6.05
	379.88	173.45	385.13	173.73	5.26
	502.90	177.43	513.01	177.61	10.12
	119.02	176.85	124.79	177.18	5.78
	139.12	178.39	164.99	179.02	25.88
	558.18	180.43	546.90	180.58	11.28
	117.98	181.20	123.03	181.31	5.05
	30.01	182.83	37.99	183.04	7.98
	495.98	183.63	507.82	184.43	11.86
	19.63	193.45	40.16	194.58	20.57
	77.12	198.57	89.01	198.94	11.89
	139.05	194.68	164.01	195.31	24.97
	4.00	197.75	46.03	197.11	42.03
	98.22	199.46	110.97	199.57	12.75
	486.00	197.53	508.17	197.45	22.17
	349.05	197.17	357.04	197.68	8.00
	527.50	199.56	540.95	198.78	13.47
	594.96	197.29	602.78	197.03	7.82
	58.99	198.10	70.03	197.89	11.04
	186.36	198.46	195.06	198.44	8.70
	247.99	198.11	276.91	199.38	28.95
	418.01	199.09	426.07	198.66	8.07
	560.94	198.35	550.00	198.82	10.95
	285.55	199.31	295.09	199.83	9.56
	120.05	201.89	132.05	201.18	12.02
	506.00	201.57	522.95	202.71	16.99
	609.99	201.03	634.00	200.24	24.02
	4.00	201.04	45.00	202.01	41.01
	61.02	207.91	130.02	209.29	69.01
	142.07	201.41	244.01	208.29	102.17
	487.00	202.26	501.99	202.04	14.99
	63.00	201.93	104.97	204.51	42.04
	192.10	202.57	200.00	202.13	7.91
	207.12	202.83	215.64	203.26	8.53
	229.01	202.74	239.98	202.75	10.97
	397.04	201.77	407.99	201.74	10.94
	418.07	201.85	429.04	201.63	10.97
	270.00	202.97	280.98	202.76	10.99
	329.02	203.11	337.10	202.79	8.08
	572.03	203.63	579.93	203.36	7.91
	286.05	207.64	330.01	207.94	43.95
	339.97	205.26	372.99	204.94	33.02
	375.99	206.88	403.04	208.20	27.08
	426.02	207.13	440.01	207.09	13.99
	338.08	212.42	436.00	211.39	97.93
	478.54	205.40	509.04	205.40	30.50
	619.14	205.31	634.00	204.89	14.87
	8.98	208.66	35.04	209.70	26.08
	404.99	208.35	422.98	207.40	18.01
	245.94	208.66	267.02	208.49	21.08
	271.00	208.43	282.97	207.78	11.98
	530.16	208.68	582.04	207.71	51.89
	132.97	208.64	176.04	209.27	43.07
	214.01	213.15	178.11	211.50	35.94
	335.74	211.15	285.99	213.20	49.79
	38.05	214.24	19.83	213.40	18.24
	225.00	212.96	280.04	212.68	55.04
	551.87	215.55	582.11	214.66	30.25
	140.98	217.09	165.96	218.15	25.00
	171.00	218.94	180.05	219.45	9.07
	190.95	218.90	206.02	219.22	15.08
	208.01	220.27	220.00	219.66	12.00
	246.64	219.08	264.06	219.74	17.44
	289.83	219.60	319.00	220.00	29.18
	347.98	218.73	355.99	219.18	8.03
	508.00	218.98	517.82	218.52	9.82
	230.11	219.51	244.18	219.64	14.07
	328.95	219.86	338.00	220.20	9.06
	6.90	222.42	23.00	221.99	16.11
	360.98	222.79	368.92	222.85	7.94
	496.23	225.69	488.00	225.98	8.24
	8.97	225.68	43.09	227.81	34.19
	513.12	229.28	523.11	228.85	10.00
	565.10	246.96	570.91	246.87	5.81
	7.44	235.51	29.11	234.83	21.68
	478.99	237.64	495.97	238.39	17.00
	579.51	236.44	586.10	236.51	6.59
	254.16	240.71	259.33	240.71	5.16
	504.14	241.18	512.14	241.51	8.00
	42.85	243.47	21.04	243.72	21.81
	3.97	244.87	15.98	244.25	12.02
	616.48	244.28	629.00	243.97	12.53
	43.12	244.82	48.16	244.62	5.04
	479.00	245.54	494.98	245.42	15.98
	21.00	249.11	48.06	250.83	27.11
	616.25	250.56	629.01	249.92	12.77
	58.72	290.03	48.80	290.72	9.95
	475.96	250.80	512.81	252.34	36.89
	21.02	253.33	38.11	253.36	17.09
	144.00	254.99	165.67	255.37	21.68
	482.81	254.54	490.99	254.74	8.18
	252.04	256.36	264.09	256.85	12.06
	547.01	264.99	561.01	264.31	14.02
	531.03	265.68	538.21	265.75	7.19
	314.08	270.82	329.04	270.54	14.96
	274.00	270.92	281.99	270.99	8.00
	489.98	270.96	504.11	271.93	14.16
	620.23	280.90	629.18	281.36	8.96
	575.84	276.60	604.03	275.85	28.20
	541.93	277.42	556.02	277.06	14.09
	487.04	279.35	500.00	279.24	12.95
	13.95	280.09	19.01	279.91	5.07
	70.02	282.13	80.02	281.75	10.01
	175.96	283.87	191.13	283.44	15.18
	149.02	287.20	163.67	286.62	14.66
	262.98	289.03	253.91	288.72	9.08
	617.02	288.36	634.02	287.23	17.04
	520.88	289.54	531.05	289.82	10.17
	9.35	291.45	44.01	292.49	34.68
	445.00	291.22	450.00	290.90	5.01
	481.01	291.23	523.98	292.07	42.98
	613.07	290.87	634.02	290.66	20.95
	59.25	291.70	89.82	292.41	30.58
	201.03	293.35	177.04	292.84	24.00
	103.01	292.80	130.98	292.90	27.97
	134.14	294.19	171.92	292.87	37.80
	215.01	293.06	243.23	294.38	28.26
	248.00	294.95	271.01	294.05	23.03
	569.70	294.33	575.09	294.65	5.39
	204.98	295.08	211.00	295.00	6.02
	303.95	295.17	310.97	294.74	7.03
	498.08	294.87	509.92	294.81	11.84
	143.00	295.63	201.00	298.39	58.07
	443.72	295.64	450.96	295.70	7.23
	617.12	296.22	622.81	296.53	5.70
	40.99	297.30	4.03	298.88	37.00
	246.01	298.30	269.00	296.99	23.02
	285.95	297.60	303.01	298.04	17.07
	534.32	298.32	567.00	297.22	32.70
	211.00	300.47	231.02	299.67	20.04
	633.96	298.33	624.00	298.81	9.97
	585.01	300.62	590.91	300.31	5.90
	592.92	300.48	598.86	300.75	5.95
	601.00	311.00	607.01	310.97	6.01
	3.99	302.97	22.02	302.25	18.04
	142.03	302.04	168.00	301.93	25.97
	249.72	303.98	267.00	302.80	17.32
	151.07	304.27	146.02	304.55	5.06
	70.01	305.82	76.13	305.47	6.13
	484.00	304.98	490.89	305.32	6.90
	12.91	306.41	19.93	306.26	7.02
	20.13	310.54	38.11	310.41	17.98
	579.00	311.24	599.00	310.95	20.00
	487.01	316.36	499.06	316.75	12.06
	13.07	314.40	33.01	314.93	19.95
	287.05	319.74	311.00	319.03	23.96
	518.04	321.41	524.12	321.52	6.08
	586.99	322.18	608.05	321.55	21.07
	14.01	324.25	40.02	324.37	26.02
	4.01	329.02	40.73	328.49	36.72
	200.98	329.33	206.80	329.19	5.83
	279.14	331.61	291.00	331.07	11.87
	579.16	335.47	612.84	334.52	33.69
	489.99	335.38	512.99	334.65	23.01
	254.98	335.87	264.98	335.81	10.00
	492.97	336.82	503.01	336.26	10.06
	537.03	336.83	572.13	336.28	35.10
	4.05	338.36	10.13	338.63	6.09
	537.95	339.64	561.97	340.24	24.03
	563.94	338.88	569.99	338.86	6.05
	21.00	339.92	35.01	340.58	14.02
	141.00	342.36	173.18	341.84	32.18
	249.07	342.16	272.93	341.12	23.88
	467.03	344.16	513.02	340.81	46.11
	581.95	343.22	609.03	342.24	27.10
	3.99	346.38	49.97	347.20	45.99
	493.96	346.13	511.02	346.66	17.07
	436.01	348.07	446.98	348.16	10.97
	5.97	350.45	10.99	350.32	5.02
	15.02	350.69	31.99	351.11	16.97
	500.99	349.51	507.18	349.64	6.20
	275.03	351.35	296.00	351.11	20.98
	183.93	352.18	199.05	352.34	15.12
	209.00	351.94	227.00	352.05	18.00
	15.99	354.89	30.13	354.66	14.14
	590.01	356.69	601.00	356.14	11.00
	494.98	359.12	501.00	359.16	6.02
	603.04	368.07	589.87	368.47	13.17
	101.00	365.12	95.35	365.07	5.66
	61.00	364.93	86.01	365.19	25.01
	143.95	370.66	164.92	370.23	20.98
	37.98	377.47	47.02	377.86	9.05
	95.94	378.65	117.09	378.71	21.14
	175.06	377.55	182.00	377.90	6.95
	62.14	378.70	86.00	378.69	23.86
	598.90	380.83	605.13	380.48	6.24
	15.01	382.19	37.08	381.41	22.09
	169.99	382.45	157.09	383.16	12.92
	509.06	390.91	517.80	390.16	8.77
	479.96	388.53	486.02	388.07	6.07
	566.00	391.26	548.11	392.57	17.94
	589.94	390.73	605.85	390.41	15.91
	111.97	391.46	117.82	391.57	5.85
	143.96	391.25	170.09	391.80	26.14
	61.00	392.06	85.99	392.06	24.99
	97.02	392.12	110.03	391.94	13.01
	32.99	394.97	39.89	394.74	6.90
	552.00	396.33	616.01	395.26	64.02
	469.97	397.77	493.01	395.87	23.12
	498.05	396.28	507.97	395.94	9.93
	144.10	396.91	171.00	397.05	26.90
	433.02	398.20	465.00	397.01	32.01
	625.03	397.47	552.98	399.94	72.08
	40.05	398.71	52.00	399.11	11.96
	501.00	399.06	539.00	399.83	38.01
	87.98	400.09	93.95	400.12	5.97
	378.99	400.47	385.97	400.54	6.98
	15.00	402.12	45.91	403.53	30.94
	62.97	404.68	133.98	402.64	71.03
	152.94	403.40	163.00	403.69	10.06
	606.04	405.08	617.21	405.41	11.18
	556.11	406.23	592.99	405.95	36.89
	4.01	408.11	14.02	407.80	10.02
	74.01	408.42	91.01	408.21	17.00
	477.95	412.42	486.95	412.19	9.01
	107.03	413.70	116.06	413.15	9.05
	88.88	415.25	104.77	414.47	15.91
	68.01	417.06	73.37	416.99	5.36
474
	481.88	4.01	482.38	9.05	5.07
	3.41	25.93	4.20	36.01	10.10
	48.46	34.15	48.89	42.99	8.85
	131.14	37.06	135.82	155.01	118.04
	34.16	37.99	34.67	48.02	10.04
	160.56	38.22	160.37	48.03	9.81
	469.85	41.04	470.31	52.03	11.00
	339.22	43.17	341.90	100.00	56.89
	445.43	44.95	446.55	58.05	13.15
	367.49	43.84	369.56	138.02	94.20
	451.32	44.20	451.40	51.39	7.19
	515.99	44.00	516.15	51.01	7.01
	620.90	49.10	623.95	111.02	61.99
	46.68	45.10	47.07	53.99	8.90
	66.07	86.02	65.84	66.02	20.00
	160.64	61.98	164.56	152.01	90.12
	601.68	50.10	606.17	153.93	103.93
	106.90	62.01	106.14	51.84	10.19
	118.77	61.06	118.70	67.87	6.82
	184.61	57.32	184.87	66.01	8.70
	242.02	93.00	241.37	54.38	38.62
	259.71	55.27	260.74	90.00	34.75
	576.94	54.11	577.46	65.07	10.98
	228.96	65.02	229.18	72.08	7.07
	516.37	55.07	517.14	64.94	9.90
	347.58	55.60	347.64	60.73	5.13
	528.74	66.98	527.98	59.00	8.02
	535.84	66.01	535.74	57.98	8.03
	169.13	57.02	169.45	64.04	7.03
	176.91	57.07	177.31	64.99	7.93
	385.17	57.05	385.13	65.99	8.93
	208.77	57.94	208.82	66.04	8.10
	438.41	67.84	438.43	74.81	6.97
	542.57	58.88	543.34	67.06	8.22
	307.64	59.85	307.98	68.99	9.15
	315.90	60.00	316.32	69.06	9.07
	5.22	61.07	5.80	73.95	12.90
	424.04	60.99	424.11	68.01	7.02
	52.25	63.06	52.76	87.98	24.92
	57.98	62.86	58.41	84.88	22.02
	83.68	77.95	82.99	68.00	9.98
	73.96	65.00	75.25	86.90	21.93
	93.28	66.07	93.98	91.00	24.94
	605.78	66.14	606.82	77.99	11.90
	35.84	67.10	35.77	78.08	10.98
	85.99	67.00	86.36	89.96	22.96
	106.15	66.99	107.06	77.03	10.08
	554.04	67.01	555.94	94.00	27.06
	471.07	67.98	472.95	85.05	17.18
	596.67	68.06	597.69	91.08	23.04
	626.62	67.96	628.03	90.98	23.06
	124.31	69.09	124.16	79.01	9.92
	569.18	68.98	570.10	77.99	9.06
	403.11	70.01	404.53	96.98	27.00
	535.87	70.04	536.72	80.08	10.07
	544.10	69.98	544.87	79.03	9.08
	562.03	69.99	563.00	93.00	23.03
	164.51	71.05	164.92	78.99	7.95
	499.12	71.01	500.18	87.01	16.03
	517.90	71.23	518.06	80.00	8.77
	520.61	71.21	520.71	79.01	7.81
	203.31	72.24	204.45	94.98	22.77
	263.85	73.10	264.73	96.93	23.84
	294.34	91.96	294.80	74.99	16.98
	332.87	92.10	332.52	78.98	13.12
	196.74	74.01	196.97	96.04	22.03
	302.58	74.10	303.54	96.97	22.89
	417.43	73.94	417.64	80.07	6.14
	410.53	75.13	411.66	96.95	21.86
	107.81	80.99	107.66	86.01	5.02
	164.19	81.18	164.73	92.19	11.02
	432.79	84.32	433.05	90.99	6.68
	537.34	83.97	537.60	89.99	6.03
	544.77	84.01	545.35	89.98	6.00
	225.61	84.95	226.04	91.00	6.06
	443.55	85.01	444.62	95.95	11.00
	517.46	85.10	517.76	91.98	6.88
	277.99	86.00	278.17	92.00	6.00
	285.98	87.00	286.22	92.00	5.00
	317.00	87.00	317.30	93.01	6.02
	386.69	86.84	386.79	92.99	6.15
	345.96	101.01	346.08	95.07	5.94
	393.75	88.00	393.98	93.00	5.01
	5.83	89.01	7.51	140.17	51.18
	295.64	89.02	296.21	96.95	7.96
	241.90	100.01	242.62	109.00	9.01
	244.38	110.10	243.95	159.01	48.91
	47.38	95.01	48.28	105.67	10.69
	448.01	95.00	447.99	103.98	8.99
	52.29	95.61	54.79	152.02	56.46
	86.90	97.99	90.33	154.17	56.28
	94.34	98.96	94.97	121.01	22.05
	627.97	99.00	630.54	149.02	50.08
	204.30	100.65	206.93	159.02	58.43
	472.14	100.97	472.84	111.99	11.04
	563.60	101.00	567.08	155.72	54.83
	598.36	101.00	601.03	155.01	54.08
	260.42	101.99	260.30	107.01	5.01
	100.75	107.02	101.63	132.99	25.99
	197.82	103.01	200.21	154.99	52.04
	66.93	104.00	69.21	131.94	28.03
	74.97	104.00	76.27	120.90	16.95
	444.74	104.08	447.60	134.91	30.96
	454.52	104.02	455.30	112.14	8.16
	518.15	103.98	518.82	114.04	10.08
	265.03	104.99	266.50	141.96	37.00
	296.84	105.00	297.88	131.99	27.01
	304.14	105.01	306.40	156.06	51.11
	405.04	105.00	406.66	159.98	55.00
	412.31	105.01	414.51	143.96	39.02
	586.85	105.05	587.20	111.99	6.95
	108.02	106.00	108.94	122.00	16.03
	186.12	107.97	187.62	135.98	28.05
	552.64	108.97	553.72	125.08	16.14
	48.35	107.02	50.65	140.95	34.01
	125.50	107.05	126.53	123.92	16.91
	545.51	106.93	545.98	114.01	7.09
	522.92	107.94	522.90	114.01	6.07
	529.98	108.00	530.35	114.04	6.05
	258.85	108.99	262.03	148.00	39.14
	331.80	111.02	335.07	155.00	44.10
	619.02	121.00	618.51	111.24	9.77
	58.89	110.04	60.04	131.00	20.99
	218.27	109.97	218.74	114.97	5.02
	344.67	110.96	347.16	134.00	23.17
	400.75	110.03	402.48	139.19	29.21
	609.47	117.80	609.29	112.06	5.75
	278.95	110.99	279.21	116.13	5.14
	286.04	110.99	286.33	116.07	5.08
	310.03	111.00	310.36	117.06	6.07
	317.63	110.94	318.13	117.98	7.06
	325.34	110.94	325.96	117.01	6.11
	373.78	110.97	373.66	118.92	7.95
	426.12	110.94	426.64	126.04	15.11
	150.93	112.02	151.94	122.98	11.01
	257.05	112.19	257.25	118.92	6.73
	443.54	112.01	443.49	119.97	7.97
	116.29	113.03	116.33	123.03	10.00
	145.99	113.01	146.32	124.16	11.16
	342.56	112.97	343.77	158.99	46.03
	196.27	114.01	197.07	153.00	39.00
	450.98	115.00	451.02	125.00	10.00
	488.47	115.05	489.11	123.98	8.95
	142.37	115.74	142.25	121.00	5.26
	358.42	115.97	358.27	134.04	18.07
	572.02	115.99	572.46	123.02	7.04
	580.22	115.94	580.66	123.12	7.20
	587.81	116.01	588.13	122.01	6.00
	179.12	116.87	179.18	125.02	8.16
	545.53	116.92	546.30	123.98	7.10
	172.06	118.00	172.04	124.00	6.00
	520.56	118.07	523.84	144.99	27.12
	418.94	119.06	420.41	137.08	18.08
	473.93	118.94	474.29	133.00	14.06
	37.21	120.46	37.71	126.17	5.73
	279.10	120.00	279.30	127.09	7.08
	286.35	119.90	287.06	127.98	8.12
	271.81	121.00	271.77	127.01	6.01
	318.15	121.00	318.55	127.02	6.04
	325.84	121.01	326.22	129.20	8.20
	373.75	120.96	373.91	126.04	5.08
	310.56	122.01	310.82	127.02	5.01
	95.16	122.98	95.73	132.00	9.03
	109.33	125.01	109.08	133.00	7.99
	434.54	124.98	435.72	138.11	13.18
	116.17	126.00	116.91	134.00	8.03
	581.09	127.02	581.40	133.02	6.01
	588.48	127.00	588.85	132.99	6.00
	36.59	127.57	37.19	142.15	14.59
	218.97	128.68	219.22	137.05	8.37
	427.07	128.90	427.79	138.90	10.03
	531.48	127.78	531.80	135.02	7.25
	539.22	128.05	539.58	135.03	7.00
	546.77	127.98	547.12	134.99	7.02
	572.40	128.00	572.93	133.97	5.99
	171.69	128.99	172.00	135.00	6.02
	179.92	128.99	180.11	134.99	6.00
	212.24	130.04	212.27	135.98	5.94
	247.94	136.07	247.63	147.04	10.97
	310.71	130.27	311.03	138.00	7.74
	326.48	129.94	326.73	138.05	8.12
	444.39	129.99	445.92	144.04	14.14
	271.75	130.91	271.76	137.01	6.10
	279.75	130.94	280.04	137.99	7.06
	286.56	130.94	287.22	138.11	7.21
	318.31	130.94	318.69	138.11	7.18
	609.94	130.98	609.90	142.09	11.11
	140.03	142.99	139.67	134.04	8.95
	378.98	132.01	379.41	138.06	6.07
	396.19	132.01	396.26	137.95	5.93
	159.39	132.97	159.15	143.00	10.03
	68.48	134.00	68.69	151.99	17.99
	128.71	134.00	129.32	153.05	19.06
	95.63	135.03	96.26	154.95	19.93
	473.68	135.00	475.75	152.87	17.99
	116.83	136.01	117.39	144.08	8.08
	257.69	135.60	257.49	147.02	11.41
	101.46	136.92	102.01	154.00	17.09
	167.03	138.00	167.15	146.95	8.95
	573.00	138.00	573.10	144.00	6.00
	589.17	137.98	589.67	144.08	6.12
	531.87	138.98	532.38	146.91	7.95
	581.91	139.00	581.96	144.01	5.01
	427.82	140.17	428.17	148.01	7.86
	219.81	141.04	219.66	148.08	7.04
	227.74	140.89	227.83	149.03	8.14
	312.40	141.32	312.22	148.98	7.66
	48.51	141.86	48.41	149.94	8.08
	272.70	142.06	273.00	148.00	5.95
	280.16	142.00	280.31	148.02	6.03
	379.31	141.92	379.82	148.93	7.03
	436.46	141.87	436.71	147.04	5.18
	60.07	145.00	59.95	151.00	6.00
	75.95	146.00	76.17	152.01	6.01
	139.84	145.97	140.13	152.95	6.99
	397.16	151.17	397.22	156.99	5.83
	109.30	147.01	109.96	154.00	7.02
	266.17	147.04	267.14	158.98	11.98
	368.56	146.95	368.63	154.04	7.09
	117.02	148.00	117.10	153.99	6.00
	589.38	147.98	589.72	153.00	5.03
	374.75	149.07	374.73	155.04	5.98
	532.07	148.98	532.58	154.01	5.05
	540.52	148.89	540.70	153.93	5.05
	173.75	150.02	173.86	155.03	5.01
	607.71	164.04	608.71	190.96	26.94
	628.70	190.80	627.17	163.94	26.91
	499.35	165.96	499.87	172.01	6.08
	136.19	167.85	136.15	175.98	8.13
	242.72	168.18	242.97	180.94	12.77
	393.05	201.78	392.26	186.99	14.81
	603.19	168.85	603.53	196.00	27.15
	110.76	170.14	112.46	198.99	28.90
	346.34	169.89	347.29	203.80	33.93
	199.76	175.88	201.81	196.01	20.24
	447.98	176.01	448.68	200.07	24.06
	559.16	171.84	561.83	197.03	25.34
	522.64	172.98	523.22	195.01	22.04
	86.95	173.99	86.72	195.97	21.98
	372.05	175.39	373.93	203.96	28.64
	409.61	176.08	410.00	201.00	24.93
	618.52	176.97	618.81	188.99	12.03
	94.15	179.01	95.28	196.71	17.74
	138.13	179.03	137.72	201.01	21.99
	484.95	185.12	484.29	179.16	5.99
	71.66	179.98	72.58	193.98	14.04
	143.64	179.99	143.46	191.96	11.97
	165.27	180.00	165.73	201.98	21.98
	219.30	179.90	219.67	193.80	13.90
	336.73	187.90	337.14	198.99	11.10
	574.84	194.02	574.32	183.01	11.02
	160.02	181.00	160.09	192.99	11.99
	454.73	181.04	456.00	195.00	14.02
	594.39	180.96	594.34	193.03	12.07
	223.43	184.03	223.56	196.00	11.96
	244.54	181.95	246.61	205.26	23.41
	632.45	182.02	633.51	191.05	9.10
	80.13	182.88	80.84	190.99	8.14
	322.18	183.00	322.56	202.54	19.54
	351.89	183.01	352.70	194.97	11.99
	402.89	185.78	403.95	195.98	10.26
	531.64	182.99	532.90	193.99	11.07
	551.99	183.00	553.18	194.08	11.14
	330.69	185.21	331.25	193.92	8.73
	424.49	184.99	424.78	194.95	9.97
	415.63	186.06	416.80	200.99	14.98
	401.06	186.99	400.93	196.00	9.02
	445.22	186.91	445.73	192.90	6.01
	367.45	188.94	368.10	194.98	6.07
	197.32	189.98	197.10	199.02	9.04
	312.52	190.34	313.10	196.04	5.73
	384.93	190.01	385.04	196.00	5.99
	267.64	191.00	268.00	196.00	5.01
	612.42	226.07	614.50	272.99	46.96
	138.60	213.99	140.99	291.00	77.05
	633.46	214.79	634.01	220.00	5.23
	167.36	218.04	167.99	250.00	31.97
	435.83	219.11	436.06	228.03	8.92
	454.72	218.13	455.16	235.99	17.86
	526.45	220.09	526.92	227.01	6.93
	53.28	218.97	53.81	225.96	7.01
	265.19	220.20	265.54	248.95	28.76
	322.63	219.01	323.36	231.97	12.98
	345.97	218.99	347.13	240.01	21.05
	188.85	220.02	188.57	229.91	9.90
	247.07	221.00	249.83	291.01	70.07
	51.84	225.80	51.66	231.04	5.24
	630.46	226.04	634.38	273.13	47.25
	169.71	291.05	168.85	254.01	37.05
	272.46	254.52	271.33	244.01	10.57
	457.42	238.03	457.71	249.00	10.98
	579.07	238.00	580.15	247.00	9.06
	538.13	239.04	538.34	248.05	9.02
	545.44	238.75	546.03	248.00	9.27
	455.47	241.94	456.07	253.98	12.06
	299.75	258.02	300.28	289.01	31.00
	319.75	246.10	320.42	252.00	5.94
	59.69	250.84	58.90	289.01	38.17
	54.46	252.89	54.43	288.95	36.06
	172.67	252.71	172.87	291.98	39.27
	588.00	253.00	589.17	263.18	10.25
	596.56	252.94	598.19	274.00	21.13
	480.33	253.92	481.32	284.02	30.11
	208.78	259.00	212.09	292.99	34.15
	546.17	254.99	546.76	263.04	8.07
	529.09	255.98	529.16	263.95	7.97
	243.85	288.01	243.03	259.00	29.02
	268.97	257.17	271.34	292.87	35.78
	448.47	256.53	449.42	289.07	32.55
	451.22	257.07	451.71	265.02	7.97
	67.37	257.57	67.95	265.00	7.45
	76.00	258.00	76.03	267.00	9.00
	133.58	258.01	134.01	266.99	9.00
	237.85	261.03	238.74	289.96	28.94
	97.58	258.97	100.67	292.03	33.21
	188.65	258.62	188.91	267.99	9.37
	328.05	260.00	328.28	267.97	7.98
	220.79	260.91	220.96	268.00	7.09
	282.80	261.82	283.03	270.03	8.21
	547.85	275.01	547.01	266.00	9.05
	538.88	266.03	539.38	276.04	10.01
	555.16	265.98	555.83	275.00	9.05
	589.47	266.01	590.16	271.98	6.01
	457.25	266.95	457.44	277.99	11.04
	462.03	266.99	462.75	276.95	9.98
	134.92	267.78	135.02	287.98	20.20
	453.12	289.99	452.94	267.94	22.05
	200.82	268.95	200.50	289.81	20.86
	68.11	270.01	68.11	280.00	9.99
	80.89	270.00	81.01	279.00	9.01
	110.03	269.98	109.89	280.00	10.02
	266.65	270.12	267.38	287.90	17.80
	120.97	273.00	120.83	281.04	8.04
	189.11	273.00	189.13	281.03	8.03
	220.76	273.17	221.34	282.01	8.86
	228.68	273.09	229.10	282.01	8.94
	89.00	277.00	88.86	287.99	10.99
	241.42	274.29	241.52	282.30	8.02
	532.06	288.93	531.68	279.20	9.74
	598.91	278.02	599.44	283.96	5.96
	459.88	279.00	460.11	290.05	11.05
	524.69	279.00	524.82	286.98	7.98
	548.24	278.92	548.79	285.02	6.12
	556.41	278.94	556.50	286.07	7.12
	69.36	283.07	69.15	289.96	6.90
	81.06	283.00	81.10	290.03	7.03
	117.97	283.00	118.69	290.00	7.04
	104.16	283.91	104.05	289.00	5.09
	221.44	291.00	221.43	285.98	5.01
	228.96	285.01	229.55	290.93	5.95
	618.27	308.76	617.02	297.01	11.81
	458.51	301.01	459.91	324.05	23.08
	572.40	298.95	572.37	307.98	9.03
	533.66	300.04	536.26	335.02	35.08
	599.58	301.04	600.49	310.09	9.09
	528.16	301.05	528.51	310.75	9.70
	592.08	301.00	592.48	310.17	9.18
	141.34	312.00	141.55	303.13	8.87
	169.50	302.15	170.16	320.98	18.84
	243.69	302.16	244.06	310.05	7.90
	584.02	302.00	584.50	310.17	8.18
	251.21	339.00	250.13	305.00	34.02
	268.50	303.98	269.72	337.09	33.13
	613.41	333.01	611.43	312.00	21.11
	576.80	310.02	578.38	333.96	23.99
	529.66	312.13	529.89	334.99	22.87
	600.91	312.00	601.03	320.00	8.00
	584.90	313.00	585.08	321.01	8.02
	592.68	312.95	593.23	320.00	7.07
	254.69	320.95	254.97	326.00	5.05
	484.18	323.01	484.93	331.01	8.03
	462.56	325.05	463.01	336.00	10.96
	213.60	325.95	214.58	343.04	17.11
	206.88	330.95	207.25	343.13	12.18
	199.14	332.00	199.10	343.00	11.01
	78.85	332.99	78.87	342.94	9.95
	183.81	333.04	184.01	343.00	9.97
	93.93	333.99	94.13	343.00	9.01
	117.39	335.14	117.30	340.97	5.84
	70.44	336.05	70.41	342.04	5.99
	102.21	335.99	102.07	341.00	5.00
	244.28	382.03	243.68	347.09	34.94
	530.83	343.33	531.41	351.00	7.69
	573.31	342.15	575.87	391.05	48.96
	577.83	342.17	583.00	391.00	49.11
	57.49	348.99	58.35	400.96	51.98
	614.96	365.00	618.17	390.97	26.17
	54.32	348.98	54.56	356.97	8.00
	141.80	344.88	140.28	391.97	47.12
	171.20	345.00	172.25	367.98	23.00
	627.46	345.06	627.16	381.98	36.91
	131.87	400.00	131.11	350.01	50.00
	249.74	346.14	249.88	355.99	9.85
	466.17	345.95	466.73	351.95	6.03
	536.86	346.02	540.39	393.77	47.89
	586.47	346.59	587.58	355.78	9.25
	595.17	346.98	595.85	354.97	8.02
	602.83	346.85	603.02	356.31	9.46
	448.04	348.98	453.01	394.96	46.25
	206.81	352.10	208.31	396.98	44.91
	532.89	353.13	533.55	362.05	8.95
	79.02	353.00	78.92	363.00	10.00
	101.96	353.00	102.12	372.02	19.02
	110.00	353.00	109.87	367.00	14.00
	117.78	353.00	117.85	360.00	7.01
	199.64	353.08	199.93	358.99	5.92
	154.07	368.00	153.96	358.99	9.01
	588.07	360.00	588.24	366.96	6.97
	249.43	358.13	250.33	378.01	19.90
	619.12	360.08	622.27	391.11	31.19
	164.54	360.84	164.35	366.94	6.11
	247.74	361.95	247.64	370.05	8.11
	201.13	362.99	202.31	394.00	31.03
	259.50	362.97	259.46	367.99	5.01
	622.03	362.98	622.75	369.06	6.13
	577.06	364.33	577.36	370.95	6.63
	457.79	366.05	460.71	395.10	29.20
	71.35	367.00	71.44	377.31	10.31
	79.34	367.02	79.10	377.00	9.98
	467.87	367.01	468.22	375.99	8.98
	238.99	368.00	238.98	375.00	7.00
	137.43	369.00	137.37	385.03	16.03
	597.42	370.97	598.01	376.00	5.06
	54.99	372.00	55.51	384.66	12.68
	159.62	371.93	160.10	381.06	9.14
	562.10	372.00	562.25	377.02	5.02
	605.51	372.94	605.90	379.01	6.08
	554.49	375.95	555.89	389.01	13.13
	172.50	377.02	173.03	399.00	21.99
	531.97	376.96	532.82	385.79	8.86
	629.32	377.08	629.97	384.01	6.95
	14.16	378.98	13.87	388.00	9.03
	111.08	380.02	110.81	387.98	7.96
	548.26	379.95	548.94	390.01	10.08
	605.88	381.11	606.12	389.01	7.90
	63.10	381.02	63.19	388.00	6.98
	71.00	381.00	71.06	388.00	7.00
	589.57	381.88	590.03	387.00	5.14
	79.05	383.01	79.14	390.00	6.99
	533.86	387.02	534.32	392.78	5.78
	468.56	388.12	469.09	394.04	5.95
	632.27	400.02	632.98	419.01	19.00
	618.02	401.00	618.83	421.02	20.03
	506.19	401.97	507.18	410.67	8.76
	513.94	410.86	513.72	403.10	7.76
	488.92	403.01	489.38	411.09	8.10
	531.10	403.00	531.24	419.99	17.00
	606.10	421.00	605.38	406.13	14.88
	555.28	420.98	555.15	407.06	13.92
	386.34	407.01	387.38	420.98	14.01
	172.64	408.10	172.23	420.95	12.86
	14.96	409.01	15.10	420.96	11.95
	143.70	409.03	144.13	421.01	11.98
	149.07	409.01	149.29	420.99	11.98
	152.98	409.00	153.74	421.00	12.03
	164.23	408.99	164.37	420.99	12.00
	455.14	410.50	455.07	421.00	10.50
	560.92	408.99	562.35	420.99	12.09
	19.20	410.03	19.20	417.97	7.94
	24.43	409.92	24.98	421.00	11.09
	126.18	409.93	126.31	420.95	11.02
	157.78	410.12	157.82	416.01	5.90
	445.87	410.06	446.33	421.01	10.96
	45.52	411.06	46.15	418.02	6.99
	58.54	410.92	58.78	421.01	10.10
	371.96	411.01	372.18	417.00	6.00
	488.77	411.89	489.57	421.00	9.15
	568.12	411.94	568.17	421.01	9.06
	483.84	412.93	484.06	421.00	8.07
	512.29	412.99	513.14	420.98	8.03
	495.64	413.96	496.26	420.97	7.04
	609.37	414.12	609.62	421.02	6.91
	624.19	413.98	624.15	421.00	7.01
	525.61	414.99	525.95	421.01	6.03
234
	436.06	11.58	424.00	13.01	12.14
	540.01	6.99	556.38	5.18	16.47
	413.99	6.90	423.18	6.39	9.20
	215.04	11.17	185.98	15.08	29.32
	451.92	16.27	489.01	11.18	37.44
	538.88	12.95	548.04	11.85	9.23
	618.04	13.29	626.01	13.25	7.97
	249.00	14.00	255.91	13.79	6.91
	554.02	16.17	566.97	14.44	13.06
	592.01	15.34	601.06	14.43	9.10
	631.02	16.75	601.98	20.34	29.26
	461.14	19.63	488.00	19.15	26.87
	523.30	21.61	554.16	20.50	30.88
	521.01	23.66	514.97	23.63	6.03
	555.84	21.52	569.18	20.60	13.37
	359.08	23.40	352.99	23.67	6.10
	431.55	32.55	442.93	32.32	11.38
	467.93	25.80	495.00	25.01	27.08
	594.98	26.85	634.00	25.00	39.06
	544.86	28.75	592.00	26.80	47.19
	530.80	27.97	522.99	28.87	7.86
	536.00	28.47	543.05	28.18	7.05
	130.96	30.71	148.01	30.47	17.05
	387.06	34.29	419.96	30.17	33.16
	472.00	31.33	497.01	30.38	25.03
	586.99	33.61	633.99	29.93	47.15
	149.06	31.74	158.98	31.58	9.92
	537.06	33.14	553.04	32.59	16.00
	528.07	33.47	534.87	33.32	6.81
	555.99	34.10	583.03	32.55	27.09
	586.01	37.97	634.02	35.69	48.07
	344.93	33.59	361.05	33.70	16.12
	420.05	35.49	396.78	35.75	23.28
	516.02	40.81	553.96	39.33	37.97
	136.00	38.00	141.93	37.84	5.93
	369.00	37.97	437.98	37.67	68.99
	599.01	39.91	607.03	39.30	8.04
	556.63	40.76	574.02	39.61	17.43
	254.96	42.38	336.99	42.98	82.04
	21.79	44.17	4.20	45.36	17.63
	369.05	43.67	439.96	42.84	70.91
	237.97	44.08	255.01	43.65	17.05
	602.99	49.36	618.02	49.62	15.03
	4.01	51.77	10.00	51.79	5.99
	577.90	53.73	583.04	53.92	5.14
	344.03	54.92	363.96	55.15	19.93
	277.02	58.06	282.04	57.84	5.03
	309.97	58.93	315.26	58.57	5.30
	494.01	65.14	502.93	64.79	8.92
	86.96	64.32	112.01	64.91	25.06
	145.03	64.11	151.02	63.76	6.00
	555.00	64.00	560.92	63.83	5.93
	344.00	65.00	364.82	65.44	20.83
	564.96	67.58	578.99	66.89	14.04
	607.90	65.71	616.16	65.55	8.26
	139.01	66.82	154.88	67.32	15.88
	371.02	68.70	376.05	68.30	5.04
	523.95	69.45	542.93	67.77	19.06
	363.79	71.69	346.03	72.09	17.77
	423.83	70.70	433.04	70.89	9.22
	198.01	96.95	239.85	99.27	41.90
	373.00	77.50	399.94	78.75	26.98
	610.00	77.99	615.97	77.88	5.97
	566.07	78.89	578.53	78.51	12.46
	167.05	80.79	177.44	81.32	10.40
	537.19	82.19	550.01	81.31	12.85
	607.00	84.00	616.10	84.50	9.11
	524.01	82.08	536.07	81.64	12.07
	267.00	83.91	290.04	84.89	23.06
	306.00	85.00	329.07	85.24	23.07
	373.09	85.21	398.98	84.56	25.90
	3.97	85.85	27.83	86.73	23.87
	248.09	87.42	255.02	87.43	6.94
	607.00	88.01	618.98	87.62	11.98
	295.96	99.41	338.06	100.46	42.12
	486.02	89.08	500.92	89.16	14.90
	53.00	89.97	93.10	92.56	40.18
	139.99	90.91	155.03	91.70	15.06
	419.01	94.67	434.99	94.18	15.99
	529.08	92.56	537.01	92.59	7.93
	246.04	93.48	256.00	92.99	9.97
	8.04	95.13	18.02	94.56	9.99
	521.97	96.52	600.96	94.26	79.02
	165.02	95.27	196.04	96.61	31.05
	54.87	153.06	86.06	154.51	31.23
	54.97	96.16	68.01	96.52	13.04
	348.01	96.14	361.94	96.38	13.94
	472.06	98.10	507.02	98.88	34.97
	265.99	97.79	294.97	99.53	29.03
	373.01	99.11	445.00	99.00	71.99
	565.04	100.51	597.00	99.04	32.00
	165.80	101.41	196.89	102.33	31.11
	523.00	102.04	555.01	101.18	32.03
	608.04	102.37	620.01	102.20	11.97
	207.01	102.53	235.94	103.24	28.95
	246.09	103.72	256.97	104.26	10.90
	266.01	103.94	295.99	104.21	29.98
	305.02	104.36	335.00	105.01	29.99
	371.81	104.15	403.98	104.32	32.17
	413.04	104.43	443.00	103.84	29.96
	565.91	104.58	578.07	104.32	12.16
	580.96	104.49	586.09	104.43	5.14
	207.00	107.32	230.01	107.97	23.01
	247.04	107.72	258.02	107.75	10.98
	266.99	108.34	290.00	108.67	23.01
	413.95	108.50	440.55	108.51	26.60
	306.01	108.81	331.51	110.16	25.54
	330.08	160.24	317.86	159.54	12.24
	111.00	110.17	120.01	110.33	9.01
	484.06	110.15	489.96	110.27	5.91
	493.02	110.30	500.98	110.42	7.97
	573.95	114.70	594.14	114.23	20.20
	166.10	114.87	184.99	115.71	18.91
	247.07	115.96	255.09	116.36	8.03
	523.94	116.73	543.96	116.28	20.03
	179.04	126.05	166.13	125.70	12.92
	208.00	117.03	230.00	116.96	22.00
	267.00	117.99	290.00	118.13	23.01
	318.97	118.40	330.02	118.29	11.05
	375.01	119.16	383.95	118.85	8.95
	208.01	127.84	217.99	128.19	9.99
	219.89	128.28	226.97	128.36	7.09
	247.00	128.00	256.01	128.06	9.01
	376.02	128.35	399.00	129.07	22.99
	268.01	128.88	284.99	129.21	16.99
	306.96	129.42	324.01	129.17	17.05
	9.93	129.53	15.93	130.23	6.03
	610.14	142.84	621.91	142.89	11.78
	149.95	143.71	141.43	143.45	8.53
	568.00	135.97	595.05	135.29	27.06
	355.03	135.94	365.90	136.19	10.87
	167.97	137.36	186.00	137.94	18.04
	167.21	147.90	179.00	149.00	11.84
	207.86	139.36	232.08	139.42	24.22
	429.90	139.41	440.02	139.85	10.13
	532.08	147.90	538.98	148.05	6.90
	540.92	147.14	546.06	147.56	5.16
	267.98	139.75	286.11	140.38	18.14
	306.97	140.12	325.92	140.29	18.95
	379.92	139.70	385.97	139.68	6.05
	14.02	144.18	26.94	145.18	12.96
	153.01	143.93	158.01	144.16	5.00
	110.94	145.40	122.01	146.08	11.08
	567.86	146.40	595.01	145.70	27.16
	4.00	149.97	39.00	151.12	35.02
	209.00	149.99	232.00	150.20	23.00
	269.01	149.86	286.98	149.94	17.97
	312.29	150.77	317.91	150.73	5.62
	435.01	149.98	441.00	150.07	5.99
	245.98	152.39	263.36	154.63	17.52
	476.95	153.40	488.92	153.33	11.97
	348.35	155.59	365.04	155.89	16.69
	606.97	155.54	626.05	155.37	19.08
	16.09	155.75	36.02	157.93	20.04
	98.07	155.66	127.90	156.61	29.85
	436.03	159.23	415.12	157.37	20.99
	603.15	156.31	634.00	157.97	30.90
	136.97	157.25	164.03	158.67	27.10
	288.00	160.06	269.05	158.79	18.99
	476.99	157.58	504.02	157.43	27.03
	14.02	159.69	38.00	162.15	24.10
	92.95	159.54	129.02	161.11	36.10
	134.01	160.06	219.01	162.03	85.03
	346.01	160.62	351.07	160.66	5.06
	360.98	160.55	369.01	160.71	8.03
	253.99	161.40	259.08	161.63	5.10
	57.13	163.46	69.98	164.10	12.86
	242.07	163.65	298.09	164.14	56.03
	342.05	163.53	395.01	164.11	52.96
	483.83	163.55	504.02	163.86	20.18
	99.00	164.43	117.99	165.59	19.02
	219.98	163.89	240.01	164.08	20.03
	575.25	163.93	603.93	165.15	28.71
	19.15	165.30	35.98	166.64	16.88
	310.02	164.81	336.01	165.03	25.98
	154.95	166.06	162.98	166.74	8.06
	11.98	167.20	31.01	169.92	19.22
	530.03	167.24	538.85	167.59	8.82
	190.00	169.21	209.05	170.94	19.13
	121.02	170.13	126.27	170.67	5.28
	288.26	170.60	298.11	171.91	9.94
	320.00	173.02	326.04	173.29	6.05
	379.88	173.45	385.13	173.73	5.26
	461.07	174.16	470.99	175.02	9.96
	10.97	176.47	43.20	179.44	32.37
	502.90	177.43	513.01	177.61	10.12
	119.02	176.85	124.79	177.18	5.78
	13.03	181.90	20.99	183.14	8.05
	270.97	183.13	276.03	183.84	5.12
	495.98	183.63	507.82	184.43	11.86
	19.92	185.56	30.03	187.13	10.23
	9.08	189.86	16.97	190.86	7.96
	349.05	197.17	357.04	197.68	8.00
	437.01	197.72	442.96	198.55	6.01
	209.98	198.42	216.99	199.03	7.04
	247.99	198.11	276.91	199.38	28.95
	228.99	198.69	234.02	199.43	5.08
	285.55	199.31	295.09	199.83	9.56
	310.00	199.05	316.06	199.64	6.09
	328.00	199.01	333.74	199.65	5.77
	506.00	201.57	522.95	202.71	16.99
	142.07	201.41	244.01	208.29	102.17
	533.03	202.33	552.04	204.72	19.16
	375.99	206.88	403.04	208.20	27.08
	10.15	212.42	16.99	213.83	6.98
	482.79	211.67	500.99	213.12	18.26
	591.87	214.59	602.03	216.19	10.29
	120.91	217.58	127.00	218.46	6.16
	347.98	218.73	355.99	219.18	8.03
	128.03	220.07	134.01	220.95	6.04
	150.00	225.00	155.95	225.95	6.03
	544.00	230.01	554.94	231.14	10.99
	501.02	233.60	521.18	235.32	20.23
	12.01	238.91	16.91	240.21	5.07
	506.01	243.90	517.00	245.82	11.15
	465.94	252.34	476.01	253.92	10.19
	211.93	256.12	230.97	258.32	19.17
	16.00	265.25	27.98	268.72	12.47
	555.76	275.87	562.00	277.15	6.37
	313.05	282.10	319.01	282.97	6.02
	45.01	292.46	57.96	296.51	13.56
	94.00	294.00	101.11	295.70	7.31
	512.12	295.93	527.95	298.54	16.04
	270.00	296.96	288.09	299.79	18.31
	213.02	309.75	226.99	313.03	14.35
	157.21	314.11	165.22	316.46	8.35
	488.89	328.63	495.07	329.73	6.27
	149.96	332.75	160.99	335.76	11.43
	513.98	334.69	535.99	338.66	22.36
	589.99	337.95	604.02	339.88	14.16
	514.02	340.82	529.96	343.16	16.11
	504.17	352.46	513.00	354.73	9.12
	524.29	410.74	529.96	412.25	5.87
	129.04	413.24	134.22	415.36	5.60
