vx	vy	vz	score	numLines
0.03201131	0.99948751	0.00003119	5495.64	488
0.98108951	0.19355274	0.00084074	3418.86	208
-0.43885434	0.89855683	-0.00157762	441.06	168

nLines	x1	y1	x2	y2	length
488
	324.37	11.53	324.04	20.46	8.93
	140.26	3.93	140.26	9.08	5.15
	448.33	3.95	447.92	12.01	8.07
	486.66	3.96	486.80	9.99	6.03
	516.32	4.00	516.08	18.99	14.99
	519.63	4.00	519.85	9.00	5.01
	524.06	4.00	524.26	9.99	5.99
	527.83	4.00	527.97	12.00	8.00
	541.68	3.99	541.86	23.00	19.01
	566.07	4.00	565.95	33.07	29.07
	571.41	4.00	571.99	27.00	23.01
	575.96	4.00	576.40	28.95	24.95
	587.80	4.00	588.03	35.00	31.01
	614.93	4.00	615.52	49.98	45.98
	619.46	4.10	617.84	46.03	41.96
	623.60	3.99	623.90	44.98	40.99
	306.03	9.02	306.42	15.97	6.96
	246.96	14.02	247.83	31.87	17.88
	164.58	18.22	164.68	32.97	14.75
	266.52	17.96	265.99	31.00	13.05
	488.98	18.00	488.82	24.99	7.00
	93.05	23.94	93.96	46.98	23.06
	226.19	19.10	225.92	26.00	6.91
	344.32	19.95	344.44	32.00	12.05
	385.78	43.21	386.07	28.06	15.15
	524.43	27.96	524.57	34.99	7.04
	89.87	33.10	90.20	39.83	6.74
	236.62	35.97	236.42	41.11	5.15
	402.31	36.00	402.50	45.05	9.05
	145.91	37.00	146.55	53.05	16.06
	99.48	37.54	99.59	58.03	20.49
	155.57	39.01	155.66	44.01	5.00
	418.70	39.16	418.75	51.25	12.09
	115.96	41.00	116.26	60.00	19.00
	353.40	40.99	353.84	51.02	10.04
	125.34	42.00	125.53	62.94	20.93
	221.63	46.56	221.55	66.08	19.52
	453.02	45.02	452.77	57.03	12.01
	391.30	46.88	391.65	62.03	15.15
	397.12	50.01	397.71	61.99	11.99
	466.35	51.83	466.97	61.00	9.19
	407.68	53.03	408.01	59.14	6.12
	261.76	58.96	261.50	72.90	13.94
	267.55	61.23	268.02	67.00	5.79
	407.19	60.95	407.61	66.99	6.05
	95.15	61.99	94.90	70.96	8.97
	100.41	61.92	100.36	83.96	22.03
	510.32	61.76	510.81	70.97	9.23
	42.74	62.92	42.96	70.97	8.05
	107.45	63.09	107.30	85.03	21.93
	237.13	64.01	238.74	124.98	60.99
	401.69	63.92	401.13	75.96	12.05
	116.58	65.00	117.73	87.01	22.04
	245.91	64.96	249.74	194.95	130.05
	221.91	70.02	222.12	85.99	15.97
	125.96	67.00	125.50	87.95	20.96
	471.62	67.06	471.36	75.78	8.72
	241.28	71.09	243.69	103.17	32.18
	446.19	70.96	450.97	256.00	185.10
	545.97	72.01	546.03	79.01	7.00
	433.78	76.03	433.67	87.16	11.13
	441.54	73.96	440.30	130.99	57.05
	443.99	140.00	443.78	116.01	23.99
	350.61	77.03	351.00	88.00	10.97
	531.58	81.07	531.16	95.99	14.93
	147.20	81.97	146.62	96.12	14.16
	275.89	81.99	276.11	90.02	8.04
	327.55	82.07	328.35	96.12	14.07
	333.50	82.02	333.58	96.93	14.90
	345.92	81.97	346.04	87.83	5.86
	582.91	81.99	583.15	87.99	6.00
	156.34	84.13	156.10	94.03	9.90
	223.51	85.38	225.23	103.97	18.66
	337.96	86.01	338.79	108.85	22.86
	221.41	89.03	222.38	108.11	19.11
	95.95	88.01	95.94	93.03	5.01
	100.79	87.96	101.07	109.00	21.04
	566.00	88.00	565.49	98.96	10.97
	107.48	89.03	108.48	110.71	21.70
	568.76	89.02	569.62	100.91	11.92
	614.31	89.03	614.74	95.97	6.95
	117.21	90.03	118.58	112.02	22.03
	261.96	89.99	262.03	94.99	5.00
	424.09	89.95	424.52	110.01	20.07
	126.33	90.89	127.37	112.89	22.03
	511.28	91.07	510.90	101.03	9.96
	579.62	91.11	579.35	98.03	6.92
	429.26	91.99	429.20	103.12	11.14
	622.47	91.98	622.50	97.00	5.02
	350.71	92.91	350.59	107.32	14.41
	588.58	94.02	588.33	103.03	9.01
	404.20	94.99	404.76	106.99	12.02
	212.54	96.01	212.41	104.85	8.84
	462.95	97.00	464.44	116.97	20.03
	322.20	98.05	322.04	114.99	16.94
	346.01	98.00	345.94	104.00	6.00
	202.02	99.00	201.73	105.93	6.94
	327.69	99.01	328.34	116.07	17.08
	333.64	100.00	333.85	116.00	16.00
	484.94	102.02	484.84	111.99	9.97
	562.25	101.87	561.78	112.03	10.17
	433.78	107.19	434.29	118.03	10.85
	133.60	104.94	133.58	113.02	8.08
	592.58	108.97	592.68	117.02	8.05
	3.58	106.11	4.20	120.95	14.85
	519.73	105.87	520.20	125.99	20.12
	73.11	106.96	73.51	116.57	9.62
	225.30	106.92	225.70	125.97	19.05
	466.37	107.15	466.30	114.07	6.92
	164.10	107.96	164.88	116.28	8.35
	340.57	111.41	339.91	156.99	45.59
	527.86	118.03	528.17	148.98	30.95
	539.06	110.98	538.97	120.00	9.02
	351.15	111.94	351.90	123.98	12.07
	101.43	112.93	101.57	135.07	22.14
	96.39	114.05	97.69	133.97	19.97
	108.26	114.04	109.03	135.99	21.96
	117.97	115.00	118.17	134.99	20.00
	398.82	114.99	399.18	131.88	16.90
	614.75	115.01	614.62	123.74	8.73
	127.55	115.96	127.73	137.01	21.05
	321.64	117.05	322.81	135.04	18.03
	485.07	116.99	485.29	127.04	10.05
	412.35	117.99	413.31	146.99	29.02
	569.27	117.98	570.02	136.00	18.03
	276.61	118.95	276.58	134.96	16.00
	328.00	119.00	328.48	134.00	15.00
	511.59	118.73	511.23	130.88	12.16
	333.99	120.00	334.27	136.00	16.01
	266.19	121.08	265.70	132.07	11.00
	466.71	120.94	467.32	134.97	14.04
	470.19	122.01	471.30	151.99	30.00
	586.48	121.99	586.49	129.99	8.01
	91.73	126.11	92.03	136.98	10.87
	539.03	126.01	538.98	135.00	9.00
	4.76	126.95	5.36	142.92	15.98
	225.14	128.02	226.29	147.96	19.98
	238.54	127.97	239.80	168.97	41.02
	620.90	128.03	620.60	137.81	9.79
	133.45	128.85	134.82	170.01	41.19
	520.15	130.00	520.56	140.97	10.97
	523.37	130.01	523.74	141.98	11.97
	223.33	131.88	223.46	137.10	5.22
	404.64	135.09	405.00	149.00	13.91
	586.60	133.95	586.69	143.01	9.06
	19.14	135.01	19.32	141.00	5.99
	399.07	135.00	399.83	146.98	12.00
	593.29	134.98	593.47	142.99	8.02
	515.37	136.03	515.06	146.95	10.92
	322.56	137.11	323.26	154.96	17.86
	263.23	137.84	264.14	151.97	14.16
	571.45	138.00	572.27	148.99	11.02
	101.95	138.99	102.31	159.97	20.98
	109.07	139.02	109.38	161.07	22.06
	328.56	139.02	329.78	155.96	16.98
	334.34	139.05	335.27	157.01	17.98
	425.36	138.98	425.94	152.02	13.05
	13.80	139.93	14.16	144.98	5.06
	118.56	140.00	119.77	161.96	22.00
	127.92	141.00	128.30	161.97	20.98
	279.03	141.01	279.35	146.94	5.94
	615.22	140.99	615.42	147.91	6.91
	268.80	141.99	269.37	152.86	10.88
	441.32	141.98	440.23	211.00	69.03
	19.29	143.04	20.13	153.24	10.24
	634.45	143.00	634.64	150.92	7.93
	454.30	144.03	455.23	154.95	10.96
	523.62	145.11	524.11	157.00	11.90
	566.59	144.89	566.62	154.06	9.17
	275.35	145.97	275.41	152.93	6.96
	415.77	186.94	415.94	146.95	39.99
	486.10	146.99	486.17	157.03	10.05
	351.96	148.02	352.03	162.94	14.92
	358.05	163.51	357.65	148.92	14.59
	442.62	147.94	445.17	240.99	93.08
	520.86	147.99	520.49	155.99	8.01
	65.21	149.01	66.24	163.92	14.94
	398.99	149.00	398.98	165.00	16.00
	589.71	149.04	589.59	156.06	7.02
	5.15	149.95	5.95	190.98	41.03
	10.57	189.81	9.63	178.93	10.92
	149.57	150.24	149.78	168.00	17.76
	225.96	151.01	226.98	169.00	18.02
	572.34	150.98	572.36	162.83	11.85
	405.07	151.99	405.99	166.00	14.03
	528.58	151.83	528.30	198.08	46.25
	619.39	152.91	619.30	160.97	8.07
	223.99	175.00	224.32	189.05	14.05
	471.39	154.13	471.92	168.99	14.86
	539.22	153.95	539.27	163.97	10.03
	425.50	155.03	426.07	167.98	12.96
	223.64	156.00	223.93	171.97	15.97
	367.44	156.94	367.51	161.96	5.01
	430.64	156.81	430.78	166.02	9.21
	323.24	158.05	323.80	175.03	16.99
	562.89	158.00	562.75	166.00	8.00
	264.36	158.96	264.29	165.11	6.15
	334.78	159.00	335.09	175.95	16.96
	593.60	160.38	593.72	169.04	8.65
	459.75	161.00	459.31	170.07	9.08
	520.70	160.96	520.98	172.00	11.05
	524.24	161.02	524.16	172.91	11.89
	586.75	162.02	587.06	169.00	6.99
	622.10	162.04	622.91	206.00	43.97
	313.07	163.04	313.36	170.79	7.76
	467.59	163.00	467.88	168.01	5.02
	486.18	162.92	486.64	173.95	11.04
	102.51	163.92	102.81	185.00	21.09
	109.31	164.07	109.72	185.00	20.93
	490.25	163.98	490.81	173.03	9.07
	573.89	164.03	573.51	189.98	25.95
	119.39	164.96	119.68	187.03	22.07
	615.94	164.96	615.64	173.00	8.04
	96.92	169.05	98.30	184.97	15.97
	128.65	166.03	128.44	187.04	21.01
	352.26	165.94	352.16	177.01	11.07
	364.86	166.01	364.95	179.00	13.00
	399.93	169.07	400.38	183.19	14.13
	434.86	167.05	435.99	184.00	16.99
	539.50	167.08	539.55	178.02	10.94
	263.95	167.98	264.28	173.97	6.00
	405.34	168.02	406.01	182.00	14.00
	377.87	170.95	377.56	178.03	7.09
	471.74	171.03	473.03	186.00	15.03
	239.77	172.03	239.83	190.97	18.94
	388.97	172.00	389.36	182.83	10.84
	426.04	171.99	426.26	184.91	12.93
	566.87	172.05	567.15	180.97	8.93
	226.54	172.98	227.51	191.04	18.08
	134.82	173.98	134.37	189.98	16.00
	172.63	173.94	172.99	181.00	7.06
	465.63	174.82	466.38	184.00	9.21
	587.21	174.99	587.14	182.02	7.03
	169.11	189.96	167.91	175.95	14.07
	456.13	175.99	455.73	186.07	10.09
	521.04	176.00	521.25	187.98	11.98
	524.65	176.03	524.93	187.99	11.97
	323.22	177.03	324.32	194.00	17.00
	486.69	176.92	486.81	189.12	12.20
	462.11	179.07	462.11	185.99	6.92
	475.54	177.91	476.54	190.68	12.81
	282.44	179.03	282.44	187.01	7.98
	329.72	178.98	330.21	195.00	16.03
	335.47	178.98	335.93	195.00	16.02
	546.73	181.22	547.25	191.00	9.79
	182.80	181.98	182.96	187.00	5.02
	340.92	182.02	341.65	197.85	15.85
	540.16	181.93	539.92	192.01	10.08
	264.14	183.03	264.52	193.99	10.97
	405.54	184.12	406.22	198.00	13.90
	359.45	185.04	359.54	197.98	12.94
	400.24	185.04	400.99	199.00	13.98
	415.50	187.94	415.24	201.12	13.18
	472.04	188.00	472.30	200.98	12.99
	394.85	188.98	395.12	202.97	13.99
	426.26	188.94	426.91	204.00	15.07
	431.14	190.01	431.89	202.98	12.99
	616.27	189.97	616.70	198.05	8.10
	521.42	191.04	521.94	202.00	10.97
	525.01	191.00	525.28	203.00	12.01
	460.42	191.99	461.06	200.98	9.02
	466.44	191.95	466.61	200.93	8.99
	573.56	192.11	573.77	204.01	11.91
	456.08	192.99	455.70	203.94	10.96
	483.95	193.01	484.03	202.47	9.46
	487.69	193.97	488.60	212.02	18.07
	516.62	194.00	517.06	206.00	12.01
	77.20	196.96	77.27	202.16	5.20
	174.36	196.99	174.49	204.00	7.01
	543.82	197.01	543.80	207.02	10.01
	567.62	198.97	568.08	206.00	7.04
	153.03	199.97	153.33	204.98	5.02
	160.34	213.03	160.09	226.04	13.01
	223.94	212.98	224.17	220.93	7.95
	88.30	214.78	88.33	220.94	6.16
	271.49	215.00	271.45	222.04	7.04
	395.64	216.87	395.33	224.96	8.10
	155.09	217.99	155.03	225.00	7.01
	427.73	217.92	427.67	224.99	7.07
	440.78	218.05	442.12	242.02	24.01
	461.49	219.98	461.30	226.82	6.85
	490.95	219.99	491.22	226.99	7.01
	521.50	220.00	521.81	226.03	6.04
	572.10	219.94	571.94	226.01	6.08
	568.01	221.00	568.39	226.90	5.91
	588.86	221.06	588.94	227.01	5.95
	170.93	222.98	170.70	247.01	24.03
	622.06	222.99	622.22	228.99	6.00
	260.13	227.94	259.84	237.99	10.05
	571.54	230.32	572.41	241.00	10.72
	595.18	230.14	595.90	239.03	8.92
	323.99	231.00	323.88	236.95	5.95
	437.15	231.00	437.34	236.96	5.96
	456.93	243.94	456.60	232.05	11.89
	565.10	230.94	565.50	240.97	10.03
	589.18	230.94	589.58	240.96	10.03
	354.04	231.93	354.03	249.01	17.08
	401.17	232.05	401.66	240.87	8.84
	427.80	231.99	427.47	242.98	11.00
	488.62	231.97	488.16	252.99	21.02
	367.52	232.80	367.20	243.08	10.29
	622.96	233.01	623.39	240.99	8.00
	617.64	233.97	617.24	242.01	8.05
	514.05	234.98	514.45	239.98	5.02
	99.63	236.55	99.99	249.99	13.44
	548.69	242.41	548.95	250.00	7.59
	515.06	242.93	515.23	252.02	9.08
	364.08	246.00	364.97	258.00	12.03
	378.77	246.03	379.10	257.01	10.98
	461.34	246.07	461.75	254.02	7.96
	287.37	246.98	287.91	254.98	8.02
	299.76	246.99	299.63	260.06	13.07
	316.93	246.99	317.49	258.99	12.01
	374.22	247.09	374.28	257.11	10.02
	406.10	247.01	406.33	256.03	9.02
	278.54	248.03	279.10	261.00	12.98
	327.62	247.87	327.63	254.02	6.15
	247.85	249.00	248.31	262.05	13.06
	433.66	250.03	433.62	255.05	5.02
	112.54	251.22	112.19	269.04	17.83
	420.51	250.87	420.65	256.04	5.17
	68.63	255.03	69.90	269.99	15.02
	39.05	259.00	38.64	273.11	14.11
	446.51	260.99	448.18	378.02	117.04
	518.73	258.86	519.18	267.95	9.10
	451.11	261.01	453.76	375.98	115.00
	428.52	261.72	428.81	272.99	11.27
	507.19	261.97	507.70	269.94	7.98
	4.86	263.10	5.76	273.02	9.96
	413.03	263.00	413.46	284.94	21.94
	433.60	262.93	433.79	273.02	10.09
	355.63	264.84	355.99	271.00	6.17
	335.89	265.97	335.87	278.99	13.01
	362.07	265.99	362.08	271.98	5.99
	323.48	267.03	322.97	279.00	11.98
	317.09	268.01	317.35	278.98	10.97
	252.44	268.97	254.00	288.00	19.09
	266.28	270.16	267.15	284.93	14.79
	498.02	272.98	497.56	283.72	10.74
	343.97	290.99	343.62	276.95	14.05
	153.56	274.00	154.13	291.00	17.01
	437.89	276.79	438.90	289.02	12.27
	457.28	275.05	457.91	282.92	7.90
	90.57	276.10	90.68	282.96	6.86
	134.76	275.98	134.97	287.00	11.02
	218.27	276.16	218.02	284.98	8.82
	100.82	277.00	100.27	291.89	14.90
	258.94	280.98	258.75	286.17	5.19
	391.44	280.73	391.89	293.06	12.34
	519.25	288.01	519.50	296.00	7.99
	489.72	290.00	490.34	301.06	11.08
	467.75	291.05	468.57	306.02	15.00
	494.67	290.99	494.87	300.02	9.03
	233.52	293.14	234.69	307.15	14.06
	443.46	293.01	443.54	339.98	46.96
	463.85	293.04	463.82	302.01	8.98
	434.01	295.00	434.34	306.02	11.02
	429.51	295.99	429.63	306.96	10.97
	67.83	296.95	68.16	302.02	5.08
	397.74	297.01	397.20	307.98	10.99
	413.86	298.99	413.66	312.99	14.01
	123.19	301.99	123.80	317.00	15.02
	78.10	302.97	79.12	321.94	19.01
	324.76	303.06	324.83	317.04	13.98
	338.03	302.90	338.97	321.00	18.13
	163.63	304.97	163.93	312.97	8.00
	439.85	307.00	439.65	322.08	15.08
	267.97	310.01	267.85	322.99	12.99
	327.75	310.03	328.27	321.94	11.92
	248.76	312.09	248.72	332.01	19.92
	429.83	312.01	430.13	323.99	11.98
	232.92	314.06	234.62	332.97	18.99
	242.37	313.95	243.11	332.93	19.00
	391.87	316.05	392.49	328.07	12.04
	356.91	319.99	357.00	333.00	13.01
	153.96	321.00	154.13	337.02	16.02
	218.02	321.00	218.78	331.22	10.24
	101.96	323.61	102.71	345.05	21.45
	132.31	324.07	132.74	346.04	21.97
	409.98	324.00	409.86	341.00	17.00
	413.76	323.96	414.75	341.00	17.06
	108.19	325.04	108.48	348.97	23.93
	114.57	325.20	114.61	347.87	22.68
	405.06	325.01	405.34	341.88	16.88
	124.57	326.07	124.42	347.05	20.98
	418.56	326.53	418.84	338.99	12.46
	90.25	328.03	91.10	345.91	17.89
	430.64	327.83	430.48	339.98	12.15
	96.29	329.05	96.89	335.87	6.85
	138.34	351.08	137.54	335.92	15.18
	267.68	329.93	267.56	335.44	5.52
	327.96	331.01	328.05	351.96	20.95
	338.18	331.96	338.21	349.99	18.03
	329.52	333.49	330.43	349.97	16.50
	397.98	333.00	398.84	344.98	12.01
	344.25	350.99	343.66	338.92	12.08
	363.05	338.00	362.88	350.98	12.98
	356.94	339.01	357.25	351.96	12.96
	234.20	366.97	233.75	345.95	21.02
	444.19	341.98	444.38	354.89	12.91
	153.91	344.05	154.31	351.09	7.06
	405.69	344.06	406.05	381.00	36.94
	410.52	343.98	410.15	359.00	15.02
	414.14	344.03	414.60	360.01	15.99
	210.07	345.03	210.35	352.04	7.02
	242.21	344.83	241.60	366.03	21.22
	248.43	345.02	249.64	366.07	21.08
	315.07	345.01	315.59	351.80	6.82
	324.01	345.01	324.76	355.02	10.03
	418.93	345.02	419.12	357.03	12.01
	161.60	346.03	161.59	351.70	5.67
	228.63	346.07	228.76	351.94	5.87
	460.60	346.03	460.58	351.98	5.95
	318.41	347.15	318.88	356.01	8.87
	253.67	350.03	253.62	365.03	15.00
	267.76	351.96	268.30	365.99	14.04
	187.02	353.00	186.64	365.93	12.94
	468.86	353.82	468.91	366.00	12.18
	471.71	352.99	472.07	366.99	14.01
	338.34	354.03	338.79	371.99	17.97
	330.59	355.03	331.22	372.02	17.01
	179.28	355.96	179.12	361.98	6.02
	228.29	356.01	228.72	373.86	17.86
	392.85	356.04	393.04	363.00	6.96
	465.41	355.82	465.18	367.93	12.12
	256.73	356.85	257.22	364.91	8.08
	357.29	357.03	357.63	369.98	12.95
	419.11	359.08	419.44	383.02	23.94
	123.58	385.00	124.03	362.00	23.01
	223.09	358.01	224.06	371.99	14.01
	132.68	359.91	133.72	384.00	24.11
	327.47	360.99	329.11	420.02	59.05
	436.04	361.00	436.33	372.01	11.01
	114.81	361.98	115.01	385.00	23.02
	79.92	363.01	79.96	371.01	8.00
	414.63	362.95	414.69	379.95	16.99
	431.57	362.96	431.33	374.04	11.08
	107.19	364.06	107.29	386.98	22.92
	410.92	364.00	410.51	380.03	16.04
	445.24	373.95	445.57	365.75	8.21
	207.28	366.15	207.73	375.20	9.06
	345.46	365.95	345.29	371.29	5.34
	154.19	366.92	154.50	382.99	16.07
	312.96	366.99	312.81	377.03	10.04
	249.43	367.85	249.26	389.00	21.15
	398.47	367.95	399.28	381.76	13.84
	241.92	369.00	241.89	389.00	20.00
	234.70	394.97	235.22	415.96	20.99
	160.04	369.93	159.84	376.02	6.10
	234.69	370.04	234.61	390.97	20.93
	138.75	371.03	138.62	384.19	13.16
	253.93	371.00	254.60	387.22	16.23
	267.56	370.94	268.18	386.99	16.05
	101.96	372.04	103.24	386.99	15.01
	388.83	374.03	389.34	381.09	7.08
	92.06	375.00	92.10	382.80	7.80
	227.98	376.04	229.64	394.02	18.06
	363.82	374.97	364.09	383.97	9.01
	118.35	375.82	118.85	382.99	7.19
	256.79	376.04	257.17	384.02	7.98
	338.79	375.96	339.04	394.00	18.04
	357.49	375.97	358.04	387.99	12.03
	331.13	376.99	331.41	394.03	17.04
	345.09	380.97	345.42	387.97	7.01
	334.50	382.89	335.17	391.96	9.09
	406.65	384.02	406.25	398.99	14.98
	411.14	384.00	411.11	390.01	6.00
	133.19	387.06	133.65	409.96	22.90
	124.61	387.99	124.61	412.00	24.02
	394.24	387.93	394.10	398.97	11.03
	115.26	389.07	115.25	412.98	23.91
	138.52	388.80	138.22	400.97	12.18
	118.90	390.99	119.07	408.00	17.01
	281.44	391.99	281.81	397.95	5.97
	249.14	393.05	249.71	412.99	19.95
	344.98	393.00	344.64	402.12	9.12
	358.00	394.00	358.63	401.45	7.48
	228.80	398.09	229.71	417.94	19.87
	31.55	396.89	32.10	403.00	6.14
	339.21	398.02	340.80	417.01	19.05
	331.70	398.98	332.11	416.00	17.03
	219.51	399.81	219.30	408.04	8.23
	310.69	401.11	312.05	416.00	14.95
	138.82	410.09	139.78	419.99	9.94
	345.59	409.84	345.79	419.99	10.15
	254.56	410.83	254.86	419.99	9.17
	353.33	413.32	353.79	419.96	6.65
	151.39	415.04	151.45	420.31	5.27
208
	221.13	3.44	227.01	4.77	6.03
	291.16	3.48	323.82	11.26	33.57
	371.23	3.35	446.99	25.08	78.82
	455.15	3.43	634.04	59.16	187.37
	328.07	3.66	446.00	36.01	122.29
	488.65	3.98	493.95	6.11	5.72
	368.14	6.45	377.06	8.33	9.12
	256.02	12.40	274.05	16.57	18.50
	518.08	10.87	530.92	15.13	13.53
	327.00	12.40	384.93	27.29	59.81
	397.09	14.77	410.01	17.94	13.30
	430.97	14.65	446.03	18.14	15.46
	518.99	15.02	532.93	19.22	14.56
	307.03	24.87	324.88	28.36	18.18
	70.96	19.06	91.95	23.22	21.40
	456.93	27.69	514.02	43.74	59.31
	94.87	22.51	165.01	36.53	71.53
	459.02	22.87	466.06	24.83	7.30
	430.17	24.58	439.05	26.87	9.16
	511.94	26.05	517.96	27.92	6.29
	386.33	27.37	416.94	36.14	31.84
	98.35	31.44	128.04	35.47	29.96
	568.00	31.98	580.04	35.39	12.51
	543.01	34.69	549.08	36.33	6.29
	355.94	37.13	360.88	38.63	5.16
	420.58	36.96	437.02	42.38	17.31
	475.04	36.89	484.00	39.04	9.21
	455.01	38.96	634.04	86.85	185.33
	118.02	39.92	124.94	41.14	7.02
	487.11	40.75	499.05	43.72	12.30
	204.04	42.82	220.80	46.37	17.13
	597.93	43.13	612.11	47.86	14.94
	338.44	44.82	346.20	46.19	7.88
	454.01	44.68	508.93	60.17	57.06
	501.03	44.93	514.88	48.31	14.26
	517.02	44.84	634.03	78.89	121.86
	222.98	46.08	259.90	54.69	37.90
	536.98	46.31	550.97	49.81	14.42
	617.94	47.56	627.04	50.85	9.68
	133.99	56.41	143.14	57.32	9.20
	407.12	50.81	411.94	52.24	5.02
	556.98	51.07	564.97	53.56	8.38
	348.15	53.50	357.00	55.94	9.18
	231.08	55.42	241.04	57.52	10.18
	261.98	54.86	274.94	57.62	13.25
	544.93	56.67	558.05	59.54	13.42
	446.98	58.10	452.01	59.07	5.12
	134.28	78.93	166.07	81.63	31.91
	452.60	59.37	461.03	61.91	8.81
	510.31	60.35	530.96	65.60	21.30
	304.98	64.08	349.00	72.46	44.81
	535.02	65.51	633.95	92.13	102.45
	480.24	66.53	492.00	69.71	12.19
	72.02	68.93	92.03	71.83	20.21
	351.91	73.46	361.00	75.08	9.23
	323.04	76.81	328.00	78.00	5.10
	533.10	78.81	538.95	80.26	6.03
	386.95	79.74	391.89	80.59	5.01
	394.01	81.46	433.00	89.08	39.72
	562.10	84.66	570.02	86.49	8.13
	205.93	86.69	220.03	88.84	14.26
	511.00	88.98	518.42	90.49	7.57
	583.10	88.83	591.01	90.97	8.19
	352.08	91.48	361.89	92.78	9.90
	453.26	92.43	482.84	98.40	30.18
	537.03	94.08	541.99	94.96	5.04
	262.99	96.47	276.01	97.81	13.09
	614.41	97.43	622.06	99.59	7.95
	307.02	102.92	318.05	104.76	11.18
	159.01	104.94	165.91	105.71	6.95
	520.98	105.08	536.93	108.63	16.34
	74.10	117.76	94.02	119.88	20.04
	340.69	108.26	350.02	109.11	9.36
	357.22	109.74	363.00	110.82	5.88
	528.35	150.10	541.99	151.53	13.72
	109.01	112.95	116.00	113.31	7.00
	399.94	113.34	409.99	115.11	10.20
	119.98	113.60	126.99	113.95	7.02
	562.00	114.01	593.02	119.45	31.50
	614.95	125.13	634.00	128.96	19.44
	536.05	121.83	541.96	122.91	6.01
	314.00	122.97	319.03	123.52	5.06
	157.98	126.11	165.00	126.72	7.05
	227.01	127.24	237.83	127.67	10.83
	135.15	170.87	156.92	172.32	21.82
	477.99	128.87	493.99	131.06	16.15
	577.11	132.82	592.70	134.35	15.67
	270.33	136.35	275.92	136.79	5.61
	110.00	137.80	117.02	138.25	7.03
	306.93	141.31	319.07	143.18	12.29
	455.07	141.89	460.99	142.27	5.93
	343.04	145.44	351.04	146.83	8.12
	577.06	145.83	595.02	148.20	18.12
	436.00	186.82	416.99	187.01	19.01
	5.98	148.30	12.01	148.63	6.05
	135.96	148.62	167.03	150.18	31.11
	442.00	257.89	112.01	270.52	330.23
	111.13	270.25	3.98	277.32	107.38
	387.92	149.17	395.98	150.15	8.12
	204.99	152.37	223.55	153.63	18.60
	418.04	152.69	423.02	153.14	5.01
	455.06	157.41	463.06	158.40	8.06
	272.98	157.67	277.94	158.32	5.00
	578.03	159.18	592.75	160.49	14.78
	512.03	161.88	518.99	162.85	7.02
	109.96	162.62	117.02	163.30	7.09
	120.97	163.46	128.00	163.96	7.05
	73.97	166.05	95.99	168.62	22.17
	419.06	170.39	434.10	171.52	15.08
	158.92	171.17	167.98	171.86	9.09
	390.10	184.24	398.00	185.00	7.94
	616.03	174.87	621.14	175.59	5.15
	255.00	176.09	278.98	176.55	23.98
	308.23	179.41	320.04	180.61	11.87
	538.68	179.78	546.04	180.47	7.39
	342.22	181.70	363.97	182.47	21.76
	121.09	187.66	127.02	187.76	5.93
	427.13	205.11	433.92	205.31	6.79
	487.95	190.60	495.12	190.55	7.17
	513.02	191.47	519.00	191.97	6.00
	99.97	191.67	132.00	192.95	32.06
	228.86	191.52	238.98	191.70	10.12
	113.04	195.31	125.03	196.39	12.04
	151.93	195.82	172.97	196.18	21.05
	365.84	202.20	355.01	201.88	10.83
	207.05	196.79	212.86	197.23	5.83
	227.93	198.80	249.99	200.15	22.10
	265.04	198.89	281.10	199.70	16.09
	254.08	200.35	262.98	200.25	8.90
	323.01	199.86	337.94	200.48	14.94
	627.01	201.72	633.90	201.71	6.89
	329.02	203.28	343.00	203.99	13.99
	76.03	206.29	149.00	208.94	73.02
	490.88	207.19	497.06	207.60	6.20
	208.04	207.90	281.85	210.34	73.86
	308.98	211.22	354.10	213.11	45.17
	356.00	212.24	368.00	212.01	12.00
	390.08	212.64	401.03	212.80	10.95
	402.00	214.00	425.99	215.25	24.02
	457.06	214.80	467.08	214.54	10.03
	469.27	214.81	495.97	215.39	26.70
	514.04	215.42	549.10	216.62	35.08
	565.05	216.63	594.85	217.54	29.81
	361.93	228.23	354.06	228.76	7.89
	151.97	228.58	169.09	229.22	17.13
	264.99	227.77	271.89	227.68	6.90
	309.01	228.37	321.98	228.10	12.98
	390.37	229.54	401.91	229.42	11.54
	88.09	229.17	100.05	229.74	11.97
	78.03	230.11	84.96	230.09	6.94
	464.05	243.82	457.78	243.80	6.27
	524.00	242.03	534.01	241.93	10.02
	8.98	242.96	13.98	243.03	5.00
	290.99	242.99	299.00	243.07	8.00
	125.96	247.95	132.86	247.49	6.92
	86.00	250.82	97.00	250.16	11.02
	307.86	258.41	313.07	257.96	5.23
	427.05	276.13	437.00	276.04	9.95
	137.97	285.88	147.86	285.31	9.90
	515.00	284.99	521.05	284.65	6.06
	161.93	292.84	153.12	293.14	8.82
	106.92	288.34	117.01	287.10	10.16
	490.94	287.70	497.94	287.28	7.01
	459.03	289.63	488.88	287.63	29.91
	215.22	290.70	225.99	289.29	10.86
	430.00	291.99	438.94	290.84	9.02
	405.01	294.43	427.93	292.70	22.98
	164.95	295.43	171.96	295.31	7.01
	311.08	301.65	356.00	299.00	45.00
	79.96	301.32	85.14	301.17	5.18
	481.00	303.68	497.99	302.90	17.01
	434.89	306.89	419.01	308.97	16.02
	210.09	312.68	226.96	311.10	16.94
	155.01	317.58	171.93	315.74	17.02
	344.99	316.83	355.01	316.03	10.05
	103.01	322.06	152.75	317.53	49.95
	311.09	322.17	325.01	320.12	14.07
	405.02	321.21	416.00	319.88	11.06
	80.03	324.38	100.96	323.15	20.96
	419.02	325.67	439.97	323.85	21.04
	392.02	330.74	402.02	330.12	10.02
	210.09	335.15	227.05	332.74	17.12
	255.95	339.15	261.90	338.40	6.00
	139.91	340.47	163.11	339.52	23.22
	164.78	340.35	170.96	339.91	6.20
	311.00	341.01	322.99	339.91	12.04
	229.02	343.14	238.98	341.87	10.04
	254.99	348.03	281.94	345.79	27.04
	126.04	347.63	132.79	347.31	6.75
	116.05	348.50	122.00	348.05	5.97
	328.99	352.78	337.94	351.67	9.02
	131.08	355.69	136.98	354.84	5.97
	103.12	359.38	129.05	356.43	26.10
	81.04	360.13	86.01	359.44	5.02
	159.95	363.51	171.80	361.53	12.01
	139.00	364.11	155.81	361.87	16.95
	79.97	373.08	101.02	371.24	21.14
	330.03	375.14	337.99	373.89	8.06
	12.99	383.37	17.97	382.54	5.05
	125.92	386.29	132.00	385.02	6.22
	212.01	399.45	228.28	397.70	16.36
	330.14	397.65	337.98	395.73	8.07
	325.06	397.18	311.84	400.33	13.59
	16.02	408.94	22.01	407.95	6.08
	267.97	409.82	280.95	407.82	13.13
	358.42	410.60	369.22	407.59	11.21
	235.99	417.66	241.02	416.51	5.16
	339.05	417.28	331.17	419.46	8.18
168
	306.03	9.02	306.42	15.97	6.96
	139.31	13.01	136.20	27.00	14.33
	591.87	16.03	598.71	29.04	14.70
	266.52	17.96	265.99	31.00	13.05
	226.19	19.10	225.92	26.00	6.91
	360.01	24.00	361.10	33.99	10.04
	539.10	34.50	541.13	40.02	5.88
	236.62	35.97	236.42	41.11	5.15
	434.93	59.99	438.31	72.09	12.56
	447.51	56.98	445.88	49.99	7.18
	489.12	57.93	491.57	65.98	8.42
	261.76	58.96	261.50	72.90	13.94
	353.37	59.40	354.37	67.02	7.69
	506.01	63.00	507.94	68.59	5.91
	319.41	67.79	321.93	95.02	27.35
	463.96	75.00	465.22	80.01	5.17
	424.68	78.90	425.97	84.00	5.26
	275.89	81.99	276.11	90.02	8.04
	327.55	82.07	328.35	96.12	14.07
	398.25	83.96	402.03	106.84	23.19
	490.03	84.95	492.13	91.91	7.27
	337.96	86.01	338.79	108.85	22.86
	261.96	89.99	262.03	94.99	5.00
	327.69	99.01	328.34	116.07	17.08
	333.64	100.00	333.85	116.00	16.00
	472.93	108.24	474.91	114.09	6.17
	351.15	111.94	351.90	123.98	12.07
	321.64	117.05	322.81	135.04	18.03
	490.72	118.23	492.95	125.98	8.06
	276.61	118.95	276.58	134.96	16.00
	328.00	119.00	328.48	134.00	15.00
	333.99	120.00	334.27	136.00	16.01
	266.19	121.08	265.70	132.07	11.00
	424.95	122.04	426.85	134.99	13.10
	149.45	136.62	148.22	142.83	6.32
	322.56	137.11	323.26	154.96	17.86
	153.45	138.81	151.97	146.01	7.35
	211.86	139.02	211.60	144.15	5.13
	328.56	139.02	329.78	155.96	16.98
	334.34	139.05	335.27	157.01	17.98
	279.03	141.01	279.35	146.94	5.94
	268.80	141.99	269.37	152.86	10.88
	275.35	145.97	275.41	152.93	6.96
	428.38	146.05	429.16	151.02	5.04
	515.67	149.20	517.99	155.97	7.16
	208.09	153.98	206.10	169.94	16.09
	179.32	156.91	178.72	163.95	7.07
	323.24	158.05	323.80	175.03	16.99
	264.36	158.96	264.29	165.11	6.15
	329.01	159.00	330.79	175.94	17.03
	334.78	159.00	335.09	175.95	16.96
	307.11	160.96	307.90	169.04	8.12
	313.07	163.04	313.36	170.79	7.76
	474.33	168.10	475.42	173.74	5.75
	410.50	170.01	411.35	175.03	5.10
	239.77	172.03	239.83	190.97	18.94
	323.22	177.03	324.32	194.00	17.00
	282.44	179.03	282.44	187.01	7.98
	329.72	178.98	330.21	195.00	16.03
	335.47	178.98	335.93	195.00	16.02
	340.92	182.02	341.65	197.85	15.85
	264.14	183.03	264.52	193.99	10.97
	151.44	185.43	150.11	195.97	10.63
	591.00	185.00	594.76	194.01	9.76
	135.64	198.99	134.95	205.01	6.06
	588.26	201.02	591.06	207.99	7.51
	271.49	215.00	271.45	222.04	7.04
	17.95	217.02	16.35	223.27	6.45
	364.53	218.01	366.36	231.99	14.11
	432.07	217.99	433.19	224.99	7.09
	386.53	218.95	387.43	228.01	9.10
	380.72	220.98	382.21	228.92	8.07
	534.10	220.95	536.22	227.09	6.50
	525.79	221.98	529.03	232.00	10.53
	260.13	227.94	259.84	237.99	10.05
	380.29	229.98	381.16	238.85	8.90
	206.38	230.92	205.99	239.00	8.09
	152.24	240.96	151.56	247.01	6.09
	364.08	246.00	364.97	258.00	12.03
	394.93	246.01	395.89	256.01	10.04
	287.37	246.98	287.91	254.98	8.02
	299.76	246.99	299.63	260.06	13.07
	316.93	246.99	317.49	258.99	12.01
	278.54	248.03	279.10	261.00	12.98
	327.62	247.87	327.63	254.02	6.15
	355.63	264.84	355.99	271.00	6.17
	335.89	265.97	335.87	278.99	13.01
	470.15	266.88	473.14	284.98	18.34
	317.09	268.01	317.35	278.98	10.97
	242.37	269.18	241.54	283.98	14.83
	404.34	271.86	408.29	291.95	20.47
	343.97	290.99	343.62	276.95	14.05
	218.27	276.16	218.02	284.98	8.82
	329.41	278.92	331.24	298.00	19.17
	258.94	280.98	258.75	286.17	5.19
	402.91	296.08	405.21	313.96	18.02
	367.16	283.72	368.25	293.99	10.33
	148.41	285.98	143.96	315.00	29.36
	309.98	287.00	310.61	292.97	6.00
	135.62	297.99	134.15	311.98	14.07
	227.14	302.94	226.83	308.03	5.09
	324.76	303.06	324.83	317.04	13.98
	338.03	302.90	338.97	321.00	18.13
	392.10	302.95	392.85	310.81	7.89
	129.04	304.00	127.80	312.93	9.01
	352.40	304.72	353.34	313.12	8.45
	267.97	310.01	267.85	322.99	12.99
	327.75	310.03	328.27	321.94	11.92
	248.76	312.09	248.72	332.01	19.92
	267.68	329.93	267.56	335.44	5.52
	426.93	330.08	427.69	335.12	5.09
	327.96	331.01	328.05	351.96	20.95
	338.18	331.96	338.21	349.99	18.03
	329.52	333.49	330.43	349.97	16.50
	397.98	333.00	398.84	344.98	12.01
	344.25	350.99	343.66	338.92	12.08
	356.94	339.01	357.25	351.96	12.96
	234.20	366.97	233.75	345.95	21.02
	242.21	344.83	241.60	366.03	21.22
	315.07	345.01	315.59	351.80	6.82
	324.01	345.01	324.76	355.02	10.03
	430.29	344.85	430.88	350.00	5.18
	318.41	347.15	318.88	356.01	8.87
	427.89	348.02	428.52	353.04	5.06
	253.67	350.03	253.62	365.03	15.00
	267.76	351.96	268.30	365.99	14.04
	80.33	352.72	78.38	360.07	7.60
	187.02	353.00	186.64	365.93	12.94
	338.34	354.03	338.79	371.99	17.97
	330.59	355.03	331.22	372.02	17.01
	357.29	357.03	357.63	369.98	12.95
	219.77	357.99	219.13	363.01	5.06
	327.47	360.99	329.11	420.02	59.05
	103.11	363.05	102.27	369.90	6.90
	324.74	366.16	325.75	376.01	9.90
	312.96	366.99	312.81	377.03	10.04
	249.43	367.85	249.26	389.00	21.15
	398.47	367.95	399.28	381.76	13.84
	241.92	369.00	241.89	389.00	20.00
	234.70	394.97	235.22	415.96	20.99
	234.69	370.04	234.61	390.97	20.93
	253.93	371.00	254.60	387.22	16.23
	260.67	370.96	260.05	377.96	7.03
	267.56	370.94	268.18	386.99	16.05
	388.83	374.03	389.34	381.09	7.08
	363.82	374.97	364.09	383.97	9.01
	338.79	375.96	339.04	394.00	18.04
	357.49	375.97	358.04	387.99	12.03
	331.13	376.99	331.41	394.03	17.04
	345.09	380.97	345.42	387.97	7.01
	334.50	382.89	335.17	391.96	9.09
	93.11	387.00	91.00	395.00	8.28
	204.48	389.08	204.11	395.03	5.97
	154.47	390.02	152.74	403.12	13.21
	281.44	391.99	281.81	397.95	5.97
	243.05	393.02	241.65	414.94	21.96
	249.14	393.05	249.71	412.99	19.95
	358.00	394.00	358.63	401.45	7.48
	339.21	398.02	340.80	417.01	19.05
	331.70	398.98	332.11	416.00	17.03
	219.51	399.81	219.30	408.04	8.23
	310.69	401.11	312.05	416.00	14.95
	357.94	403.01	358.63	408.31	5.35
	345.59	409.84	345.79	419.99	10.15
	254.56	410.83	254.86	419.99	9.17
	353.33	413.32	353.79	419.96	6.65
	358.02	414.00	358.86	420.03	6.09
	125.60	414.98	124.61	420.00	5.12
