vx	vy	vz	score	numLines
0.99999991	-0.00042182	-0.00000814	9538.21	358
0.02322827	0.99973019	0.00006412	2010.86	232
0.88798955	-0.45986363	-0.00002445	680.23	57

nLines	x1	y1	x2	y2	length
358
	85.01	11.21	111.94	9.62	26.98
	138.90	9.38	158.04	9.48	19.14
	416.01	9.24	434.04	9.87	18.04
	438.00	8.99	446.97	9.08	8.97
	318.87	11.56	342.97	12.25	24.11
	581.98	11.47	589.01	11.37	7.03
	592.01	11.31	604.03	11.40	12.01
	145.95	12.57	155.00	12.92	9.05
	416.06	12.40	428.00	13.19	11.97
	226.93	13.22	238.94	13.65	12.02
	268.01	13.08	315.99	13.11	47.98
	271.03	15.50	280.00	15.67	8.98
	285.02	15.80	295.01	15.63	9.99
	299.06	15.77	309.01	15.85	9.95
	459.96	17.33	484.94	15.87	25.03
	140.03	18.69	156.95	18.83	16.92
	97.25	24.20	111.80	24.17	14.55
	370.14	24.42	388.03	25.42	17.92
	539.01	44.47	436.00	45.19	103.02
	608.00	24.02	618.00	23.98	10.00
	269.98	25.06	277.00	25.04	7.02
	336.00	24.96	343.93	24.69	7.93
	367.06	26.80	388.55	27.57	21.51
	414.21	26.59	431.99	27.64	17.81
	302.00	29.25	333.04	28.57	31.05
	438.07	30.78	445.97	30.23	7.91
	544.12	33.59	634.00	33.30	89.89
	183.93	38.10	194.00	38.05	10.08
	577.00	38.30	587.00	38.04	10.00
	84.99	38.88	165.98	39.07	80.99
	357.93	40.28	537.96	39.27	180.04
	358.00	45.00	427.99	45.13	69.99
	338.27	54.65	347.00	55.24	8.75
	436.79	55.28	460.02	55.48	23.23
	318.94	56.72	337.03	55.94	18.11
	464.99	58.66	476.03	58.46	11.04
	508.23	56.31	524.99	55.69	16.76
	149.00	57.01	157.00	56.87	8.00
	426.99	57.03	432.96	57.18	5.97
	177.06	59.38	169.12	59.63	7.95
	341.00	61.70	327.94	62.28	13.07
	328.98	59.44	340.99	59.19	12.02
	212.00	60.03	255.97	60.39	43.97
	266.93	60.41	316.07	60.31	49.14
	561.99	60.67	572.01	60.54	10.01
	180.01	62.15	207.01	62.47	27.00
	273.90	62.34	279.03	62.45	5.12
	300.03	62.79	309.00	62.84	8.97
	265.87	74.66	297.00	75.11	31.13
	214.20	63.26	222.00	62.75	7.81
	285.05	62.59	294.98	62.81	9.93
	552.03	68.62	558.00	68.50	5.97
	566.11	68.42	572.97	68.25	6.86
	91.98	71.04	111.91	71.70	19.94
	228.97	71.17	236.00	71.02	7.03
	241.96	70.88	251.99	71.12	10.03
	272.04	71.30	280.01	71.27	7.97
	593.02	70.90	602.00	71.01	8.98
	608.03	70.91	616.94	70.86	8.91
	139.00	71.96	158.69	71.58	19.70
	320.03	72.11	340.02	72.25	19.99
	343.03	76.33	310.03	76.83	33.01
	309.03	72.56	315.03	72.73	6.00
	366.96	73.27	388.00	74.01	21.05
	412.99	73.59	431.99	73.75	19.00
	170.84	73.76	262.00	74.73	91.16
	545.02	74.55	634.05	74.25	89.03
	91.20	74.55	101.13	75.14	9.94
	449.20	76.80	465.87	75.69	16.70
	298.99	76.11	306.02	76.11	7.03
	436.99	77.02	445.96	76.78	8.97
	167.05	80.66	354.95	81.19	187.90
	544.01	80.96	634.00	80.75	89.99
	85.03	84.53	166.65	84.55	81.62
	357.87	86.46	536.94	85.27	179.07
	186.92	86.80	196.99	87.10	10.08
	222.98	86.93	228.00	86.89	5.02
	229.99	87.26	237.88	87.30	7.90
	240.99	87.07	249.99	87.03	9.00
	85.02	89.82	166.00	90.53	80.99
	177.00	90.35	181.99	90.04	5.00
	187.83	90.50	195.94	90.67	8.11
	231.90	90.78	238.18	90.67	6.28
	358.00	91.09	428.98	90.84	70.99
	176.99	92.83	201.00	93.99	24.04
	221.94	93.71	246.83	94.19	24.89
	232.83	98.49	241.00	98.09	8.18
	139.28	100.37	156.99	99.18	17.75
	185.77	101.27	197.09	101.33	11.33
	436.99	101.09	446.93	101.17	9.94
	448.36	101.26	461.98	102.02	13.64
	489.00	101.58	499.00	101.29	10.01
	104.02	101.65	110.10	101.74	6.08
	150.06	101.70	155.99	102.10	5.95
	318.34	102.32	330.00	102.03	11.66
	509.02	102.07	526.05	101.74	17.03
	551.00	101.96	578.01	101.87	27.02
	85.01	103.31	91.10	103.28	6.10
	447.67	122.02	459.95	121.65	12.28
	380.05	104.14	385.99	103.83	5.95
	580.97	105.83	588.00	105.96	7.03
	172.02	107.25	206.01	108.21	34.01
	214.00	107.31	251.00	107.80	37.00
	278.96	107.34	316.00	107.01	37.04
	219.09	109.29	213.10	109.60	6.00
	289.21	112.19	301.76	112.29	12.55
	289.99	114.12	300.96	114.74	10.98
	175.01	116.12	207.87	117.53	32.89
	218.97	116.30	253.12	117.65	34.18
	367.01	119.16	381.01	119.30	14.01
	271.01	118.05	279.99	117.98	8.98
	266.00	121.19	294.00	121.62	28.00
	319.93	118.45	328.97	118.72	9.04
	413.14	118.59	432.94	117.55	19.83
	471.90	118.66	481.03	118.28	9.13
	508.89	117.62	527.94	118.38	19.07
	170.91	120.18	223.99	120.39	53.08
	230.00	122.41	220.02	122.29	9.98
	305.00	120.01	317.00	120.06	11.99
	168.00	127.32	354.00	128.02	186.00
	357.34	136.50	430.21	136.37	72.87
	169.89	122.28	175.00	122.52	5.12
	186.89	122.44	203.97	122.26	17.08
	298.01	122.78	316.99	122.82	18.98
	537.01	136.31	433.99	136.50	103.03
	85.01	130.22	164.00	130.35	79.00
	358.01	131.56	537.96	130.82	179.96
	85.00	135.05	172.00	135.66	87.00
	288.04	139.15	345.00	139.11	56.96
	289.20	142.23	337.00	141.97	47.80
	92.84	146.31	112.02	146.52	19.18
	140.07	146.28	157.98	146.60	17.91
	368.99	146.88	388.00	146.05	19.02
	185.99	147.73	208.78	147.52	22.79
	318.92	147.75	335.00	147.19	16.10
	435.84	147.30	460.98	147.18	25.14
	551.06	147.18	570.42	147.65	19.36
	330.01	150.64	340.99	150.49	10.99
	572.00	150.00	577.94	149.70	5.95
	110.02	151.41	94.98	152.31	15.06
	197.05	167.85	261.99	168.15	64.95
	168.04	153.31	177.00	153.24	8.95
	211.97	153.58	251.94	154.69	39.99
	289.78	153.46	315.00	153.33	25.23
	267.96	153.78	284.98	154.06	17.03
	96.03	156.61	106.00	156.97	9.98
	172.00	156.15	177.05	156.17	5.05
	298.99	156.65	307.06	156.76	8.07
	275.96	169.60	290.99	168.86	15.05
	315.89	156.77	344.97	157.73	29.09
	93.10	162.28	111.71	162.37	18.61
	268.97	163.15	279.00	163.01	10.03
	425.94	163.10	433.92	162.58	7.99
	462.99	163.04	480.00	163.01	17.02
	319.98	164.20	331.00	164.27	11.02
	336.01	164.22	346.88	163.71	10.88
	198.98	164.88	206.01	164.91	7.02
	227.02	165.14	237.06	164.73	10.05
	242.00	165.02	253.13	165.22	11.13
	367.07	164.57	388.93	165.43	21.88
	167.01	174.46	354.93	175.12	187.92
	416.99	165.62	424.00	165.63	7.01
	302.03	166.62	315.02	166.85	12.99
	325.01	168.44	346.96	168.76	21.96
	293.01	169.61	318.00	169.78	24.99
	85.00	175.92	163.99	176.14	78.99
	358.01	182.17	429.00	182.02	70.99
	473.00	191.01	481.98	191.08	8.98
	158.76	208.73	139.10	208.53	19.65
	369.08	192.54	388.75	192.36	19.67
	435.23	193.09	469.99	192.10	34.78
	93.98	192.89	109.99	193.07	16.01
	141.12	193.27	147.03	193.07	5.92
	148.55	193.39	157.00	193.01	8.46
	197.16	193.58	206.99	193.28	9.83
	318.00	193.57	334.99	193.09	17.00
	418.01	192.83	423.99	192.86	5.98
	509.94	209.66	525.99	209.79	16.05
	85.00	194.32	91.02	194.17	6.03
	550.16	194.49	577.96	194.70	27.80
	370.02	195.48	380.96	196.23	10.96
	305.97	216.85	291.02	216.33	14.95
	327.04	197.10	340.92	197.12	13.88
	464.00	196.02	469.01	196.13	5.02
	480.03	209.73	453.05	209.24	26.99
	267.00	200.82	312.96	200.32	45.96
	325.98	201.78	339.99	202.35	14.02
	606.00	201.72	618.01	201.51	12.01
	510.02	203.27	526.99	203.07	16.97
	548.84	204.06	557.12	203.65	8.29
	211.99	204.13	223.15	204.65	11.17
	299.03	203.78	304.97	203.79	5.93
	317.10	214.05	299.00	213.61	18.10
	320.99	206.37	337.96	206.43	16.98
	367.02	209.95	387.96	210.84	20.96
	412.99	210.30	420.99	210.77	8.01
	243.01	212.14	252.19	212.28	9.19
	270.00	211.97	278.14	212.32	8.15
	171.31	214.32	262.00	214.99	90.69
	325.99	213.88	351.98	215.57	26.04
	266.00	215.08	290.04	215.20	24.04
	307.68	216.60	322.00	216.02	14.33
	166.99	221.08	354.01	221.86	187.02
	85.02	221.55	163.00	222.04	77.98
	537.87	222.39	357.95	223.19	179.92
	535.01	228.13	435.00	228.04	100.01
	85.02	226.66	165.02	226.80	80.00
	357.99	227.89	429.18	228.66	71.19
	320.02	238.27	336.01	238.04	15.99
	92.49	238.67	112.95	238.06	20.47
	139.11	238.12	158.75	238.36	19.64
	428.00	237.04	446.85	238.31	18.90
	180.08	238.40	208.94	238.27	28.86
	371.00	238.94	377.01	238.78	6.02
	508.99	239.50	525.00	239.00	16.02
	550.05	239.23	576.98	239.29	26.93
	85.00	240.23	90.00	239.98	5.01
	448.54	260.32	458.00	260.99	9.48
	170.00	247.03	177.03	246.73	7.04
	337.00	247.10	343.00	247.16	6.00
	209.22	248.42	182.01	248.94	27.21
	322.00	247.66	329.00	247.76	7.00
	380.98	248.43	386.15	248.68	5.18
	426.95	247.85	431.96	247.84	5.01
	463.05	254.81	480.10	254.61	17.06
	581.00	248.71	587.01	248.74	6.01
	591.02	248.87	602.99	248.68	11.98
	212.98	250.23	222.99	250.62	10.01
	140.00	254.02	158.01	254.09	18.01
	216.99	258.05	222.00	257.98	5.00
	469.06	259.76	488.00	260.97	18.98
	172.01	261.37	279.01	260.45	107.00
	437.00	261.01	445.97	260.84	8.97
	305.96	263.33	316.98	263.25	11.03
	543.96	262.89	634.00	262.99	90.04
	358.03	268.43	536.00	268.48	177.97
	85.00	266.99	162.99	267.31	77.99
	167.03	267.66	353.97	268.37	186.94
	357.23	273.53	429.01	273.12	71.78
	536.98	273.80	434.99	273.43	101.98
	426.88	283.17	445.96	284.09	19.11
	85.00	272.03	172.00	272.44	87.00
	93.98	281.29	101.83	281.36	7.86
	319.01	283.31	331.00	283.20	11.99
	179.14	284.41	198.03	283.70	18.90
	319.63	285.47	330.00	285.91	10.38
	117.16	286.84	122.92	286.77	5.75
	525.17	288.41	509.97	288.86	15.20
	268.99	308.85	284.00	308.82	15.01
	182.00	293.02	192.00	292.97	9.99
	170.95	293.82	178.00	293.83	7.05
	209.93	294.19	220.00	294.02	10.07
	278.02	295.66	307.05	293.75	29.09
	315.99	296.02	331.73	295.43	15.74
	333.99	295.08	341.03	295.28	7.04
	181.99	296.14	197.99	296.53	16.01
	227.96	296.67	233.11	296.35	5.16
	581.11	295.86	588.00	295.95	6.89
	284.99	296.95	303.03	296.83	18.04
	204.00	300.75	220.99	301.09	17.00
	413.09	301.63	435.00	300.83	21.93
	509.12	301.16	526.01	301.78	16.90
	598.01	300.97	603.01	301.09	5.01
	436.95	306.59	458.98	306.55	22.03
	212.01	304.77	222.01	304.53	10.00
	241.99	305.05	251.07	304.75	9.08
	171.99	308.32	200.04	309.60	28.07
	202.02	308.25	265.07	308.61	63.05
	308.01	309.94	354.07	308.12	46.09
	357.96	314.25	535.98	314.29	178.02
	544.02	309.60	634.02	310.55	90.01
	85.00	313.06	163.00	313.01	78.00
	166.19	314.33	354.00	315.29	187.81
	283.02	316.28	301.99	316.31	18.97
	313.00	316.33	319.00	316.37	6.00
	357.99	318.92	429.00	319.07	71.01
	338.99	327.98	318.08	329.25	20.95
	139.12	328.18	157.99	328.01	18.88
	94.04	328.19	99.97	328.55	5.95
	179.87	328.54	208.97	328.29	29.10
	371.04	329.38	377.98	329.23	6.94
	380.02	329.14	387.01	329.15	6.99
	435.92	329.51	474.02	331.49	38.15
	283.04	355.32	265.99	355.55	17.05
	487.32	330.92	494.04	330.50	6.73
	510.03	330.66	525.97	330.58	15.95
	181.95	332.25	193.94	332.24	11.99
	196.01	332.20	207.96	332.26	11.95
	510.00	336.97	526.02	337.15	16.02
	268.01	340.24	296.99	339.31	28.99
	462.94	346.16	481.04	347.28	18.13
	169.02	340.39	176.00	340.40	6.98
	200.95	340.10	205.98	340.43	5.03
	297.94	340.68	304.96	341.10	7.03
	370.98	341.33	377.83	341.54	6.86
	380.04	341.66	386.07	341.34	6.04
	581.98	343.70	593.03	344.36	11.07
	271.01	343.84	277.97	343.91	6.96
	245.09	344.53	252.03	344.58	6.94
	179.98	345.95	207.99	346.13	28.02
	319.96	346.49	345.99	346.53	26.02
	370.05	347.41	378.01	347.44	7.97
	509.10	346.71	526.81	347.34	17.73
	595.04	352.08	601.97	351.62	6.95
	269.95	351.77	280.01	351.91	10.06
	294.00	353.72	316.02	353.90	22.02
	349.97	354.21	356.89	353.88	6.93
	171.99	355.10	261.97	355.31	89.98
	285.01	356.84	345.99	355.83	60.99
	356.90	360.30	428.99	360.11	72.10
	85.03	358.55	163.01	358.75	77.97
	432.99	359.89	479.01	359.88	46.02
	168.99	361.40	353.99	362.26	185.00
	85.00	363.82	165.98	363.80	80.98
	357.98	364.80	428.98	364.69	71.00
	432.97	364.93	479.00	364.94	46.03
	264.07	400.98	292.01	402.53	27.99
	181.00	374.03	192.98	374.53	11.98
	94.05	375.66	110.07	375.76	16.02
	140.96	375.44	156.95	375.82	15.99
	197.97	375.86	208.02	375.33	10.07
	319.02	376.80	347.12	375.28	28.14
	416.97	376.13	433.00	376.55	16.03
	437.01	375.60	446.81	376.18	9.82
	450.02	375.66	461.56	376.32	11.56
	117.89	377.30	122.96	377.22	5.06
	182.01	377.02	193.00	377.00	10.99
	156.82	390.55	149.16	390.61	7.66
	102.98	388.80	110.02	388.52	7.04
	213.00	387.62	223.00	387.99	10.00
	267.99	387.74	303.00	388.00	35.02
	319.01	388.33	326.00	388.32	6.99
	331.97	388.24	340.99	388.43	9.02
	140.06	390.71	146.89	390.65	6.83
	317.79	390.66	326.00	391.06	8.22
	367.06	392.83	388.10	391.76	21.07
	413.97	393.08	434.03	391.94	20.08
	328.14	393.52	343.99	393.12	15.85
	318.04	395.35	326.92	395.85	8.89
	211.97	399.17	220.10	399.46	8.13
	436.95	399.18	448.00	399.00	11.05
	252.00	402.41	178.98	402.42	73.02
	164.00	409.73	102.92	411.43	61.10
	96.97	401.97	102.04	401.92	5.07
	309.00	402.87	358.05	403.45	49.05
	295.00	404.08	307.00	404.14	12.00
	115.07	404.72	163.06	404.54	47.99
	356.30	405.43	479.00	405.96	122.70
	166.00	409.02	429.01	410.87	263.02
	434.00	411.01	479.00	411.05	45.00
	106.01	420.68	119.99	420.55	13.98
	138.60	421.01	157.91	420.46	19.31
	369.04	421.36	389.61	421.10	20.57
	417.02	420.67	428.00	421.31	11.00
	180.18	421.45	208.92	421.21	28.74
	319.10	421.35	329.99	421.72	10.89
	437.21	421.34	445.96	421.22	8.75
	449.12	421.29	459.99	421.74	10.88
232
	263.94	4.00	264.07	27.00	23.00
	437.28	9.27	436.12	26.05	16.82
	347.92	10.07	348.21	26.90	16.83
	447.81	10.04	448.13	20.99	10.96
	138.71	10.96	138.47	16.98	6.03
	158.14	10.97	157.84	17.97	7.01
	113.64	13.00	113.76	20.62	7.62
	545.15	13.06	544.56	24.01	10.96
	575.08	13.02	574.97	25.00	11.98
	605.56	13.12	605.25	24.98	11.87
	620.50	13.05	620.54	25.02	11.98
	216.33	13.73	216.89	21.06	7.35
	383.15	14.00	382.98	22.00	8.00
	415.31	13.99	415.07	25.00	11.02
	429.19	13.98	429.42	24.01	10.03
	282.96	15.00	282.67	25.04	10.05
	318.74	15.01	318.95	27.00	11.99
	368.85	15.00	368.99	23.00	8.00
	598.84	14.99	598.96	23.00	8.01
	550.17	16.00	550.04	25.00	9.00
	595.73	15.94	595.73	20.99	5.05
	626.15	16.01	625.65	22.07	6.08
	239.48	17.01	239.30	25.00	7.99
	296.98	17.00	297.04	25.00	8.00
	552.91	16.97	553.01	23.00	6.04
	355.50	36.02	355.99	45.00	9.00
	263.27	40.07	262.78	73.87	33.80
	137.76	70.00	137.93	57.01	12.99
	210.23	55.93	211.35	72.13	16.24
	159.12	56.01	158.76	70.97	14.96
	348.50	56.04	348.45	71.95	15.91
	435.98	55.99	435.36	71.84	15.86
	508.19	68.97	507.92	56.95	12.02
	447.97	57.00	447.53	76.07	19.08
	476.41	59.30	476.05	71.09	11.80
	382.49	60.00	382.94	70.02	10.03
	428.79	60.03	428.84	70.01	9.98
	342.17	61.02	342.63	73.97	12.96
	414.91	61.00	414.75	69.99	8.99
	559.73	61.01	559.97	72.00	10.99
	92.04	61.99	91.77	69.96	7.98
	106.35	62.03	106.19	69.03	6.99
	239.49	61.95	239.52	72.04	10.08
	300.04	70.00	300.42	63.66	6.35
	466.93	61.96	466.56	68.98	7.03
	548.57	61.92	548.59	66.96	5.04
	146.06	63.94	146.41	68.98	5.06
	297.11	63.02	297.04	72.00	8.98
	182.04	63.99	181.96	70.00	6.01
	192.36	64.04	192.67	69.95	5.92
	282.69	64.01	282.85	72.03	8.02
	419.42	64.00	419.79	69.99	6.00
	461.53	64.89	461.66	70.01	5.12
	317.73	66.97	317.43	73.00	6.05
	456.61	67.93	456.27	75.07	7.15
	165.82	74.98	166.07	79.98	5.01
	540.89	75.99	540.28	87.19	11.22
	355.46	82.16	356.03	90.99	8.85
	168.83	83.90	169.59	119.01	35.12
	253.88	84.98	254.68	110.03	25.06
	211.06	107.12	211.93	87.99	19.15
	219.94	90.01	220.37	104.01	14.01
	263.45	87.01	264.13	119.99	32.99
	199.85	95.96	199.92	104.01	8.06
	209.57	96.98	209.14	109.99	13.02
	481.77	110.96	481.87	102.99	7.97
	318.54	108.95	318.13	103.05	5.92
	347.43	102.15	347.59	120.05	17.91
	369.73	101.99	369.54	115.98	13.99
	508.62	107.97	508.85	102.87	5.10
	526.93	102.09	527.01	109.01	6.92
	101.76	102.99	102.26	111.05	8.08
	149.08	102.97	149.27	112.01	9.04
	447.90	102.99	447.58	121.03	18.05
	422.17	115.04	422.53	106.94	8.11
	419.83	106.02	419.55	115.90	9.89
	429.12	105.98	429.07	115.99	10.00
	414.96	107.00	414.49	116.86	9.87
	550.46	107.29	550.45	120.01	12.72
	589.45	107.09	589.62	120.02	12.93
	581.99	108.00	581.92	117.00	9.01
	601.12	107.97	600.72	117.94	9.98
	604.68	108.00	604.71	120.00	12.00
	613.01	108.01	613.14	114.01	6.00
	627.23	107.97	627.37	116.22	8.25
	282.03	109.00	282.19	119.01	10.01
	345.27	108.94	344.90	115.00	6.07
	426.60	110.06	426.47	116.08	6.02
	258.70	111.08	258.58	119.16	8.08
	456.55	113.95	456.15	121.00	7.07
	432.22	123.30	431.90	128.99	5.70
	263.15	133.18	264.25	166.99	33.83
	287.62	152.90	287.01	140.01	12.91
	389.34	147.01	389.23	161.03	14.02
	434.79	161.99	435.13	148.04	13.95
	550.40	155.08	550.75	148.04	7.05
	92.71	147.97	92.56	161.00	13.03
	112.17	147.97	112.25	161.00	13.03
	348.34	148.00	347.90	162.98	15.00
	525.92	148.14	525.99	157.00	8.86
	447.82	149.01	447.55	168.09	19.08
	208.85	151.06	208.75	166.00	14.94
	181.22	151.02	180.95	166.00	14.98
	382.61	150.98	382.52	158.99	8.01
	149.08	152.00	149.38	161.05	9.05
	368.79	152.00	368.61	159.00	7.01
	224.90	155.02	224.44	166.05	11.04
	288.59	154.80	288.02	166.00	11.22
	239.21	156.00	239.03	166.00	10.00
	282.82	156.02	282.62	163.00	6.98
	556.58	156.17	556.07	165.97	9.81
	296.96	157.00	297.09	163.00	6.00
	559.61	157.02	559.61	167.02	9.99
	456.58	158.99	456.10	166.00	7.03
	355.60	176.07	355.91	183.05	6.99
	263.36	180.04	264.09	214.00	33.96
	138.65	192.04	138.51	208.06	16.02
	159.03	192.00	159.15	208.05	16.05
	149.00	207.00	149.00	194.00	13.00
	347.42	193.19	348.10	210.99	17.81
	389.21	192.99	388.67	209.89	16.91
	508.32	193.10	509.07	209.22	16.14
	194.97	194.00	195.61	213.02	19.03
	425.07	193.99	425.33	207.03	13.04
	447.44	193.97	447.16	209.94	15.98
	462.32	194.07	462.32	206.99	12.92
	517.22	195.96	517.00	202.00	6.04
	481.68	196.21	480.83	209.10	12.92
	525.92	196.00	525.82	201.03	5.03
	368.59	197.04	368.46	208.03	10.98
	341.51	198.03	341.72	214.15	16.13
	415.02	198.00	415.07	208.02	10.03
	428.56	198.00	428.62	208.26	10.26
	155.99	199.02	156.00	206.00	6.98
	563.45	198.97	563.15	204.99	6.03
	471.48	201.09	471.67	206.95	5.86
	634.35	203.05	634.20	213.02	9.97
	246.78	204.02	247.20	210.00	5.99
	282.60	204.18	282.30	210.01	5.84
	317.68	203.97	317.48	213.02	9.05
	543.91	203.97	543.69	212.99	9.02
	574.29	204.01	574.61	213.03	9.03
	258.86	204.97	258.65	211.96	7.00
	355.57	222.22	355.88	228.06	5.85
	138.74	252.01	138.76	238.96	13.05
	424.59	238.32	424.44	253.03	14.71
	159.19	238.98	159.33	250.94	11.96
	179.73	239.05	180.23	258.99	19.95
	318.65	239.37	318.93	261.00	21.63
	332.93	240.00	332.66	261.03	21.04
	447.96	240.00	447.75	259.00	19.00
	549.59	240.24	549.39	249.05	8.81
	346.60	240.88	346.69	260.93	20.05
	339.97	250.00	339.64	259.13	9.14
	196.11	250.98	196.17	257.04	6.06
	234.76	250.97	235.04	257.00	6.03
	616.52	250.94	615.95	258.00	7.08
	578.57	254.01	578.16	259.90	5.91
	263.56	273.99	263.29	286.94	12.94
	111.76	285.18	111.48	298.56	13.39
	200.86	283.96	201.73	306.95	23.00
	347.89	284.98	346.83	305.97	21.02
	434.64	285.14	434.43	298.90	13.76
	447.53	284.95	447.31	305.02	20.07
	481.55	285.02	481.47	293.95	8.93
	179.25	285.97	179.75	306.01	20.04
	549.36	286.14	548.91	307.00	20.86
	92.82	287.01	93.25	297.97	10.96
	222.89	287.02	223.48	302.06	15.05
	372.61	288.07	372.89	296.01	7.95
	376.27	288.07	375.83	297.02	8.96
	382.21	288.02	382.62	295.97	7.96
	453.90	288.00	454.13	292.99	5.00
	368.47	289.03	368.25	296.00	6.97
	379.59	289.02	379.70	295.05	6.04
	414.60	289.01	414.62	299.01	10.00
	428.16	288.99	428.65	298.79	9.81
	508.54	288.98	508.49	299.99	11.01
	421.53	290.01	422.03	298.00	8.00
	341.84	296.08	341.42	305.67	9.60
	327.27	296.81	326.94	305.99	9.18
	333.08	297.03	332.89	307.96	10.93
	195.96	298.00	196.18	305.02	7.03
	229.44	297.81	229.21	303.00	5.20
	235.90	297.99	235.84	303.05	5.06
	316.94	298.00	317.20	304.98	6.99
	589.45	298.07	589.76	308.01	9.94
	619.82	298.03	619.96	308.00	9.97
	570.73	298.99	571.08	306.03	7.05
	178.72	353.02	179.29	329.13	23.90
	101.86	329.02	102.02	339.00	9.99
	147.92	329.02	148.23	343.02	14.01
	209.91	329.06	210.16	353.98	24.93
	347.54	330.01	347.42	354.75	24.75
	527.01	330.99	527.07	345.00	14.01
	447.67	330.95	447.33	350.00	19.06
	332.86	335.00	332.93	344.00	9.00
	564.92	335.01	564.95	355.01	20.00
	508.82	339.01	508.62	344.88	5.87
	518.01	339.00	518.10	344.01	5.01
	224.92	342.00	225.07	353.00	11.00
	228.64	342.90	228.88	350.01	7.11
	232.09	343.03	232.24	350.05	7.02
	253.86	343.01	253.39	352.98	9.98
	282.43	344.13	282.13	352.99	8.86
	318.28	344.05	318.50	354.00	9.95
	559.42	345.12	559.92	354.99	9.88
	590.21	345.06	589.87	356.01	10.95
	332.90	347.99	333.06	354.00	6.01
	262.93	367.02	263.80	400.02	33.02
	179.34	375.13	178.53	396.01	20.89
	194.45	375.46	193.58	393.14	17.70
	388.71	375.30	388.42	391.01	15.70
	448.00	377.00	447.58	397.02	20.03
	158.78	376.01	158.94	385.00	8.99
	210.34	376.03	210.73	399.04	23.01
	317.29	376.07	317.49	382.07	6.00
	347.88	376.00	347.62	399.99	23.99
	436.17	376.09	435.33	390.01	13.95
	101.64	377.04	101.75	384.99	7.95
	341.96	379.03	342.22	389.94	10.92
	333.88	380.00	334.04	387.00	7.01
	368.28	379.99	368.68	389.99	10.01
	419.83	380.02	420.35	390.01	10.00
	429.45	380.00	430.02	390.00	10.02
	380.23	381.00	380.15	390.01	9.01
	414.79	381.01	414.68	391.03	10.02
	426.47	380.98	426.26	389.99	9.01
	282.69	390.02	282.40	400.05	10.03
	258.84	391.96	258.72	397.98	6.02
	180.92	393.97	181.30	400.09	6.13
	112.89	402.13	113.37	409.03	6.92
57
	338.08	8.63	346.95	3.90	10.05
	504.98	8.96	490.99	16.38	15.84
	132.10	11.24	117.87	18.66	16.04
	85.78	21.48	98.04	14.53	14.09
	433.03	30.61	458.95	17.91	28.87
	315.95	19.39	300.10	27.69	17.90
	488.88	63.43	506.31	55.51	19.14
	461.10	64.06	450.94	68.38	11.05
	298.02	75.49	326.00	62.01	31.06
	353.06	72.16	343.99	76.08	9.88
	505.05	101.13	488.85	109.56	18.26
	132.04	103.08	117.92	110.72	16.06
	458.90	110.30	449.53	115.44	10.69
	316.04	111.09	306.00	115.99	11.18
	445.08	117.21	432.92	122.87	13.41
	295.01	121.53	301.95	117.88	7.84
	100.86	118.91	86.98	125.92	15.55
	488.99	155.31	504.87	146.77	18.03
	321.48	154.46	328.96	150.89	8.29
	450.85	159.71	458.96	155.93	8.94
	292.00	168.92	315.00	157.00	25.91
	444.94	162.31	431.11	170.09	15.87
	117.95	201.68	132.65	193.51	16.81
	292.04	214.07	326.04	197.60	37.78
	459.01	203.03	452.17	206.36	7.61
	443.11	210.22	437.20	212.80	6.45
	86.99	216.70	100.76	210.74	15.00
	434.00	228.06	426.90	231.84	8.05
	336.98	237.90	353.88	228.58	19.31
	488.87	246.51	503.90	238.74	16.92
	132.07	240.20	117.90	247.60	15.98
	449.85	253.81	459.02	248.54	10.58
	353.88	253.89	348.88	256.47	5.62
	445.06	255.16	434.06	260.63	12.29
	433.98	273.48	427.94	276.91	6.94
	505.00	284.01	488.87	292.39	18.18
	304.25	300.24	326.19	289.27	24.54
	461.02	294.01	449.59	299.43	12.65
	284.98	308.79	302.13	300.58	19.01
	445.06	301.16	433.02	307.04	13.39
	100.08	302.06	86.91	308.55	14.69
	459.97	306.88	466.81	303.81	7.49
	426.35	323.43	432.89	319.83	7.47
	353.98	319.87	340.03	327.51	15.90
	317.79	337.97	311.10	341.59	7.61
	310.04	342.19	283.97	354.91	29.02
	132.09	331.20	117.94	338.70	16.01
	336.42	374.40	353.86	365.60	19.53
	318.46	383.40	326.10	380.17	8.30
	117.92	384.78	131.82	376.58	16.14
	85.79	387.49	92.93	383.81	8.03
	300.01	392.54	317.79	383.78	19.81
	448.90	391.67	458.93	386.89	11.11
	99.87	392.93	84.97	401.22	17.05
	446.05	393.10	433.98	398.96	13.42
	457.99	399.81	467.64	395.67	10.51
	334.88	399.82	340.82	396.55	6.78
