vx	vy	vz	score	numLines
0.97295713	-0.23098504	-0.00058499	6008.64	339
-0.13029749	0.99147487	-0.00038511	3724.57	215
-0.59682878	0.80236354	0.00285738	445.29	147

nLines	x1	y1	x2	y2	length
339
	322.44	8.39	340.12	3.72	18.29
	369.29	56.12	374.90	55.22	5.69
	432.07	52.23	437.21	51.56	5.18
	380.56	54.73	387.91	53.25	7.50
	417.13	54.76	425.18	53.67	8.13
	421.86	55.55	430.90	54.55	9.10
	332.11	60.25	346.82	57.37	14.99
	409.01	58.10	415.94	57.03	7.01
	385.02	59.36	374.00	61.00	11.14
	408.97	65.84	452.73	59.40	44.23
	385.02	64.96	412.99	62.17	28.11
	371.07	64.21	379.00	62.69	8.07
	507.03	70.17	535.85	65.29	29.23
	357.88	69.19	376.82	65.65	19.27
	359.04	73.46	407.20	66.66	48.63
	314.52	68.98	319.96	68.08	5.51
	319.88	75.34	350.97	68.13	31.92
	535.07	69.49	475.95	77.36	59.65
	330.96	71.96	340.99	70.08	10.20
	320.94	72.87	327.99	71.93	7.12
	344.94	75.09	349.97	74.40	5.07
	314.08	76.06	288.99	80.97	25.56
	242.99	91.98	334.91	76.21	93.26
	494.08	80.35	529.98	75.87	36.18
	297.99	86.88	357.94	76.64	60.82
	396.08	80.37	419.03	77.17	23.18
	273.90	80.74	279.00	80.05	5.15
	540.00	80.94	555.00	79.79	15.04
	419.90	80.88	396.00	84.65	24.20
	508.99	84.98	524.03	83.48	15.11
	191.91	87.95	213.02	85.75	21.22
	495.01	86.34	507.07	84.77	12.17
	529.06	88.70	561.02	84.57	32.23
	213.05	88.96	221.23	87.43	8.31
	348.95	90.76	372.82	87.74	24.06
	277.03	90.10	286.10	88.52	9.21
	498.97	95.90	561.05	88.28	62.55
	396.50	92.67	418.06	88.83	21.90
	261.00	92.99	273.99	90.66	13.20
	199.91	96.33	227.18	92.20	27.58
	232.91	93.51	241.95	92.20	9.14
	339.07	92.38	317.02	95.57	22.28
	349.00	95.00	370.98	91.79	22.21
	236.96	96.86	259.00	93.06	22.36
	337.95	96.71	317.01	99.73	21.15
	397.74	96.00	416.96	92.81	19.49
	388.04	95.07	395.00	94.01	7.04
	578.97	94.87	588.00	93.87	9.08
	481.97	97.73	496.99	96.09	15.11
	185.83	98.80	194.97	97.15	9.30
	286.99	100.27	308.17	97.72	21.33
	306.99	101.48	286.96	104.62	20.27
	153.97	100.07	159.00	98.99	5.15
	348.07	102.09	368.98	98.90	21.16
	375.07	104.07	381.06	103.61	6.01
	165.94	102.29	181.03	99.80	15.30
	184.06	103.16	200.07	100.38	16.24
	619.94	105.08	609.15	106.69	10.90
	247.95	101.97	255.01	100.82	7.15
	257.02	105.09	277.96	101.50	21.25
	277.04	106.17	256.99	109.50	20.33
	369.00	102.45	351.68	105.72	17.62
	388.94	102.32	393.99	101.84	5.07
	153.97	105.28	165.00	102.89	11.28
	213.69	104.81	220.11	103.84	6.49
	458.91	104.37	465.06	103.27	6.26
	156.08	108.47	182.02	103.57	26.39
	319.09	106.44	338.14	103.78	19.24
	341.06	105.09	347.00	103.95	6.05
	523.94	104.29	500.00	106.96	24.09
	591.03	105.71	598.09	104.47	7.16
	247.94	106.40	226.97	109.91	21.26
	595.10	108.47	608.03	106.15	13.14
	248.05	110.71	226.95	113.79	21.33
	485.02	108.60	498.08	107.21	13.13
	285.44	111.48	307.00	109.00	21.70
	309.89	109.59	315.00	108.94	5.15
	482.97	114.44	522.01	110.10	39.29
	185.96	113.75	203.00	111.03	17.26
	203.04	115.24	185.05	118.29	18.25
	289.17	115.15	305.02	112.05	16.14
	255.13	116.20	276.32	113.66	21.35
	273.99	116.43	264.02	118.15	10.11
	521.94	120.38	530.99	119.86	9.07
	229.10	120.17	244.99	117.53	16.11
	558.02	120.30	571.91	117.65	14.14
	598.97	127.56	625.00	122.99	26.43
	399.01	127.04	420.01	124.12	21.20
	521.00	125.05	528.98	124.04	8.05
	519.95	127.83	540.98	123.90	21.40
	499.14	128.64	519.00	126.09	20.02
	614.85	126.27	609.00	127.08	5.90
	616.93	126.40	623.99	125.88	7.08
	469.02	128.62	473.96	127.79	5.01
	397.33	137.09	373.81	140.73	23.80
	458.05	147.88	633.98	128.85	176.96
	349.67	135.46	372.93	132.80	23.41
	430.97	134.56	447.20	133.54	16.25
	476.99	133.97	482.02	133.19	5.09
	628.09	133.67	634.08	133.36	6.00
	633.99	136.84	615.98	138.30	18.07
	601.09	136.63	608.08	136.19	7.00
	318.09	140.22	338.99	136.85	21.17
	353.01	139.97	371.74	137.61	18.88
	481.93	138.88	492.01	138.28	10.09
	613.94	138.43	459.98	154.05	154.75
	394.21	143.49	420.07	139.28	26.20
	497.90	139.40	483.00	141.40	15.03
	565.06	140.68	575.06	139.48	10.07
	479.89	141.41	459.07	143.58	20.93
	287.23	144.33	307.00	141.14	20.03
	339.62	140.64	321.01	143.92	18.89
	292.04	167.24	431.98	140.87	142.40
	542.06	142.72	556.00	141.05	14.04
	530.95	144.40	536.12	143.46	5.25
	457.93	162.36	634.00	143.99	177.03
	319.09	151.23	305.33	153.61	13.96
	439.97	146.68	451.31	145.51	11.40
	494.97	147.63	524.14	144.53	29.34
	258.05	148.32	275.97	145.82	18.09
	437.94	147.37	418.00	149.67	20.07
	458.38	150.60	492.06	148.39	33.75
	304.94	167.71	406.88	149.36	103.57
	260.00	152.10	275.00	150.02	15.15
	458.98	167.82	634.03	150.24	175.93
	274.14	157.20	286.02	155.45	12.01
	372.15	160.54	447.01	153.93	75.16
	607.05	160.22	628.00	156.66	21.26
	253.96	163.32	287.98	157.65	34.49
	374.05	167.39	446.99	159.54	73.36
	561.07	164.69	544.86	167.04	16.38
	579.61	162.58	595.01	161.11	15.47
	254.05	167.23	285.00	162.62	31.29
	371.97	170.49	305.01	178.09	67.39
	299.75	174.30	373.01	165.05	73.85
	388.98	172.89	438.01	166.91	49.39
	520.89	168.70	535.08	167.42	14.25
	286.93	170.44	294.00	169.98	7.09
	265.03	172.18	274.09	171.58	9.08
	64.01	180.94	123.99	171.94	60.65
	279.97	174.78	260.89	176.36	19.15
	462.69	174.69	477.04	172.75	14.48
	388.06	179.13	431.01	175.29	43.12
	318.42	184.59	367.00	177.85	49.04
	283.79	180.40	252.98	183.97	31.01
	514.98	179.98	509.29	180.72	5.74
	398.01	183.12	422.02	181.37	24.07
	336.02	185.13	365.81	183.89	29.81
	69.97	184.35	3.96	194.71	66.82
	7.92	199.59	122.99	184.88	116.01
	289.02	186.60	295.11	185.63	6.17
	621.24	187.00	628.96	185.75	7.82
	4.00	204.01	113.01	189.69	109.95
	122.99	190.92	78.97	196.88	44.42
	253.99	190.28	272.00	189.00	18.06
	429.44	238.91	424.01	239.17	5.44
	594.07	191.79	612.99	190.05	19.00
	403.01	195.28	421.08	193.39	18.16
	27.12	208.14	124.07	194.13	97.95
	533.98	197.49	552.02	195.34	18.17
	477.02	201.45	494.05	200.49	17.06
	3.98	219.31	124.03	205.53	120.84
	3.95	210.46	25.98	209.13	22.07
	98.02	214.02	109.04	213.25	11.05
	81.03	216.35	90.11	214.81	9.21
	536.97	217.11	551.96	215.86	15.04
	61.92	217.90	73.06	217.33	11.15
	32.01	221.62	39.02	221.13	7.03
	15.05	223.26	20.12	222.67	5.11
	591.01	231.52	626.01	228.77	35.11
	564.01	233.29	528.97	235.93	35.13
	618.09	236.13	624.64	235.41	6.58
	605.21	237.26	612.23	236.66	7.04
	403.96	237.43	422.98	236.82	19.03
	70.98	238.72	82.01	238.28	11.03
	471.05	240.14	502.99	238.13	32.01
	542.85	241.63	550.04	240.95	7.22
	14.98	243.78	6.12	245.15	8.97
	483.99	245.99	490.15	245.21	6.21
	552.00	248.51	598.02	244.64	46.18
	600.99	244.82	608.11	244.51	7.13
	553.96	252.52	601.98	249.75	48.11
	544.99	248.92	539.99	249.23	5.01
	414.04	251.42	450.93	247.30	37.12
	618.96	248.55	633.99	247.34	15.08
	490.99	251.88	537.00	248.58	46.14
	375.72	253.78	410.99	253.60	35.27
	445.94	254.31	456.01	253.78	10.09
	485.00	252.39	478.97	252.80	6.05
	419.00	256.08	441.96	254.38	23.03
	517.04	253.57	542.98	253.06	25.94
	493.99	256.28	520.00	255.56	26.02
	587.06	256.70	594.04	256.70	6.99
	384.96	258.53	408.94	256.67	24.06
	473.02	258.07	482.95	257.16	9.97
	583.99	259.84	633.97	256.78	50.07
	557.05	258.64	564.04	258.62	6.99
	525.04	260.65	534.04	260.72	8.99
	523.99	263.70	577.98	260.89	54.06
	367.98	261.33	355.97	262.41	12.07
	454.00	262.00	442.99	263.33	11.09
	583.93	264.68	633.99	262.78	50.09
	357.02	270.47	440.01	264.94	83.17
	460.14	266.49	514.97	264.43	54.87
	577.00	265.49	521.01	269.85	56.16
	99.23	267.60	119.85	265.51	20.72
	624.10	266.41	619.02	266.64	5.08
	64.04	269.35	82.00	268.48	17.98
	389.01	272.84	436.00	269.11	47.14
	626.98	269.45	633.00	268.89	6.04
	459.94	272.86	515.01	270.10	55.15
	30.00	271.90	46.98	270.82	17.01
	357.02	276.31	383.97	272.84	27.17
	537.85	274.48	530.05	275.12	7.82
	500.00	277.19	507.00	276.96	7.01
	85.00	277.00	91.02	276.88	6.02
	577.03	279.46	587.00	278.99	9.98
	73.99	282.65	104.91	282.73	30.92
	28.96	285.38	5.00	286.97	24.01
	358.00	281.85	373.98	280.88	16.01
	444.99	282.49	436.00	283.05	9.00
	514.05	283.38	523.98	282.67	9.96
	577.02	283.79	587.85	282.69	10.88
	515.00	287.10	523.95	286.69	8.96
	381.43	286.11	391.98	285.33	10.58
	284.02	287.59	293.03	286.62	9.06
	296.20	286.55	308.96	285.73	12.79
	392.02	289.10	383.00	289.74	9.04
	68.03	288.04	76.07	287.58	8.06
	48.98	288.69	56.04	288.57	7.07
	88.00	289.29	123.12	288.52	35.13
	415.09	288.69	400.99	289.97	14.16
	33.10	290.11	40.02	289.62	6.94
	11.98	290.63	20.04	290.47	8.06
	53.00	291.22	82.97	289.81	30.00
	302.01	290.39	311.02	289.68	9.04
	19.00	292.97	49.18	292.52	30.19
	85.57	292.06	121.85	291.77	36.27
	4.00	293.87	12.97	293.53	8.98
	82.97	293.23	51.15	294.10	31.84
	367.99	294.31	358.00	294.95	10.02
	606.08	295.24	623.00	294.02	16.96
	48.52	295.04	16.60	295.87	31.94
	311.37	298.29	284.00	299.98	27.43
	4.01	298.05	12.97	296.92	9.04
	265.69	297.00	271.02	297.01	5.32
	544.02	298.35	559.02	297.82	15.02
	358.05	303.14	374.19	302.64	16.15
	586.98	302.85	594.00	302.10	7.06
	612.00	302.06	617.00	302.08	5.01
	254.01	304.48	276.95	303.21	22.97
	522.06	305.39	530.98	305.56	8.92
	389.01	308.95	398.04	308.51	9.04
	253.01	316.40	339.99	312.37	87.08
	103.10	316.79	112.00	315.99	8.93
	376.97	317.55	397.99	316.91	21.03
	359.99	319.06	373.98	318.86	13.99
	311.02	325.68	343.01	324.04	32.03
	252.98	327.13	268.13	326.55	15.16
	274.02	327.07	304.97	325.57	30.98
	313.97	329.35	348.33	327.58	34.40
	589.97	329.23	596.05	328.73	6.10
	276.98	330.29	307.98	328.86	31.03
	9.00	330.10	19.00	329.62	10.01
	255.01	331.45	271.20	331.76	16.20
	602.06	334.25	634.00	333.01	31.96
	376.88	334.45	384.03	334.32	7.15
	9.00	336.07	17.98	335.87	8.99
	569.99	335.47	537.98	336.90	32.04
	477.03	339.25	506.99	338.10	29.98
	628.09	338.35	634.00	338.09	5.91
	404.07	339.32	428.05	338.50	24.00
	602.96	339.34	608.99	339.09	6.04
	611.12	338.62	625.03	338.75	13.92
	609.87	345.81	603.97	346.15	5.91
	538.99	341.92	559.00	341.01	20.04
	563.99	340.94	570.05	340.87	6.06
	477.21	344.55	498.03	343.83	20.83
	422.32	345.33	430.01	345.05	7.69
	360.14	345.66	369.68	345.49	9.55
	624.98	345.48	613.02	345.90	11.96
	24.00	347.09	30.99	346.65	7.01
	549.01	347.91	560.00	347.10	11.01
	564.05	346.88	570.00	347.01	5.95
	540.00	348.06	545.01	348.17	5.01
	625.99	348.51	634.01	348.13	8.03
	423.89	348.87	430.01	348.80	6.11
	23.96	350.72	29.97	350.29	6.03
	91.03	362.17	116.38	361.59	25.36
	359.04	353.24	400.98	351.47	41.98
	404.95	351.24	410.01	351.05	5.06
	91.04	352.29	98.99	352.36	7.94
	103.11	355.37	123.01	356.16	19.92
	91.99	357.11	99.30	357.29	7.31
	358.00	360.48	398.98	361.58	40.99
	4.00	362.02	21.01	362.19	17.01
	81.95	365.28	75.99	365.61	5.97
	420.21	366.30	427.91	365.84	7.71
	375.06	366.59	386.99	366.15	11.94
	91.12	368.33	96.97	368.29	5.85
	355.96	369.21	388.94	368.86	32.99
	6.08	371.24	30.99	371.56	24.91
	90.05	372.70	96.97	372.55	6.93
	77.95	372.83	82.99	372.85	5.04
	100.00	373.18	105.01	373.11	5.01
	19.00	382.43	6.99	381.86	12.02
	7.97	376.50	16.97	376.53	9.01
	85.00	376.42	76.02	376.60	8.98
	91.00	376.09	96.01	376.12	5.01
	21.93	378.31	29.09	377.91	7.17
	18.00	386.34	25.98	386.63	7.98
	4.00	388.89	30.98	389.20	26.98
	253.98	391.68	268.00	391.66	14.02
	282.99	392.12	293.99	392.37	11.00
	89.01	393.79	97.00	393.98	7.99
	254.01	395.40	282.03	396.47	28.04
	254.03	398.70	276.00	398.91	21.97
	279.01	398.16	294.01	399.14	15.04
	268.01	406.57	273.97	406.31	5.97
	253.01	408.10	295.00	408.95	42.00
	81.02	410.08	105.98	409.43	24.97
	91.00	410.29	103.05	410.27	12.05
	253.03	414.56	294.97	412.80	41.97
	253.00	417.07	295.01	416.60	42.01
	54.08	425.86	64.00	425.96	9.93
	72.91	428.26	78.92	428.25	6.01
	44.93	429.41	54.98	429.72	10.05
	307.89	429.33	316.14	429.09	8.25
	59.02	430.84	75.99	432.15	17.02
	49.95	433.80	58.00	433.90	8.06
	64.94	434.65	72.01	435.05	7.08
	277.06	450.73	287.68	450.60	10.62
	316.00	452.02	322.14	452.34	6.14
	96.93	453.93	103.90	454.50	6.99
	3.98	459.49	19.00	461.06	15.10
	72.11	461.51	81.96	461.83	9.85
	99.87	462.25	107.01	462.70	7.16
	102.00	466.99	112.07	467.49	10.08
	300.99	473.32	312.04	473.62	11.05
215
	446.02	19.00	446.17	35.92	16.92
	319.47	8.06	319.92	21.14	13.08
	448.44	13.06	448.40	20.99	7.93
	426.81	18.24	427.02	24.47	6.24
	508.73	17.64	509.67	24.82	7.24
	441.84	20.00	442.91	34.05	14.09
	505.31	19.94	505.99	26.01	6.12
	344.04	22.00	344.02	56.00	34.00
	460.37	31.70	462.56	57.07	25.46
	456.59	74.74	455.16	58.96	15.84
	535.82	70.07	536.67	82.99	12.95
	447.26	78.89	447.51	85.93	7.05
	476.02	91.99	476.48	102.95	10.96
	418.85	89.23	421.35	123.80	34.66
	563.58	90.03	565.13	108.05	18.08
	576.07	90.02	577.43	104.98	15.03
	430.29	91.97	431.30	130.94	38.99
	445.00	92.00	444.85	130.90	38.90
	546.03	92.00	548.62	112.91	21.07
	554.45	92.03	556.60	110.01	18.11
	397.78	126.02	397.92	97.00	29.02
	538.00	93.00	540.17	113.01	20.12
	384.55	94.43	383.66	136.01	41.59
	530.05	93.99	531.89	114.02	20.11
	282.91	96.10	283.10	103.03	6.93
	521.99	95.00	522.73	103.01	8.05
	417.01	122.00	416.94	95.84	26.16
	514.00	96.00	514.47	104.02	8.03
	568.39	96.04	569.05	101.00	5.00
	407.98	96.97	408.06	122.99	26.02
	506.01	97.00	506.83	105.03	8.07
	412.17	98.00	412.88	121.98	23.99
	434.80	97.99	436.30	129.98	32.02
	449.34	97.91	450.46	133.88	35.98
	402.74	99.00	404.13	123.00	24.04
	371.67	100.98	373.60	132.02	31.10
	338.75	104.34	340.81	134.03	29.75
	387.85	105.00	388.40	135.02	30.02
	369.39	106.18	369.05	130.99	24.82
	318.48	138.07	319.27	113.01	25.07
	360.29	107.13	360.14	131.99	24.86
	364.50	108.04	364.78	131.01	22.98
	544.31	107.97	544.66	114.07	6.11
	355.50	109.06	356.00	132.00	22.94
	307.20	110.01	308.72	138.01	28.05
	337.19	110.27	336.42	134.95	24.69
	524.05	109.99	524.93	118.00	8.06
	328.03	136.00	329.04	111.66	24.36
	332.64	112.07	332.55	135.01	22.94
	323.84	112.99	323.93	136.00	23.01
	348.63	132.99	347.65	112.94	20.07
	288.33	116.92	287.08	142.01	25.12
	276.98	115.00	276.95	144.99	30.00
	305.70	115.03	304.91	139.00	23.98
	296.49	139.97	297.11	119.01	20.97
	293.06	118.01	292.10	140.04	22.05
	301.39	118.02	300.86	139.03	21.02
	315.28	117.98	315.67	138.97	21.00
	275.08	119.07	273.84	143.01	23.98
	258.03	119.98	257.83	146.04	26.05
	271.36	122.04	270.38	143.01	20.99
	284.39	121.99	284.33	151.97	29.98
	264.26	123.01	263.65	145.01	22.01
	77.84	130.97	73.01	172.00	41.31
	348.65	136.95	349.01	145.99	9.05
	316.07	142.00	316.11	147.99	5.98
	576.98	169.99	577.24	176.96	6.97
	565.67	171.23	566.10	177.00	5.78
	506.26	174.98	507.08	183.00	8.06
	453.48	176.99	455.42	251.94	74.98
	613.95	178.01	614.36	187.06	9.06
	438.09	180.00	440.43	246.05	66.10
	375.09	180.93	376.47	251.15	70.23
	385.26	181.00	386.68	250.06	69.08
	449.39	181.01	449.72	190.93	9.92
	369.17	183.93	369.43	220.11	36.17
	552.99	184.00	553.08	193.00	8.99
	627.44	228.07	621.47	188.05	40.47
	429.88	188.02	429.79	198.00	9.98
	494.04	188.98	494.75	198.04	9.09
	586.42	189.18	589.03	230.99	41.89
	426.38	190.04	429.47	238.21	48.27
	474.03	191.00	474.93	200.00	9.04
	614.33	190.99	617.60	222.99	32.17
	630.85	191.02	634.48	222.96	32.15
	559.70	192.00	564.96	233.00	41.34
	526.17	194.99	527.72	234.98	40.01
	593.21	192.99	597.51	228.00	35.28
	398.61	194.04	398.41	237.97	43.94
	422.03	194.00	423.87	236.01	42.05
	450.68	193.97	450.43	214.97	21.01
	603.21	208.99	602.37	197.01	12.01
	402.11	195.99	403.18	237.01	41.03
	579.21	195.99	583.88	242.02	46.27
	500.62	197.00	504.98	237.00	40.24
	467.21	197.73	469.17	239.02	41.33
	568.18	198.00	572.39	243.08	45.28
	532.28	199.00	536.41	232.01	33.27
	519.64	200.00	522.81	246.03	46.14
	544.57	199.98	545.32	208.93	8.99
	494.89	201.00	497.66	236.04	35.15
	475.01	203.00	477.26	237.00	34.07
	508.58	204.01	511.31	246.99	43.06
	555.14	209.93	556.25	230.96	21.07
	414.15	213.02	415.31	232.97	19.98
	487.49	212.96	487.42	218.95	5.98
	603.59	213.03	604.37	219.98	7.00
	300.86	215.01	300.44	223.11	8.11
	323.84	218.97	323.72	224.66	5.70
	546.26	219.00	547.93	231.00	12.12
	63.37	219.97	62.38	227.07	7.16
	288.30	220.00	288.11	227.01	7.01
	451.63	219.92	451.48	235.97	16.06
	321.11	225.93	320.82	232.98	7.05
	115.38	225.97	114.62	233.06	7.13
	260.96	279.00	262.79	236.99	42.04
	309.28	227.26	308.86	234.00	6.75
	338.74	227.29	341.52	274.91	47.70
	336.66	227.94	336.96	286.00	58.06
	300.98	228.99	300.64	233.99	5.01
	628.00	231.00	628.39	241.06	10.07
	589.36	233.97	590.31	241.91	7.99
	13.96	234.92	12.70	243.11	8.28
	333.53	234.96	333.22	276.05	41.09
	324.27	235.91	324.26	276.00	40.09
	95.84	237.08	92.76	275.00	38.05
	99.93	236.99	98.59	275.92	38.95
	101.01	265.00	103.63	236.65	28.47
	107.72	236.95	106.55	245.94	9.07
	260.15	237.14	259.70	248.03	10.90
	309.56	236.91	309.01	245.00	8.11
	564.80	237.99	565.08	244.00	6.01
	68.29	238.87	65.00	267.00	28.32
	86.02	239.00	83.13	267.87	29.01
	114.64	238.97	113.70	250.04	11.11
	313.13	239.03	313.32	248.02	8.99
	528.04	239.00	528.92	247.03	8.08
	64.43	239.97	62.63	277.94	38.01
	34.60	241.29	31.10	269.01	27.95
	60.09	241.00	56.95	277.00	36.14
	78.68	241.01	77.69	253.03	12.06
	452.43	241.00	453.19	249.87	8.90
	51.29	241.99	48.27	269.96	28.13
	317.86	242.04	317.96	289.05	47.02
	346.32	242.00	346.36	285.99	43.98
	429.56	241.94	429.39	247.03	5.09
	30.64	242.74	28.66	279.97	37.28
	256.33	243.19	257.26	274.01	30.84
	27.36	243.90	23.21	279.05	35.40
	372.81	243.99	373.03	252.00	8.01
	18.21	245.00	15.52	271.01	26.15
	272.90	246.00	272.92	273.00	27.00
	470.62	246.17	471.04	251.99	5.84
	276.65	247.96	276.89	278.00	30.03
	71.90	249.98	70.51	265.99	16.07
	267.69	249.98	268.92	278.99	29.03
	300.27	253.15	300.79	264.34	11.20
	76.72	257.96	76.52	264.90	6.94
	545.38	271.02	546.44	279.03	8.08
	553.59	271.01	553.81	278.97	7.97
	410.42	273.86	411.05	286.99	13.14
	416.78	273.98	416.83	285.99	12.01
	273.04	276.00	273.08	283.99	7.99
	265.43	276.99	265.49	283.94	6.94
	600.11	333.97	596.10	283.07	51.06
	631.92	280.13	634.55	301.93	21.96
	310.34	278.04	309.93	284.94	6.91
	536.24	336.93	533.14	288.03	49.00
	567.84	284.18	572.11	335.00	51.00
	322.07	295.87	322.20	290.23	5.65
	505.96	288.04	509.54	338.01	50.10
	331.04	295.38	331.20	289.33	6.05
	400.21	291.06	402.69	336.96	45.97
	624.03	294.99	627.19	329.98	35.13
	107.46	296.00	107.05	301.00	5.02
	605.12	296.00	608.14	330.98	35.12
	560.06	298.99	561.39	321.00	22.05
	542.41	300.03	544.76	334.02	34.07
	499.71	301.01	500.87	335.01	34.01
	354.18	302.13	353.86	315.03	12.91
	92.00	340.00	93.88	307.97	32.08
	115.91	308.00	113.00	346.00	38.11
	417.37	302.99	417.49	310.99	8.00
	481.38	304.08	482.53	335.97	31.91
	19.61	348.23	24.03	309.04	39.44
	492.61	305.05	493.17	318.78	13.74
	488.91	306.01	488.88	317.95	11.94
	8.97	311.00	4.95	345.99	35.22
	26.34	311.19	23.68	345.01	33.93
	355.86	323.20	354.88	359.01	35.82
	517.40	322.87	517.11	315.60	7.28
	376.28	324.83	376.36	318.48	6.35
	401.04	320.00	400.67	332.86	12.87
	489.29	321.71	490.10	333.97	12.28
	493.50	321.85	493.57	334.86	13.01
	557.56	322.01	558.22	328.03	6.05
	549.72	323.05	550.81	334.02	11.02
	376.17	326.07	376.47	333.82	7.75
	591.20	330.95	591.86	335.94	5.03
	346.04	332.99	346.52	356.02	23.03
	403.38	339.55	403.18	357.99	18.44
	318.11	337.99	318.15	352.05	14.06
	281.84	339.01	280.99	353.00	14.01
	610.01	340.00	610.14	345.06	5.06
	546.60	342.95	547.23	347.98	5.07
	314.47	354.92	314.76	371.99	17.07
	272.10	358.01	271.99	366.00	7.99
	277.38	360.00	276.58	368.98	9.02
	308.45	367.48	308.72	373.00	5.52
	277.15	374.01	276.47	391.02	17.02
	328.30	370.03	328.03	376.00	5.98
	4.00	371.00	3.58	379.97	8.98
	20.53	373.81	19.80	379.91	6.14
	255.64	378.18	255.43	383.96	5.79
	322.67	449.19	322.61	456.45	7.26
147
	367.93	62.41	360.93	64.55	7.32
	352.48	68.81	344.92	71.46	8.01
	453.07	81.65	458.05	80.14	5.20
	232.04	84.07	236.98	82.27	5.26
	433.54	89.59	442.07	87.62	8.75
	618.16	99.53	634.01	96.08	16.22
	619.94	105.08	609.15	106.69	10.90
	610.06	105.27	634.03	100.14	24.51
	591.03	105.71	598.09	104.47	7.16
	595.10	108.47	608.03	106.15	13.14
	587.94	113.66	608.00	108.02	20.84
	565.02	115.33	574.12	112.83	9.43
	558.02	120.30	571.91	117.65	14.14
	598.97	127.56	625.00	122.99	26.43
	519.95	127.83	540.98	123.90	21.40
	585.08	128.41	595.01	125.96	10.23
	614.85	126.27	609.00	127.08	5.90
	469.02	128.62	473.96	127.79	5.01
	407.00	130.01	400.93	131.26	6.20
	476.99	133.97	482.02	133.19	5.09
	421.25	135.96	429.02	134.20	7.97
	436.92	142.63	476.04	134.19	40.02
	433.86	142.31	459.11	136.63	25.87
	394.21	143.49	420.07	139.28	26.20
	497.90	139.40	483.00	141.40	15.03
	565.06	140.68	575.06	139.48	10.07
	292.04	167.24	431.98	140.87	142.40
	542.06	142.72	556.00	141.05	14.04
	530.95	144.40	536.12	143.46	5.25
	457.93	162.36	634.00	143.99	177.03
	343.06	153.09	377.04	145.67	34.78
	346.93	146.37	325.04	152.37	22.70
	294.85	146.84	288.99	148.25	6.03
	304.94	167.71	406.88	149.36	103.57
	458.98	167.82	634.03	150.24	175.93
	300.97	158.21	318.90	154.27	18.36
	607.05	160.22	628.00	156.66	21.26
	561.07	164.69	544.86	167.04	16.38
	579.61	162.58	595.01	161.11	15.47
	388.98	172.89	438.01	166.91	49.39
	520.89	168.70	535.08	167.42	14.25
	276.06	169.86	287.08	167.66	11.23
	486.58	172.98	503.00	170.00	16.69
	462.69	174.69	477.04	172.75	14.48
	318.42	184.59	367.00	177.85	49.04
	514.98	179.98	509.29	180.72	5.74
	289.02	186.60	295.11	185.63	6.17
	621.24	187.00	628.96	185.75	7.82
	429.44	238.91	424.01	239.17	5.44
	594.07	191.79	612.99	190.05	19.00
	403.01	195.28	421.08	193.39	18.16
	533.98	197.49	552.02	195.34	18.17
	477.02	201.45	494.05	200.49	17.06
	286.06	217.72	308.94	213.44	23.27
	81.03	216.35	90.11	214.81	9.21
	536.97	217.11	551.96	215.86	15.04
	47.05	220.20	54.45	218.69	7.55
	591.01	231.52	626.01	228.77	35.11
	564.01	233.29	528.97	235.93	35.13
	618.09	236.13	624.64	235.41	6.58
	605.21	237.26	612.23	236.66	7.04
	403.96	237.43	422.98	236.82	19.03
	471.05	240.14	502.99	238.13	32.01
	47.93	240.42	38.04	242.12	10.04
	542.85	241.63	550.04	240.95	7.22
	28.11	242.19	33.95	241.06	5.95
	14.98	243.78	6.12	245.15	8.97
	552.00	248.51	598.02	244.64	46.18
	600.99	244.82	608.11	244.51	7.13
	553.96	252.52	601.98	249.75	48.11
	544.99	248.92	539.99	249.23	5.01
	414.04	251.42	450.93	247.30	37.12
	618.96	248.55	633.99	247.34	15.08
	490.99	251.88	537.00	248.58	46.14
	375.72	253.78	410.99	253.60	35.27
	445.94	254.31	456.01	253.78	10.09
	485.00	252.39	478.97	252.80	6.05
	419.00	256.08	441.96	254.38	23.03
	517.04	253.57	542.98	253.06	25.94
	611.92	254.36	626.06	254.65	14.14
	493.99	256.28	520.00	255.56	26.02
	587.06	256.70	594.04	256.70	6.99
	384.96	258.53	408.94	256.67	24.06
	473.02	258.07	482.95	257.16	9.97
	573.03	257.64	579.02	257.74	5.99
	583.99	259.84	633.97	256.78	50.07
	557.05	258.64	564.04	258.62	6.99
	525.04	260.65	534.04	260.72	8.99
	523.99	263.70	577.98	260.89	54.06
	367.98	261.33	355.97	262.41	12.07
	512.05	261.58	518.04	261.74	5.99
	583.93	264.68	633.99	262.78	50.09
	378.07	264.65	384.05	264.69	5.98
	357.02	270.47	440.01	264.94	83.17
	464.99	264.37	472.05	264.66	7.07
	460.14	266.49	514.97	264.43	54.87
	577.00	265.49	521.01	269.85	56.16
	99.23	267.60	119.85	265.51	20.72
	624.10	266.41	619.02	266.64	5.08
	64.04	269.35	82.00	268.48	17.98
	442.99	268.46	454.06	268.74	11.07
	389.01	272.84	436.00	269.11	47.14
	459.94	272.86	515.01	270.10	55.15
	30.00	271.90	46.98	270.82	17.01
	500.00	277.19	507.00	276.96	7.01
	85.00	277.00	91.02	276.88	6.02
	577.03	279.46	587.00	278.99	9.98
	40.04	283.66	66.07	284.16	26.04
	73.99	282.65	104.91	282.73	30.92
	17.00	282.00	28.00	282.42	11.01
	108.99	280.60	122.99	280.89	14.01
	358.00	281.85	373.98	280.88	16.01
	444.99	282.49	436.00	283.05	9.00
	515.00	287.10	523.95	286.69	8.96
	48.98	288.69	56.04	288.57	7.07
	88.00	289.29	123.12	288.52	35.13
	420.01	288.47	427.83	288.80	7.83
	11.98	290.63	20.04	290.47	8.06
	19.00	292.97	49.18	292.52	30.19
	85.57	292.06	121.85	291.77	36.27
	265.69	297.00	271.02	297.01	5.32
	544.02	298.35	559.02	297.82	15.02
	75.01	298.87	83.01	299.04	8.00
	326.04	300.55	352.97	301.56	26.95
	358.05	303.14	374.19	302.64	16.15
	612.00	302.06	617.00	302.08	5.01
	7.50	302.57	13.01	303.09	5.53
	102.00	303.50	110.99	304.04	9.01
	522.06	305.39	530.98	305.56	8.92
	572.94	311.44	588.01	311.96	15.07
	386.01	323.91	392.01	324.60	6.05
	611.12	338.62	625.03	338.75	13.92
	97.05	340.16	103.03	340.95	6.04
	628.39	344.85	634.00	345.20	5.63
	499.98	342.89	507.98	343.61	8.04
	564.05	346.88	570.00	347.01	5.95
	540.00	348.06	545.01	348.17	5.01
	389.13	364.44	395.59	365.55	6.56
	76.90	382.76	81.85	384.42	5.22
	95.94	426.56	102.93	429.44	7.57
	312.03	432.93	317.53	434.50	5.73
	73.03	434.87	80.90	439.74	9.26
	96.00	437.99	101.01	440.64	5.66
	101.89	439.44	109.06	442.98	7.99
	262.00	451.99	268.00	454.02	6.33
	49.98	454.99	54.98	458.01	5.84
	275.02	467.15	279.99	469.17	5.37
