vx	vy	vz	score	numLines
-0.13231321	0.99120788	-0.00039519	2650.64	118
0.96462646	-0.26361957	-0.00072374	1741.66	92
0.94268987	0.33365569	0.00311312	266.32	39

nLines	x1	y1	x2	y2	length
118
	51.91	3.99	37.98	109.01	105.94
	60.95	3.98	60.19	11.04	7.10
	64.30	4.05	62.68	16.05	12.11
	94.23	4.03	83.06	99.00	95.63
	196.40	3.99	191.52	76.92	73.09
	200.23	3.98	195.39	74.01	70.20
	208.87	24.00	209.64	8.02	16.00
	252.60	4.00	251.75	25.75	21.77
	389.24	3.99	391.54	40.58	36.66
	460.76	4.02	461.57	28.90	24.89
	397.90	5.02	398.74	20.08	15.08
	204.93	6.02	202.49	37.74	31.81
	222.31	7.89	221.95	20.01	12.13
	55.42	13.13	53.98	24.18	11.14
	14.32	13.83	12.86	24.01	10.29
	208.32	27.22	207.84	36.00	8.80
	62.48	17.98	60.21	35.06	17.22
	449.54	21.77	449.98	28.00	6.25
	249.28	18.79	249.09	65.02	46.23
	67.50	20.00	65.25	33.95	14.14
	437.46	21.95	437.31	27.05	5.10
	400.08	23.00	400.48	35.97	12.97
	44.35	25.14	43.64	30.19	5.10
	415.42	24.81	415.90	33.09	8.29
	467.68	30.27	467.82	35.71	5.44
	60.74	58.99	63.17	42.14	17.03
	331.62	35.24	331.77	40.90	5.66
	324.87	44.19	324.98	39.03	5.16
	316.67	41.91	317.09	48.77	6.87
	226.43	43.40	226.47	48.97	5.57
	188.48	45.01	188.55	51.77	6.77
	202.39	48.07	200.92	72.99	24.97
	60.68	62.08	59.41	70.05	8.07
	379.99	63.01	380.07	71.06	8.05
	48.24	70.01	47.58	84.84	14.84
	46.05	84.12	42.53	106.00	22.16
	177.12	93.56	177.78	87.80	5.79
	243.71	99.03	243.36	104.11	5.09
	89.82	112.07	88.09	122.91	10.97
	376.51	113.07	376.43	118.78	5.71
	469.20	126.01	473.34	203.98	78.07
	203.89	130.69	203.99	136.00	5.30
	443.76	139.99	444.21	149.04	9.06
	463.78	142.08	464.72	168.02	25.96
	25.03	143.00	24.69	149.88	6.89
	423.39	144.01	423.68	156.22	12.22
	404.11	146.02	404.20	173.98	27.96
	108.94	146.99	108.42	153.08	6.12
	244.37	154.98	237.80	325.82	170.97
	175.89	327.05	184.48	163.04	164.24
	73.17	179.05	59.65	328.02	149.58
	11.78	329.05	27.79	185.07	144.87
	506.21	158.11	506.83	163.08	5.01
	465.34	171.22	467.35	200.03	28.88
	187.55	172.18	179.50	325.02	153.06
	194.68	172.07	192.33	197.03	25.07
	424.38	176.04	425.64	205.03	29.02
	444.75	176.06	445.80	202.95	26.90
	226.54	177.45	225.05	192.98	15.60
	209.68	178.08	209.02	187.00	8.94
	404.02	177.99	404.75	206.98	28.99
	39.37	192.08	38.21	207.97	15.94
	30.28	194.96	25.73	248.03	53.26
	209.96	199.03	208.98	224.01	25.00
	224.36	201.90	223.94	221.01	19.12
	60.32	203.05	59.66	211.32	8.29
	177.69	203.27	177.75	211.24	7.97
	191.20	208.99	191.28	226.93	17.93
	166.90	211.06	166.60	217.90	6.85
	403.24	211.93	404.39	253.95	42.03
	398.43	214.10	398.65	220.01	5.91
	58.81	217.95	56.74	236.99	19.15
	46.09	218.00	43.63	238.02	20.17
	177.46	219.08	177.27	231.84	12.76
	34.24	221.04	31.85	239.97	19.08
	315.48	225.25	315.29	233.04	7.79
	398.61	225.97	399.00	231.00	5.05
	224.77	228.90	224.82	234.03	5.13
	407.29	229.95	407.62	237.95	8.01
	189.24	230.96	185.46	322.00	91.12
	193.77	230.83	192.89	258.02	27.20
	209.67	234.85	208.29	256.20	21.39
	224.86	236.99	224.46	254.19	17.20
	399.65	243.01	399.48	260.95	17.94
	57.96	243.99	55.31	266.07	22.23
	308.09	244.03	308.25	252.86	8.83
	29.95	246.01	22.19	324.96	79.33
	44.74	247.98	43.26	265.07	17.16
	191.92	277.02	192.81	261.09	15.95
	24.56	257.01	16.20	327.04	70.53
	224.01	260.00	222.82	286.03	26.06
	207.95	261.02	205.94	287.96	27.02
	31.77	263.97	31.31	269.00	5.05
	318.45	264.02	318.52	271.05	7.03
	175.02	266.04	174.82	278.06	12.03
	43.05	269.00	40.38	292.02	23.17
	54.88	268.99	53.02	292.00	23.08
	249.71	269.04	249.34	275.06	6.04
	290.60	275.03	290.10	281.93	6.92
	271.86	278.96	272.08	283.99	5.04
	14.04	280.01	13.30	285.92	5.95
	30.55	281.04	29.93	286.99	5.98
	205.02	289.99	204.56	317.01	27.03
	222.15	289.91	221.13	316.02	26.13
	135.60	294.74	135.19	300.03	5.30
	52.26	295.09	50.84	317.99	22.95
	39.79	296.00	38.31	319.04	23.08
	28.95	298.00	27.80	308.96	11.02
	252.56	303.06	252.57	309.01	5.95
	252.72	314.96	252.27	322.13	7.18
	242.29	328.04	241.70	333.85	5.84
	34.99	342.35	34.01	348.34	6.07
	261.03	357.01	260.81	362.85	5.85
	147.99	375.99	147.74	381.23	5.24
	243.15	377.88	243.17	382.93	5.05
	78.61	406.41	77.60	412.87	6.54
	65.34	409.45	64.13	418.00	8.64
	143.23	440.88	143.23	446.12	5.24
92
	62.64	17.04	90.94	8.83	29.47
	82.51	100.14	39.06	109.78	44.51
	210.12	7.16	222.76	3.55	13.15
	250.36	16.00	212.00	24.99	39.40
	248.96	65.98	193.03	77.55	57.11
	134.01	27.02	141.97	24.65	8.30
	208.03	37.76	247.08	29.34	39.94
	461.00	29.40	393.00	40.59	68.92
	467.00	36.42	389.00	48.65	78.95
	61.01	37.36	88.02	31.07	27.73
	63.89	41.36	88.01	35.07	24.93
	281.01	40.11	274.99	41.17	6.12
	359.94	47.44	384.93	43.66	25.27
	290.19	51.92	297.89	50.82	7.78
	61.97	60.65	86.12	54.63	24.89
	349.99	60.60	361.04	58.68	11.21
	104.34	60.92	99.01	62.02	5.44
	61.95	70.87	84.06	65.74	22.70
	249.00	73.49	189.03	85.27	61.12
	323.93	81.84	337.03	79.10	13.39
	301.62	90.05	306.97	88.90	5.47
	479.07	79.16	484.99	78.28	5.98
	164.74	93.16	173.03	91.14	8.53
	401.94	93.81	408.08	92.44	6.28
	414.94	112.90	383.01	119.05	32.52
	444.87	108.75	450.08	108.05	5.25
	81.04	107.20	35.99	116.37	45.97
	375.88	108.33	364.00	109.83	11.98
	456.91	111.30	406.00	117.98	51.34
	291.92	115.82	298.97	114.76	7.13
	428.04	119.70	437.04	118.39	9.10
	390.00	123.76	425.05	120.41	35.21
	190.13	121.90	198.04	120.57	8.03
	122.90	122.84	114.95	124.56	8.13
	420.00	123.96	433.00	122.99	13.03
	442.00	125.84	458.03	124.28	16.10
	392.98	129.45	411.02	126.12	18.35
	412.98	128.89	428.94	127.69	16.00
	290.09	133.48	297.11	132.66	7.07
	230.03	134.44	224.98	134.91	5.08
	360.05	136.68	368.11	136.04	8.09
	296.86	138.40	302.74	137.39	5.97
	445.89	139.39	462.98	138.09	17.14
	404.99	144.97	442.08	140.30	37.38
	347.07	145.06	352.55	144.48	5.51
	446.88	145.76	462.04	144.10	15.25
	237.01	326.05	176.24	327.78	60.80
	180.92	155.36	190.09	153.65	9.33
	186.19	160.42	242.04	152.88	56.36
	58.63	329.48	12.37	329.78	46.27
	324.01	162.99	329.02	162.67	5.02
	227.02	167.03	239.97	164.70	13.16
	211.05	169.10	224.09	167.46	13.14
	36.98	172.87	66.05	168.18	29.45
	228.04	170.13	239.90	168.72	11.94
	464.93	169.27	437.98	171.50	27.04
	70.87	170.43	59.01	172.07	11.97
	196.99	170.97	206.88	169.77	9.95
	405.29	174.32	436.15	172.65	30.90
	47.97	180.54	71.03	177.49	23.26
	29.98	182.93	46.02	181.11	16.14
	261.97	184.71	267.94	184.33	5.98
	409.00	188.00	415.93	187.70	6.93
	50.13	190.22	60.01	188.78	9.98
	41.00	191.44	48.00	191.04	7.01
	63.92	191.59	69.03	191.16	5.13
	225.01	194.89	239.01	193.29	14.09
	192.99	198.95	221.12	195.37	28.35
	333.96	200.68	346.89	199.90	12.95
	138.91	204.67	146.10	203.67	7.26
	405.10	208.58	469.09	203.83	64.16
	48.02	214.23	65.99	211.81	18.13
	330.01	221.36	337.00	220.95	6.99
	237.96	223.33	190.99	228.02	47.20
	64.99	238.22	30.96	242.03	34.24
	193.87	260.27	236.87	256.45	43.18
	248.79	258.20	253.99	257.98	5.21
	45.04	267.81	53.00	266.75	8.03
	57.02	266.86	62.98	266.69	5.96
	375.90	272.91	381.00	272.96	5.10
	222.10	287.52	235.99	286.76	13.91
	198.95	293.78	203.96	293.80	5.01
	191.01	319.37	218.04	318.39	27.05
	220.92	318.44	235.01	317.83	14.10
	29.97	320.75	57.00	320.93	27.03
	35.99	324.74	46.89	323.93	10.93
	131.98	328.06	120.67	328.97	11.34
	240.98	334.94	173.05	336.49	67.95
	59.95	336.88	7.98	337.31	51.98
	151.42	334.45	157.25	334.49	5.83
	15.92	369.42	21.83	369.39	5.90
	4.01	399.18	151.05	402.71	147.09
39
	333.07	13.14	330.56	20.01	7.30
	362.05	13.00	358.61	18.03	6.09
	327.09	30.14	324.95	36.01	6.24
	353.81	41.87	347.00	49.90	10.53
	326.99	73.70	336.91	60.92	16.18
	370.98	59.37	366.02	63.01	6.15
	251.29	135.26	269.49	124.39	21.20
	479.07	79.16	484.99	78.28	5.98
	377.24	96.33	370.99	96.83	6.26
	288.03	104.94	295.05	106.36	7.17
	451.06	107.32	477.01	107.10	25.95
	290.01	113.46	284.97	116.19	5.73
	190.13	121.90	198.04	120.57	8.03
	176.04	149.74	197.01	144.03	21.74
	434.78	144.38	442.23	146.67	7.79
	210.03	153.45	214.99	151.30	5.40
	40.77	168.70	21.06	173.36	20.25
	62.06	189.13	70.03	186.69	8.33
	19.07	194.42	14.05	195.88	5.22
	291.91	215.98	288.40	245.00	29.24
	351.04	216.80	353.50	221.93	5.69
	108.96	218.62	103.93	221.84	5.98
	355.06	231.00	358.22	238.85	8.46
	308.09	244.03	308.25	252.86	8.83
	8.94	260.92	17.00	256.02	9.42
	255.73	272.96	257.58	267.77	5.51
	290.60	275.03	290.10	281.93	6.92
	195.59	280.98	192.62	285.99	5.83
	247.70	306.06	244.92	318.00	12.26
	159.61	301.43	155.85	306.89	6.63
	168.88	319.98	165.74	324.77	5.72
	169.21	334.09	166.59	338.69	5.30
	244.96	349.00	246.77	342.69	6.57
	248.43	351.42	246.36	358.98	7.84
	33.24	374.10	26.00	381.19	10.13
	67.63	384.05	63.62	388.72	6.16
	108.17	391.35	111.62	386.70	5.79
	29.64	452.94	26.01	457.00	5.45
	145.35	455.19	140.74	464.95	10.80
