vx	vy	vz	score	numLines
0.64960110	0.76027517	-0.00026836	11707.08	559
0.96113676	0.27607261	0.00018435	3572.09	286
-0.09633262	0.99534845	0.00122165	3334.01	211

nLines	x1	y1	x2	y2	length
559
	3.83	4.14	49.86	60.12	72.47
	9.96	4.03	16.15	10.80	9.17
	48.51	9.97	55.09	17.89	10.29
	54.68	8.86	69.79	27.14	23.71
	69.34	34.01	65.96	30.05	5.21
	64.80	4.24	83.41	26.10	28.70
	86.41	45.98	74.02	32.50	18.30
	89.65	4.90	128.92	50.06	59.85
	128.54	58.25	145.01	79.00	26.48
	145.33	88.03	153.98	98.01	13.21
	96.01	3.98	118.93	29.71	34.46
	105.91	4.04	112.01	11.44	9.59
	114.40	4.05	154.52	49.98	60.98
	123.11	3.91	138.78	21.16	23.30
	132.46	4.03	146.38	20.06	21.24
	146.17	28.92	141.89	24.10	6.44
	142.20	3.83	169.43	34.07	40.69
	151.38	3.71	192.42	49.07	61.17
	162.75	4.24	200.37	47.08	57.01
	172.24	3.77	184.49	17.03	18.05
	182.85	4.20	192.92	15.05	14.80
	205.13	3.88	245.08	45.93	58.00
	216.35	3.70	224.70	12.93	12.44
	229.13	3.88	250.61	27.29	31.77
	241.68	3.86	298.01	62.99	81.66
	254.29	3.64	306.04	57.95	75.02
	283.04	3.95	317.04	38.96	48.80
	451.73	32.10	461.11	40.80	12.80
	80.35	4.71	92.23	18.79	18.43
	300.00	6.00	367.55	76.99	97.99
	273.03	6.97	295.09	31.37	32.89
	314.00	6.58	346.46	40.21	46.74
	33.74	9.35	40.39	17.06	10.18
	40.26	25.10	100.24	96.78	93.46
	39.90	9.08	50.23	20.78	15.61
	198.97	9.02	232.06	44.94	48.84
	379.89	11.12	387.70	18.64	10.84
	112.90	12.66	121.23	22.13	12.62
	120.67	30.87	137.72	50.89	26.30
	81.64	14.28	90.28	25.10	13.85
	91.19	34.86	105.17	50.93	21.31
	108.25	72.09	93.02	53.97	23.67
	90.20	58.92	106.35	80.14	26.67
	94.35	20.05	99.11	25.95	7.58
	395.30	13.76	401.61	20.90	9.52
	5.95	15.04	21.60	32.94	23.78
	20.59	38.93	37.14	58.84	25.89
	19.59	14.93	27.09	24.92	12.50
	226.81	14.79	253.71	43.21	39.14
	446.04	15.94	454.12	23.87	11.32
	433.04	16.92	437.97	22.01	7.09
	55.67	35.15	76.39	60.04	32.39
	195.00	18.33	205.96	30.03	16.03
	42.97	19.03	53.11	30.93	15.64
	55.87	20.13	62.47	27.01	9.54
	63.66	35.87	77.40	53.08	22.02
	31.04	20.97	39.93	32.06	14.22
	128.56	29.95	144.98	49.02	25.16
	144.79	58.12	161.53	77.95	25.94
	149.97	23.55	165.16	40.78	22.98
	612.39	23.61	622.69	33.93	14.59
	192.08	25.94	210.53	45.96	27.23
	208.20	55.14	201.54	48.01	9.75
	105.70	32.87	121.84	52.09	25.10
	252.86	29.15	267.22	46.22	22.31
	146.99	30.00	211.67	104.76	98.85
	38.11	37.95	44.75	45.83	10.31
	40.90	33.65	59.36	56.10	29.07
	98.95	34.03	125.42	65.04	40.77
	123.32	72.70	107.78	53.27	24.87
	209.90	34.10	221.37	46.09	16.60
	166.56	41.95	216.06	97.95	74.74
	170.90	35.12	223.08	93.64	78.41
	404.14	35.24	408.18	39.94	6.20
	417.06	34.55	425.28	43.89	12.44
	469.54	35.45	479.22	43.98	12.90
	13.90	38.14	50.05	81.95	56.80
	24.63	38.28	38.09	52.92	19.88
	382.82	38.10	387.01	42.00	5.71
	549.80	40.31	560.43	50.83	14.96
	347.65	40.92	365.14	60.68	26.38
	76.03	42.95	87.06	55.43	16.65
	53.38	64.08	91.24	109.84	59.38
	3.52	47.36	11.68	57.16	12.76
	15.77	47.18	25.01	57.99	14.22
	87.05	46.97	90.95	52.03	6.39
	223.74	47.25	250.35	78.08	40.72
	257.95	47.59	282.35	72.78	35.07
	212.97	48.53	233.00	71.00	30.10
	235.32	48.57	247.26	61.79	17.81
	194.10	50.33	211.42	71.06	27.02
	139.69	52.26	144.14	57.87	7.16
	157.54	52.43	172.93	69.07	22.66
	17.68	64.18	23.74	71.28	9.34
	422.01	54.42	429.53	61.95	10.64
	439.05	53.79	447.41	61.65	11.48
	85.50	62.02	98.00	77.00	19.51
	97.36	85.00	101.94	91.03	7.57
	108.46	123.64	96.73	108.26	19.35
	474.28	55.35	483.47	63.62	12.37
	496.08	54.96	505.00	63.04	12.03
	60.75	56.22	78.36	79.08	28.86
	54.00	57.00	66.45	73.50	20.67
	137.62	59.90	142.40	65.08	7.05
	43.85	61.12	78.06	101.95	53.27
	80.31	112.11	93.46	128.01	20.63
	77.52	60.98	96.08	83.95	29.53
	366.17	60.76	382.41	76.63	22.70
	283.90	61.66	289.15	67.86	8.13
	554.80	62.28	564.19	71.98	13.50
	216.85	64.13	225.79	74.84	13.95
	261.29	64.65	272.93	77.05	17.01
	573.86	66.31	583.99	76.00	14.02
	143.53	65.99	154.94	80.06	18.11
	251.25	65.78	261.78	77.19	15.53
	111.62	67.32	133.47	93.39	34.02
	127.94	67.07	143.44	86.67	24.99
	160.97	67.04	164.93	72.09	6.42
	34.67	70.25	63.06	105.27	45.08
	13.10	70.90	22.45	81.52	14.14
	186.00	71.37	195.96	81.61	14.29
	212.63	71.90	218.74	78.86	9.27
	8.02	72.98	12.53	78.38	7.03
	23.57	72.52	29.98	80.01	9.86
	108.96	73.03	112.72	77.91	6.17
	233.84	73.30	267.43	108.66	48.77
	274.95	72.62	278.86	77.18	6.01
	444.05	72.73	451.80	80.07	10.67
	124.94	74.05	150.25	104.07	39.27
	462.32	74.74	470.21	82.91	11.35
	179.75	76.11	186.13	82.95	9.35
	114.71	79.30	130.24	97.79	24.14
	264.54	79.46	283.98	100.01	28.29
	369.85	78.75	392.76	103.43	33.68
	517.05	79.85	522.96	85.04	7.86
	422.70	80.21	426.38	84.11	5.36
	252.91	80.65	265.37	93.69	18.04
	40.13	85.21	54.46	103.02	22.86
	3.97	86.03	17.36	104.09	22.48
	112.50	85.96	117.71	92.17	8.11
	19.84	87.09	35.52	104.63	23.52
	53.90	87.07	66.59	102.96	20.34
	66.10	108.97	70.54	114.96	7.46
	75.53	134.96	91.22	153.73	24.47
	79.01	87.00	92.57	103.94	21.70
	93.28	112.09	106.03	127.98	20.37
	107.98	138.02	122.78	156.18	23.44
	152.68	87.85	156.24	92.09	5.54
	238.73	89.33	270.17	123.19	46.21
	414.96	89.22	421.98	96.01	9.77
	601.60	89.33	611.16	98.82	13.47
	36.81	108.11	49.92	124.05	20.65
	91.52	94.35	103.00	107.49	17.45
	135.55	106.19	146.65	117.91	16.14
	134.82	94.19	143.59	104.96	13.89
	467.15	94.32	475.10	101.93	11.01
	487.87	114.27	498.22	123.80	14.06
	193.10	94.90	205.90	109.09	19.11
	267.86	95.15	278.77	108.13	16.96
	235.32	96.59	246.36	109.09	16.68
	124.55	99.98	129.45	106.15	7.87
	523.97	99.84	533.68	108.94	13.31
	540.98	105.03	550.30	114.97	13.63
	68.99	105.01	101.15	145.84	51.98
	457.60	105.57	464.46	112.58	9.80
	32.48	107.14	47.12	126.88	24.57
	108.87	107.23	123.28	124.68	22.63
	26.47	108.19	37.15	121.89	17.37
	120.17	111.90	125.00	118.00	7.79
	127.50	137.88	132.16	143.94	7.65
	130.96	150.02	134.05	153.99	5.03
	437.08	108.44	444.53	115.88	10.53
	60.53	109.96	68.29	119.50	12.30
	248.97	111.03	260.33	125.10	18.09
	127.97	112.02	140.38	128.07	20.29
	228.77	112.30	246.07	131.89	26.14
	135.09	112.94	139.76	119.14	7.76
	49.74	116.22	57.81	127.16	13.59
	508.01	118.26	517.32	127.96	13.44
	62.16	118.86	72.29	132.72	17.17
	103.34	147.02	127.18	176.84	38.18
	113.02	119.97	120.05	128.96	11.41
	12.02	137.99	16.51	143.58	7.17
	129.22	123.21	136.12	131.98	11.16
	221.73	126.22	238.20	146.81	26.37
	540.18	152.97	531.00	142.94	13.60
	231.83	126.69	242.52	139.37	16.58
	566.90	128.13	575.88	138.04	13.38
	458.85	129.19	466.46	138.02	11.66
	87.20	134.84	100.26	152.13	21.68
	100.53	158.94	109.03	169.98	13.93
	44.72	130.85	55.58	145.33	18.10
	16.58	132.35	21.88	139.09	8.57
	65.86	132.16	77.84	147.09	19.14
	108.97	131.54	117.49	142.34	13.76
	474.89	132.62	484.22	140.94	12.51
	80.53	134.98	87.90	145.08	12.51
	117.46	134.67	128.30	146.74	16.22
	55.78	137.82	61.45	144.60	8.84
	67.51	139.38	75.15	148.90	12.20
	89.57	145.94	99.48	158.57	16.06
	245.22	140.75	254.41	152.00	14.52
	119.66	144.27	128.88	156.04	14.96
	128.27	162.07	123.98	157.51	6.26
	46.43	147.05	57.09	159.92	16.71
	63.80	174.05	72.42	184.62	13.63
	64.10	153.97	69.52	161.50	9.27
	571.31	149.67	580.96	159.03	13.45
	137.71	153.12	143.24	158.82	7.94
	159.24	152.68	163.02	156.82	5.61
	458.53	152.83	478.27	175.05	29.72
	444.59	154.98	480.50	191.99	51.57
	590.73	155.29	600.31	166.17	14.50
	84.79	156.17	96.40	168.67	17.06
	116.28	193.80	109.48	186.47	10.00
	496.94	157.08	505.13	164.89	11.31
	77.60	159.37	81.88	165.13	7.17
	92.87	189.01	81.52	176.98	16.54
	77.48	163.57	81.34	168.76	6.47
	55.81	165.13	60.15	169.92	6.47
	555.76	166.20	563.97	175.04	12.06
	501.56	176.44	509.09	184.96	11.37
	480.97	178.04	499.01	194.99	24.76
	598.67	177.92	606.32	184.63	10.18
	103.69	178.61	107.60	183.28	6.09
	94.85	180.09	102.13	189.87	12.19
	72.57	181.36	81.68	192.18	14.15
	79.66	182.96	85.66	190.31	9.49
	106.42	189.45	114.40	198.22	11.86
	120.94	190.05	126.07	196.97	8.62
	576.32	191.37	587.09	200.96	14.41
	88.46	198.97	84.72	194.23	6.04
	482.71	192.86	523.92	236.06	59.70
	68.55	194.54	73.72	200.28	7.73
	62.10	196.93	71.80	210.08	16.34
	500.00	196.51	520.09	217.32	28.92
	524.97	198.05	533.52	206.56	12.06
	107.62	203.13	112.06	207.96	6.56
	73.66	205.89	77.74	211.11	6.62
	22.71	204.87	26.91	209.84	6.51
	112.35	214.85	117.67	222.21	9.09
	557.96	211.28	566.83	220.03	12.46
	485.91	213.64	521.49	251.00	51.60
	531.98	214.05	565.43	248.04	47.69
	520.92	218.60	541.04	237.96	27.91
	524.00	238.38	563.42	277.06	55.22
	545.53	243.50	627.36	325.07	115.55
	566.62	248.91	597.17	277.85	42.08
	524.92	254.75	555.48	287.00	44.43
	564.44	255.01	570.14	260.95	8.24
	119.94	260.05	130.97	273.05	17.05
	95.53	263.32	100.79	270.17	8.64
	85.71	264.87	94.38	275.08	13.39
	63.72	265.87	67.17	269.91	5.30
	507.01	269.90	544.82	309.11	54.47
	523.71	269.92	534.02	280.97	15.12
	69.88	271.09	75.41	278.05	8.89
	49.22	276.83	53.33	281.80	6.46
	564.55	277.40	605.33	321.12	59.79
	613.11	276.92	621.94	287.05	13.45
	634.17	298.81	626.09	289.90	12.03
	534.99	282.53	580.27	330.06	65.65
	493.98	284.58	509.22	301.16	22.52
	557.27	287.00	565.88	296.12	12.55
	470.91	288.07	535.05	358.34	95.14
	606.76	288.24	634.41	317.57	40.31
	449.44	294.47	463.95	309.06	20.58
	464.48	296.49	499.80	333.23	50.96
	566.90	298.11	596.97	328.52	42.77
	75.00	301.00	79.08	305.96	6.42
	494.93	300.59	503.43	310.02	12.69
	512.97	305.04	546.84	344.00	51.63
	581.86	305.08	585.21	308.91	5.09
	435.97	306.03	465.63	338.93	44.30
	52.31	307.59	55.33	312.02	5.36
	546.95	310.04	597.11	362.34	72.47
	464.97	310.53	499.67	347.92	51.01
	504.64	310.91	532.15	340.25	40.22
	429.17	311.87	435.03	318.98	9.22
	540.42	319.06	608.30	390.11	98.26
	416.60	321.98	424.31	331.18	12.00
	606.64	321.94	634.17	351.82	40.63
	438.85	322.71	468.84	355.16	44.19
	579.86	327.12	634.29	384.72	79.25
	627.39	326.50	634.48	334.53	10.71
	597.88	330.70	626.43	359.04	40.23
	425.90	332.51	455.12	364.84	43.57
	499.86	334.76	536.99	373.01	53.31
	420.46	338.00	432.19	351.86	18.16
	533.48	342.45	571.69	382.41	55.29
	550.00	346.02	560.26	356.11	14.40
	498.31	349.22	533.04	384.97	49.85
	456.85	354.21	462.78	360.85	8.90
	493.51	356.01	500.34	364.06	10.56
	437.56	356.98	448.08	368.93	15.92
	539.43	433.04	480.09	368.60	87.60
	561.51	356.99	569.98	365.03	11.68
	535.99	359.53	579.86	407.20	64.79
	627.81	359.83	634.45	367.57	10.20
	487.02	363.97	502.46	379.04	21.57
	597.94	363.63	634.27	402.74	53.39
	502.29	366.78	575.42	445.06	107.12
	570.96	367.58	602.26	400.12	45.15
	109.54	373.19	117.22	383.81	13.10
	474.06	373.46	489.43	390.06	22.62
	449.91	375.09	455.96	381.05	8.50
	469.20	378.86	502.39	418.04	51.34
	540.74	378.88	634.11	479.90	137.56
	503.83	380.16	537.46	418.04	50.65
	571.93	383.61	602.43	416.01	44.50
	462.63	384.91	468.10	391.88	8.86
	368.83	410.00	384.56	428.58	24.35
	537.02	387.98	555.46	408.04	27.24
	610.07	390.94	634.16	417.84	36.12
	470.26	394.07	510.47	439.04	60.33
	492.80	394.21	524.49	429.01	47.06
	230.73	398.21	239.98	408.04	13.50
	603.53	400.97	634.51	434.46	45.62
	557.01	408.99	573.40	428.07	25.15
	583.20	410.79	592.99	420.01	13.45
	603.67	416.88	634.51	449.53	44.91
	503.57	418.96	511.72	427.30	11.66
	538.60	418.93	576.45	460.05	55.89
	593.88	421.67	632.45	462.42	56.10
	512.78	429.27	544.41	464.04	47.01
	575.10	428.92	605.06	463.42	45.70
	525.58	430.00	544.72	451.26	28.61
	540.97	434.02	577.49	474.01	54.15
	511.63	439.95	537.20	468.81	38.55
	4.90	444.96	8.27	449.90	5.98
	577.02	445.98	626.30	501.11	73.95
	500.38	451.40	549.47	507.03	74.19
	546.02	453.46	571.44	482.02	38.23
	515.95	456.04	540.35	485.05	37.91
	486.14	460.80	501.45	477.21	22.44
	577.91	461.09	634.37	523.74	84.34
	471.94	465.69	503.29	502.07	48.02
	480.42	463.44	493.99	479.01	20.66
	505.07	480.93	614.86	604.12	165.02
	545.57	465.00	592.37	518.07	70.76
	605.95	464.61	613.40	472.07	10.54
	463.89	469.24	479.03	485.94	22.54
	330.94	471.30	335.00	476.56	6.64
	320.03	471.62	323.68	476.26	5.91
	459.97	475.47	514.97	536.03	81.81
	540.51	472.98	563.50	498.00	33.98
	614.96	473.03	634.13	493.93	28.35
	458.93	501.15	444.42	486.38	20.70
	581.76	479.24	616.50	518.02	52.07
	457.97	481.02	493.32	520.13	52.72
	451.01	482.98	462.50	495.99	17.35
	497.77	482.84	553.67	546.90	85.02
	549.08	553.93	579.70	588.27	46.01
	572.68	482.88	634.19	551.81	92.38
	541.51	485.98	575.48	523.49	50.61
	481.01	487.99	523.75	535.22	63.70
	434.08	492.91	464.53	525.54	44.63
	428.11	497.48	472.77	546.21	66.09
	564.72	498.92	612.13	552.89	71.84
	465.29	499.76	480.41	516.07	22.24
	425.14	500.92	435.08	512.93	15.59
	417.53	502.39	431.38	518.17	20.99
	459.40	501.56	489.88	537.15	46.86
	627.53	501.97	634.24	508.79	9.56
	239.99	504.09	243.07	508.03	5.00
	506.12	505.27	540.01	542.39	50.26
	414.98	507.02	426.39	519.60	16.99
	454.83	507.22	468.42	522.05	20.12
	550.63	507.94	585.59	549.00	53.92
	8.70	510.07	13.05	516.96	8.15
	405.10	512.90	425.46	535.42	30.36
	400.91	516.06	411.49	529.02	16.74
	437.23	515.84	452.71	532.29	22.59
	432.55	518.42	462.65	553.34	46.10
	455.98	555.05	443.04	539.97	19.86
	482.93	519.07	521.42	564.01	59.16
	593.57	518.95	629.04	558.47	53.11
	617.62	519.48	628.45	532.01	16.56
	427.30	520.71	441.30	537.66	21.99
	494.59	520.99	504.23	533.76	16.00
	391.28	521.70	400.11	531.89	13.49
	380.12	524.31	400.53	548.60	31.73
	388.13	524.88	397.70	536.48	15.04
	470.94	525.05	499.83	558.15	43.93
	576.46	525.37	585.29	534.13	12.43
	401.71	526.31	428.48	556.44	40.30
	423.96	526.05	436.50	540.32	19.00
	462.95	526.05	479.89	543.92	24.63
	378.43	529.70	387.61	540.37	14.08
	414.48	532.43	419.90	538.67	8.27
	629.59	532.94	634.20	537.84	6.72
	370.04	534.96	378.80	545.25	13.53
	385.91	545.09	397.82	559.17	18.44
	403.90	536.13	414.49	549.00	16.66
	454.58	534.94	480.91	566.10	40.79
	505.52	534.95	518.67	550.37	20.27
	527.06	550.37	540.45	565.04	19.85
	586.58	534.98	620.46	575.03	52.46
	523.94	536.52	548.30	563.67	36.48
	365.09	537.90	375.38	549.07	15.19
	399.61	538.89	404.84	545.04	8.07
	427.90	539.10	431.39	543.66	5.74
	491.29	538.70	498.02	545.98	9.92
	517.38	538.66	525.97	549.03	13.46
	354.01	544.99	369.94	564.02	24.82
	359.89	543.72	369.66	556.31	15.94
	478.20	543.81	532.91	608.08	84.41
	540.96	544.04	547.06	550.94	9.20
	432.62	544.89	446.07	559.79	20.08
	391.00	546.00	400.63	557.31	14.86
	349.98	548.03	359.39	558.07	13.77
	428.44	548.46	438.98	561.99	17.16
	474.02	548.49	486.43	563.05	19.13
	498.36	547.58	505.98	556.04	11.38
	347.06	549.96	350.35	554.07	5.26
	402.33	551.09	419.67	570.97	26.39
	556.91	551.10	562.36	557.61	8.49
	390.70	574.13	375.28	555.79	23.96
	445.24	551.78	448.97	556.01	5.64
	588.01	551.51	634.03	601.97	68.30
	417.99	553.01	422.96	558.62	7.49
	520.53	552.52	526.59	559.43	9.19
	613.61	553.94	633.94	577.55	31.16
	341.46	554.66	349.03	564.96	12.78
	463.88	555.13	467.93	559.64	6.07
	581.56	554.96	634.04	614.97	79.72
	387.90	555.61	394.48	563.98	10.65
	413.51	556.01	424.20	567.79	15.91
	431.78	569.25	441.82	582.10	16.31
	457.41	556.57	466.01	566.99	13.51
	370.98	558.02	379.46	568.01	13.11
	377.31	573.65	388.89	586.68	17.43
	507.19	557.82	540.62	594.78	49.84
	402.07	558.92	415.01	572.99	19.11
	441.72	564.33	468.56	595.32	41.00
	451.98	559.46	464.77	574.17	19.49
	338.82	560.13	342.48	564.45	5.66
	629.95	559.63	634.13	563.91	5.98
	361.35	560.55	372.74	574.09	17.69
	398.06	560.71	403.25	566.72	7.95
	425.05	560.98	429.71	566.21	7.01
	446.89	561.00	458.91	576.20	19.38
	492.18	588.70	497.78	595.28	8.65
	501.86	561.16	522.01	584.99	31.21
	526.89	560.64	534.03	567.97	10.23
	542.91	568.15	557.19	585.15	22.20
	565.56	560.95	581.04	577.95	22.99
	324.27	562.78	334.68	574.27	15.51
	358.59	563.91	370.02	576.95	17.33
	487.63	563.95	502.44	581.05	22.62
	353.68	565.48	371.18	585.79	26.81
	395.62	564.92	404.72	576.30	14.57
	435.33	564.68	448.96	581.04	21.30
	471.99	565.01	491.97	588.03	30.48
	522.54	564.98	561.05	609.97	59.23
	324.23	565.80	332.43	576.45	13.44
	373.00	567.00	375.94	571.07	5.02
	550.35	566.72	608.96	634.03	89.26
	404.21	567.82	409.42	574.44	8.43
	314.20	568.88	321.30	577.08	10.85
	483.66	569.89	496.04	583.96	18.74
	536.49	570.51	585.03	626.96	74.46
	594.06	627.32	599.74	634.23	8.95
	427.16	571.93	430.48	576.03	5.28
	341.03	573.96	349.81	586.09	14.98
	421.96	574.05	426.06	578.93	6.38
	373.93	576.22	385.45	589.41	17.51
	473.13	575.85	478.33	582.12	8.15
	621.62	575.97	634.27	589.74	18.70
	337.52	576.98	344.09	584.92	10.31
	417.35	576.73	428.16	588.82	16.22
	434.86	589.17	446.68	603.14	18.30
	431.54	577.05	437.95	585.05	10.26
	333.03	577.86	337.10	582.87	6.46
	411.80	578.34	423.32	591.10	17.19
	370.46	578.58	375.62	584.38	7.76
	461.32	579.62	474.68	594.49	19.99
	582.32	579.70	624.30	627.13	63.33
	325.86	581.28	329.47	585.50	5.55
	427.39	580.60	433.61	587.39	9.21
	503.65	581.94	546.88	634.10	67.74
	450.46	582.62	455.48	589.13	8.22
	363.59	583.95	371.88	594.12	13.12
	359.87	585.14	368.40	596.05	13.85
	445.85	586.20	450.19	590.77	6.30
	400.63	586.94	411.13	598.74	15.79
	372.42	587.62	376.56	593.11	6.87
	413.62	587.51	419.17	593.79	8.37
	424.86	593.41	436.90	607.09	18.23
	440.40	587.62	452.13	601.88	18.46
	499.59	587.94	505.67	594.24	8.75
	524.46	587.57	556.48	625.97	50.00
	560.54	588.48	592.40	625.07	48.51
	345.65	588.90	354.49	599.50	13.80
	410.52	590.99	414.70	596.08	6.59
	429.54	590.50	435.64	598.06	9.71
	486.40	590.69	499.38	606.58	20.51
	507.84	607.20	529.49	632.59	33.36
	339.79	592.27	343.84	597.13	6.33
	582.89	592.08	607.47	620.02	37.21
	361.92	594.08	370.04	603.97	12.79
	481.92	594.09	503.01	618.99	32.63
	509.90	628.51	514.81	634.15	7.48
	337.34	595.47	341.87	601.16	7.27
	470.14	598.26	476.16	604.81	8.90
	539.18	594.83	572.98	634.02	51.75
	379.50	596.40	388.70	608.15	14.92
	384.72	595.87	398.18	611.84	20.89
	475.34	595.70	488.10	610.89	19.84
	421.27	596.76	432.89	610.16	17.74
	438.70	610.37	449.86	623.10	16.94
	446.78	627.83	451.82	634.15	8.08
	499.44	596.65	506.04	604.98	10.63
	507.03	596.94	534.50	629.02	42.23
	397.00	597.55	400.84	602.14	5.99
	416.84	598.19	427.31	612.03	17.35
	465.26	600.84	482.67	621.22	26.81
	412.65	601.90	434.68	628.30	34.38
	459.07	602.39	471.54	617.28	19.43
	339.59	603.59	342.87	608.16	5.63
	398.00	606.05	409.62	619.97	18.14
	404.38	606.08	414.52	617.64	15.38
	421.12	618.82	431.53	632.03	16.81
	449.14	606.70	454.12	612.36	7.54
	460.96	612.38	478.77	634.17	28.15
	455.28	606.17	459.71	611.30	6.78
	367.92	608.07	372.95	614.03	7.80
	413.30	608.68	420.00	616.00	9.92
	444.22	608.80	455.99	622.01	17.69
	461.99	622.46	455.37	613.61	11.06
	501.44	608.58	508.45	617.07	11.01
	479.58	609.95	496.22	629.17	25.43
	314.39	611.58	318.49	616.51	6.40
	351.18	611.81	357.29	619.80	10.05
	434.39	611.58	446.20	626.81	19.27
	386.30	612.73	393.58	621.39	11.32
	489.32	612.73	507.53	634.39	28.30
	562.89	612.67	577.44	629.06	21.91
	383.15	613.80	392.89	626.05	15.65
	625.72	615.90	634.25	626.76	13.81
	368.14	620.82	376.16	630.90	12.88
	379.96	617.02	383.67	621.30	5.67
	401.78	617.29	416.12	633.91	21.95
	541.44	617.57	555.60	634.39	21.99
	472.88	618.60	478.85	625.29	8.97
	510.10	619.32	522.55	633.97	19.23
	371.78	620.15	381.94	632.12	15.70
	358.58	622.43	363.84	629.21	8.58
	462.78	623.27	471.80	634.17	14.15
	609.08	622.54	618.60	634.26	15.11
	326.71	624.51	333.34	633.08	10.84
	402.71	625.34	409.74	634.22	11.32
	485.06	625.42	493.19	633.84	11.71
	557.60	626.93	562.32	632.11	7.01
	243.50	628.33	247.85	634.11	7.23
	453.81	628.19	458.12	633.93	7.17
	289.47	629.40	293.58	634.33	6.42
	586.20	628.85	590.83	634.15	7.03
	482.33	630.10	485.46	634.06	5.05
286
	598.97	97.85	606.02	99.90	7.34
	479.17	104.80	484.07	106.35	5.14
	182.04	141.90	191.04	143.85	9.21
	192.90	144.17	218.91	152.79	27.39
	189.90	157.37	213.02	164.95	24.33
	156.68	159.42	161.94	160.53	5.37
	213.91	163.34	242.01	171.47	29.26
	170.94	164.12	201.99	171.60	31.93
	155.94	168.68	170.01	171.97	14.45
	169.05	165.73	183.13	169.79	14.65
	136.07	170.80	175.01	180.66	40.17
	173.93	173.29	206.02	180.79	32.96
	197.99	173.92	206.00	175.53	8.17
	134.05	176.64	170.98	186.50	38.23
	134.13	184.62	149.87	188.38	16.18
	218.04	184.29	229.01	186.46	11.18
	180.11	188.26	185.02	189.90	5.18
	199.00	192.99	186.94	190.18	12.39
	130.86	190.19	145.00	194.49	14.77
	175.00	194.57	179.97	196.14	5.21
	212.89	196.74	223.99	199.55	11.45
	135.96	197.52	143.32	199.67	7.66
	129.92	202.72	142.00	205.96	12.50
	590.48	211.10	597.04	212.55	6.71
	119.35	226.40	133.95	229.53	14.93
	118.02	231.43	131.95	235.14	14.42
	111.05	246.89	128.06	251.40	17.60
	115.06	236.84	130.98	240.28	16.29
	110.81	240.11	128.98	245.57	18.98
	107.88	256.68	116.96	259.14	9.41
	106.24	261.62	116.88	264.76	11.10
	102.00	271.44	118.00	275.61	16.52
	105.15	266.72	117.01	269.94	12.29
	154.93	272.67	176.98	277.72	22.63
	100.93	276.73	115.97	280.16	15.43
	138.23	277.24	144.97	278.38	6.84
	151.97	280.39	203.99	293.15	53.55
	100.02	281.26	117.74	285.46	18.21
	122.03	284.93	140.01	289.05	18.45
	99.06	285.80	116.18	289.79	17.58
	140.76	286.36	153.99	290.28	13.80
	98.01	290.46	111.92	293.71	14.28
	119.99	290.55	133.95	293.70	14.31
	173.00	291.99	177.99	293.21	5.13
	207.06	293.80	212.96	295.65	6.18
	95.03	294.57	112.74	299.12	18.29
	117.03	295.45	130.00	299.01	13.45
	142.15	294.75	188.00	307.98	47.72
	163.07	294.78	168.96	296.61	6.17
	181.97	294.50	219.02	302.96	38.00
	174.10	297.67	193.98	303.10	20.61
	93.94	299.18	108.87	302.30	15.26
	115.02	300.89	130.05	304.83	15.54
	110.07	310.90	126.95	315.30	17.44
	92.85	303.32	107.02	306.83	14.60
	225.98	305.08	235.97	307.62	10.31
	91.10	307.34	106.00	311.00	15.34
	113.82	306.65	128.07	310.30	14.71
	208.10	306.72	213.91	308.15	5.99
	226.08	310.73	231.00	311.97	5.08
	203.06	311.81	212.96	314.19	10.18
	108.01	315.99	125.04	320.37	17.59
	107.04	321.86	122.08	325.35	15.44
	85.07	323.24	98.79	326.60	14.12
	104.98	326.03	121.01	329.96	16.50
	100.00	340.47	116.00	344.03	16.39
	103.92	331.72	118.95	334.75	15.33
	100.83	335.42	118.25	339.62	17.92
	97.94	345.17	114.86	348.39	17.22
	83.00	345.98	92.00	348.01	9.22
	96.94	348.67	113.02	352.75	16.59
	76.12	352.62	87.91	355.22	12.08
	94.93	353.21	110.88	357.17	16.43
	110.04	361.52	94.02	357.35	16.55
	88.10	373.25	104.70	376.32	16.89
	135.96	382.30	145.85	384.67	10.17
	84.18	385.29	95.04	387.87	11.16
	147.02	386.88	176.05	393.87	29.86
	624.92	386.89	629.97	388.25	5.23
	158.00	393.99	162.91	395.14	5.05
	177.10	395.80	221.93	406.14	46.00
	59.96	396.56	70.98	399.06	11.31
	104.15	397.38	123.93	401.86	20.28
	134.02	399.91	139.03	400.94	5.11
	174.95	400.34	186.99	403.10	12.35
	141.15	400.68	150.84	402.38	9.84
	60.03	401.60	69.06	403.82	9.30
	102.90	402.63	121.64	406.32	19.11
	128.01	402.81	136.01	404.87	8.26
	151.63	402.88	198.97	413.43	48.50
	196.95	405.40	211.93	409.60	15.56
	101.19	406.53	130.98	412.39	30.36
	255.07	405.92	268.81	408.72	14.02
	138.09	408.66	147.71	411.25	9.96
	272.00	409.56	284.94	412.36	13.23
	99.34	409.67	117.08	413.39	18.13
	168.03	410.27	181.05	412.83	13.27
	57.00	411.01	65.93	412.27	9.02
	249.95	412.33	304.86	425.55	56.48
	200.77	413.42	212.03	415.55	11.45
	421.98	413.08	439.91	418.17	18.64
	55.07	415.37	63.82	417.70	9.06
	97.20	414.62	107.94	417.29	11.07
	121.81	414.80	131.27	416.59	9.63
	148.06	415.64	158.96	418.25	11.20
	236.99	416.49	261.98	421.74	25.54
	201.89	418.21	206.94	419.21	5.16
	292.11	418.86	316.96	425.03	25.60
	105.89	421.41	113.14	422.60	7.34
	144.97	424.10	153.89	425.44	9.02
	223.95	424.17	231.89	425.71	8.09
	100.97	425.67	107.06	427.21	6.28
	241.13	426.35	253.01	429.33	12.25
	183.94	432.39	168.89	429.25	15.37
	263.98	426.54	269.98	427.47	6.08
	396.96	426.22	424.09	431.45	27.62
	50.24	427.10	60.06	429.74	10.18
	116.99	428.04	122.90	429.30	6.05
	327.99	427.90	342.90	432.26	15.53
	131.03	428.70	139.08	430.62	8.28
	271.03	432.27	259.05	430.26	12.16
	277.58	429.43	295.72	433.30	18.54
	96.93	430.42	107.93	432.71	11.24
	215.16	431.15	247.01	439.10	32.83
	388.21	430.68	472.90	448.11	86.47
	90.86	432.16	105.87	436.24	15.55
	243.02	432.38	251.10	433.67	8.18
	213.99	437.03	227.95	440.12	14.30
	253.04	433.79	263.78	436.38	11.05
	295.04	438.50	283.96	436.76	11.21
	52.01	434.98	56.94	436.15	5.07
	303.03	435.24	316.98	438.36	14.30
	265.89	437.46	276.00	439.03	10.23
	262.07	440.23	251.96	438.65	10.23
	443.01	440.03	449.81	441.16	6.89
	185.09	441.50	191.03	442.97	6.12
	158.79	443.33	172.92	446.64	14.51
	294.04	443.31	307.91	446.97	14.35
	385.01	442.92	396.10	445.81	11.46
	417.01	444.85	432.87	447.73	16.12
	44.02	446.94	55.13	449.31	11.36
	215.94	449.70	205.10	446.75	11.24
	260.99	445.67	276.99	450.17	16.62
	358.04	446.89	367.00	449.22	9.25
	380.94	447.64	387.00	448.95	6.20
	260.06	448.71	265.89	450.33	6.04
	473.97	448.78	486.02	450.90	12.24
	415.92	449.63	427.02	451.95	11.33
	375.96	451.48	382.79	452.48	6.90
	470.44	451.37	479.89	453.27	9.64
	267.08	452.16	298.99	457.07	32.29
	432.84	452.72	445.00	455.52	12.48
	466.05	453.78	477.00	456.38	11.26
	341.05	453.82	360.90	457.32	20.15
	227.02	455.43	232.00	456.83	5.18
	305.96	454.59	312.86	456.42	7.14
	380.98	456.88	392.01	458.82	11.20
	397.96	455.78	415.89	459.61	18.33
	207.01	456.81	215.02	458.92	8.28
	432.02	456.88	440.02	459.13	8.31
	42.05	457.94	48.00	459.12	6.06
	336.03	458.36	354.99	462.08	19.32
	362.99	458.27	379.98	462.42	17.49
	257.00	459.30	266.04	460.88	9.18
	128.09	459.64	133.04	460.77	5.08
	283.05	463.28	293.00	464.99	10.09
	332.15	462.24	347.98	466.21	16.32
	462.90	463.24	470.99	465.02	8.28
	75.87	464.39	90.87	466.56	15.15
	388.96	464.15	406.78	467.56	18.14
	313.87	475.99	330.98	479.54	17.48
	121.95	469.30	135.02	471.94	13.34
	127.04	465.84	138.01	467.90	11.16
	325.96	465.53	347.05	470.36	21.63
	432.96	468.20	438.97	469.24	6.10
	444.98	465.68	462.83	469.41	18.23
	142.48	467.35	157.98	470.53	15.82
	271.05	468.29	282.91	471.44	12.27
	410.08	468.47	422.06	470.41	12.14
	375.96	471.55	387.97	473.27	12.14
	393.00	469.94	401.99	471.25	9.09
	440.98	470.08	457.88	473.19	17.18
	260.93	471.63	277.94	474.48	17.24
	195.85	471.71	216.78	475.20	21.22
	103.06	473.75	109.04	475.26	6.16
	374.10	474.79	395.00	479.03	21.33
	93.00	475.99	99.05	477.42	6.21
	145.00	476.29	150.16	477.61	5.32
	363.95	479.43	382.89	482.26	19.15
	403.01	477.95	416.00	480.00	13.14
	214.00	481.02	234.06	483.75	20.24
	314.94	481.66	325.09	483.29	10.29
	81.98	483.39	113.00	491.20	31.99
	80.02	487.39	147.00	501.17	68.39
	135.01	485.50	147.70	487.36	12.82
	304.97	487.06	317.97	489.31	13.19
	411.97	487.57	426.83	490.70	15.19
	29.98	488.34	37.03	489.60	7.16
	151.04	488.21	155.97	489.12	5.02
	257.01	488.73	270.99	492.32	14.43
	219.97	490.36	228.54	491.63	8.66
	168.90	491.45	184.01	494.86	15.50
	116.82	492.39	147.10	498.35	30.86
	240.03	493.52	265.82	498.69	26.31
	413.06	495.57	418.96	497.13	6.10
	191.02	495.89	217.98	501.32	27.50
	72.99	498.10	117.97	507.16	45.88
	183.98	499.61	196.01	501.74	12.22
	327.86	499.56	335.48	501.49	7.86
	370.00	500.91	383.00	503.50	13.25
	340.03	502.75	351.98	505.17	12.19
	205.97	503.68	218.00	505.99	12.25
	181.03	506.42	186.99	508.03	6.18
	68.99	507.08	130.00	518.90	62.15
	306.99	506.94	320.02	508.93	13.18
	396.89	506.92	402.91	507.74	6.08
	124.00	508.97	136.08	510.48	12.18
	200.92	508.72	213.99	512.05	13.49
	382.00	511.04	386.98	512.11	5.10
	20.74	513.12	25.90	514.06	5.24
	234.00	512.31	242.09	513.66	8.20
	283.96	514.12	288.99	515.07	5.12
	65.03	515.89	124.03	527.46	60.13
	171.89	516.41	182.02	517.76	10.22
	352.92	515.65	363.81	517.19	11.00
	195.15	518.28	206.02	520.49	11.09
	155.43	518.50	228.99	534.04	75.18
	196.94	523.12	219.08	527.62	22.59
	60.01	523.95	118.00	534.94	59.03
	153.02	528.68	204.00	537.00	51.65
	55.99	531.87	112.85	542.52	57.85
	350.98	533.63	359.88	535.44	9.09
	294.93	534.67	305.08	536.69	10.35
	146.96	537.16	185.97	543.85	39.58
	246.00	536.81	257.92	539.48	12.21
	52.98	539.17	64.99	541.55	12.24
	66.89	542.44	74.90	543.40	8.07
	76.97	544.16	94.96	546.74	18.17
	52.04	542.80	77.97	548.05	26.46
	308.87	544.35	334.05	549.07	25.62
	107.90	548.87	98.08	547.70	9.89
	140.02	544.75	188.08	552.69	48.71
	332.07	545.43	340.96	547.21	9.07
	48.06	550.55	102.80	561.45	55.81
	132.91	551.79	180.01	559.35	47.70
	296.58	552.42	304.03	553.80	7.58
	10.09	571.61	21.00	574.03	11.18
	38.99	554.90	106.98	565.05	68.74
	229.02	554.55	236.02	555.82	7.11
	315.99	554.52	325.90	556.92	10.20
	222.01	556.24	234.20	558.79	12.46
	239.78	566.53	219.97	562.67	20.18
	128.17	558.73	173.10	566.46	45.59
	257.02	562.92	250.07	561.82	7.04
	279.93	560.56	292.00	562.87	12.29
	133.86	567.32	145.03	569.20	11.33
	31.95	567.69	47.34	569.39	15.48
	78.00	568.01	82.95	569.06	5.07
	119.93	568.17	128.84	569.45	9.00
	296.06	568.78	303.86	570.73	8.05
	120.03	572.40	126.24	573.54	6.32
	131.00	570.01	142.03	571.92	11.20
	114.17	576.41	169.10	588.93	56.33
	198.97	575.68	210.68	577.66	11.88
	279.77	576.40	288.96	577.66	9.28
	240.00	578.00	248.91	579.27	9.00
	98.14	582.65	121.81	585.67	23.86
	32.99	586.57	78.05	594.83	45.81
	450.82	591.46	459.03	593.46	8.46
	68.70	588.81	76.00	590.00	7.40
	28.07	590.74	61.08	596.71	33.54
	245.88	592.47	251.99	593.98	6.29
	25.95	595.72	44.94	599.17	19.31
	63.99	596.99	72.08	598.25	8.18
	23.25	599.72	64.95	607.45	42.41
	168.99	601.97	176.16	603.74	7.39
	20.98	604.10	30.98	605.90	10.17
	79.10	606.41	135.02	617.48	57.01
	32.99	607.03	51.01	609.96	18.25
	18.91	608.46	23.92	609.26	5.08
	163.07	607.82	169.98	609.18	7.04
	18.00	613.00	55.99	619.36	38.52
	153.38	614.33	159.16	615.68	5.93
	102.77	616.17	109.92	617.65	7.30
	16.04	620.76	56.00	628.17	40.64
	68.97	632.43	78.89	634.45	10.13
211
	139.37	22.11	137.83	27.96	6.05
	159.92	9.95	161.80	4.15	6.10
	349.95	3.97	338.16	29.05	27.71
	365.53	4.00	347.56	38.99	39.33
	381.12	4.06	356.94	47.97	50.13
	415.65	4.14	405.51	20.99	19.67
	451.97	3.97	442.43	18.77	17.60
	470.10	4.07	452.55	31.02	32.17
	469.19	32.94	488.71	3.79	35.08
	510.46	3.95	482.01	43.00	48.32
	530.07	4.06	524.58	12.03	9.68
	554.07	4.07	535.70	24.67	27.60
	587.34	17.95	591.95	11.98	7.54
	553.48	59.41	581.96	24.97	44.69
	604.09	28.13	624.74	3.79	31.93
	374.89	5.24	370.53	14.33	10.09
	312.12	6.08	308.94	11.97	6.69
	284.48	7.45	282.14	13.76	6.73
	41.27	18.14	40.11	23.98	5.96
	333.18	11.08	329.14	19.07	8.96
	428.13	12.07	415.47	31.36	23.08
	545.59	40.44	570.39	11.59	38.04
	138.38	52.10	137.07	57.99	6.04
	522.33	13.93	472.10	80.62	83.48
	438.72	22.87	427.75	40.82	21.04
	162.67	78.95	158.60	90.85	12.58
	328.84	23.93	325.98	29.98	6.69
	211.27	47.12	208.50	53.95	7.38
	399.95	29.20	388.20	48.16	22.31
	567.01	72.02	603.86	30.83	55.27
	450.38	33.38	406.26	97.84	78.12
	125.94	66.01	124.03	72.98	7.22
	414.96	33.98	399.42	57.95	28.57
	424.94	44.95	402.77	77.82	39.65
	479.52	44.96	474.34	52.95	9.52
	599.08	48.21	606.04	40.08	10.70
	376.89	39.96	365.59	57.46	20.83
	304.14	43.08	301.54	49.03	6.50
	540.52	49.59	544.84	43.87	7.17
	586.88	76.88	612.85	47.86	38.94
	387.02	50.01	383.85	54.91	5.83
	505.95	64.96	518.68	49.52	20.01
	512.06	83.52	537.82	52.78	40.11
	473.20	56.18	461.81	71.88	19.40
	627.34	58.88	600.71	87.15	38.83
	634.31	59.47	622.97	71.95	16.86
	362.57	61.05	359.88	65.92	5.56
	564.55	73.05	535.92	108.93	45.91
	447.09	64.16	425.03	96.03	38.76
	584.50	77.00	553.49	115.52	49.44
	391.19	70.15	384.68	80.78	12.47
	401.36	78.95	390.91	95.95	19.96
	633.87	70.87	628.71	76.78	7.84
	113.01	79.00	111.30	84.72	5.97
	452.82	80.90	436.52	106.18	30.08
	470.62	83.90	446.93	115.94	39.85
	634.29	78.30	606.31	108.85	41.43
	485.52	94.04	496.62	78.54	19.07
	614.90	79.16	610.12	84.16	6.92
	238.89	81.92	232.97	96.94	16.15
	118.39	92.96	116.74	97.98	5.28
	588.20	100.16	563.93	127.41	36.50
	511.00	99.41	514.35	94.95	5.57
	538.81	95.90	544.76	88.72	9.32
	500.44	124.55	527.70	90.74	43.43
	628.77	94.76	632.86	90.88	5.64
	146.90	118.96	142.20	131.11	13.02
	476.60	102.85	482.29	96.27	8.71
	494.50	105.99	488.14	113.14	9.57
	533.86	109.93	519.73	127.79	22.77
	555.97	135.98	537.08	159.08	29.84
	545.32	173.88	531.63	188.62	20.12
	229.08	105.11	224.65	117.03	12.72
	634.04	107.04	618.06	125.05	24.07
	469.49	111.99	440.17	148.20	46.59
	602.99	113.49	577.52	141.50	37.86
	457.62	151.09	486.95	114.95	46.55
	535.18	116.08	528.76	123.79	10.04
	615.37	125.22	583.00	157.00	45.36
	529.96	142.41	543.77	125.72	21.66
	229.17	131.93	231.03	127.10	5.18
	480.53	148.02	497.95	126.94	27.35
	634.35	133.36	602.86	165.86	45.26
	575.54	139.35	568.95	146.95	10.06
	509.06	140.05	480.09	174.06	44.67
	254.14	143.08	251.58	147.98	5.53
	529.19	143.21	491.22	185.17	56.59
	479.13	149.12	468.07	161.08	16.29
	547.11	172.70	569.57	149.55	32.25
	9.09	154.01	8.75	159.27	5.27
	600.00	167.00	577.35	189.31	31.79
	118.62	189.11	117.11	193.94	5.07
	534.42	160.31	519.30	177.35	22.77
	524.01	219.01	581.70	160.79	81.96
	619.06	176.05	634.01	160.51	21.56
	553.84	171.80	549.94	175.84	5.62
	501.95	195.96	518.17	179.19	23.33
	530.48	188.96	512.86	207.86	25.84
	569.33	197.26	575.82	191.81	8.47
	147.99	191.99	137.70	221.49	31.24
	567.19	198.79	544.97	220.97	31.39
	595.02	219.06	620.07	198.60	32.34
	586.99	202.99	556.05	234.05	43.84
	630.27	220.01	625.82	223.55	5.68
	598.46	223.51	592.83	228.87	7.77
	620.49	223.54	599.96	238.95	25.67
	53.30	224.89	51.84	230.21	5.51
	566.81	245.74	584.98	230.98	23.41
	634.29	234.31	628.95	238.38	6.71
	521.77	236.90	516.13	242.30	7.80
	578.16	257.32	595.94	241.91	23.53
	42.79	242.90	41.50	251.54	8.74
	560.24	244.28	554.41	249.45	7.80
	618.65	245.95	589.90	268.67	36.65
	50.70	258.16	49.72	263.36	5.28
	630.15	260.71	623.94	265.42	7.79
	603.74	280.81	610.02	275.54	8.21
	566.18	297.25	558.51	303.00	9.59
	522.12	296.06	527.00	291.93	6.38
	136.49	292.98	116.26	347.92	58.54
	91.32	300.96	88.17	309.16	8.78
	461.92	294.91	457.44	299.50	6.41
	112.36	301.92	109.42	310.22	8.80
	442.92	311.90	447.67	307.56	6.44
	106.87	312.97	103.29	322.93	10.59
	526.85	345.89	531.00	342.59	5.31
	65.65	353.79	67.37	347.91	6.13
	93.14	350.13	42.78	486.92	145.76
	562.57	354.94	569.02	350.59	7.78
	479.06	368.25	491.66	356.65	17.13
	463.55	362.30	458.01	366.50	6.96
	500.10	365.11	494.98	368.98	6.42
	629.08	365.17	622.21	369.07	7.90
	563.38	371.78	570.03	367.82	7.74
	50.24	371.22	48.93	376.97	5.90
	105.09	376.96	95.68	399.12	24.08
	457.15	381.62	461.92	377.38	6.38
	38.03	376.02	36.98	380.99	5.08
	532.25	380.18	538.70	375.75	7.82
	601.27	379.26	606.93	375.91	6.57
	611.07	395.11	604.39	399.24	7.85
	95.13	400.11	92.66	407.25	7.55
	624.42	402.84	628.93	399.79	5.44
	360.08	403.06	356.03	407.03	5.68
	97.08	406.04	89.57	425.01	20.40
	55.69	407.81	49.50	425.98	19.19
	87.30	418.14	68.95	468.97	54.05
	213.31	418.87	201.23	435.20	20.31
	25.63	422.00	24.06	429.01	7.19
	351.93	426.27	345.06	432.10	9.01
	336.16	439.25	297.12	474.19	52.39
	552.82	445.87	558.00	442.77	6.04
	453.95	451.52	448.11	455.27	6.94
	184.66	457.94	178.95	465.99	9.87
	46.99	466.00	44.02	475.01	9.49
	61.03	471.01	58.74	475.76	5.27
	581.08	478.38	575.05	481.58	6.82
	295.79	475.83	252.41	516.98	59.79
	443.01	485.12	455.86	477.73	14.83
	172.03	485.02	168.75	489.08	5.21
	421.95	499.87	441.98	485.94	24.39
	13.96	489.99	10.70	499.97	10.50
	216.98	490.18	213.20	494.32	5.61
	38.37	492.01	25.35	529.86	40.03
	51.10	493.04	35.15	530.06	40.31
	61.24	492.89	34.61	550.05	63.06
	25.02	496.00	22.83	502.92	7.26
	544.30	499.19	549.00	496.70	5.32
	408.12	508.28	417.08	503.10	10.35
	143.08	505.13	113.20	545.78	50.45
	385.04	522.75	405.62	509.65	24.39
	144.12	514.08	137.91	521.93	10.02
	16.03	520.01	14.05	525.37	5.72
	143.44	521.97	110.06	562.09	52.19
	234.10	532.16	242.76	523.78	12.05
	13.50	527.98	6.75	548.85	21.93
	7.23	531.96	3.69	545.69	14.18
	151.04	529.05	133.14	550.11	27.64
	371.73	531.34	364.17	536.10	8.93
	24.70	532.07	10.02	569.00	39.74
	295.36	532.23	289.95	536.42	6.84
	32.68	535.05	28.64	544.88	10.62
	197.93	545.90	209.72	534.66	16.28
	166.74	583.73	218.88	535.89	70.77
	230.61	536.49	170.75	589.72	80.11
	348.95	546.38	339.13	552.36	11.50
	166.55	576.59	196.70	547.71	41.75
	21.99	573.96	28.16	559.08	16.11
	253.00	557.38	240.93	566.12	14.90
	121.03	565.03	125.59	559.63	7.06
	9.37	572.46	3.33	586.71	15.47
	99.30	572.20	82.91	592.86	26.37
	281.01	589.01	296.05	579.59	17.75
	267.87	585.26	261.19	589.17	7.74
	277.96	591.31	273.30	594.35	5.57
	141.01	616.02	168.61	591.59	36.85
	222.76	595.78	228.09	591.69	6.71
	59.94	602.41	63.03	597.57	5.74
	75.20	598.24	63.67	615.74	20.96
	5.23	599.91	3.39	604.75	5.18
	195.29	601.33	190.74	604.41	5.49
	77.22	608.23	57.58	634.05	32.45
	88.09	631.66	101.74	617.15	19.92
	107.18	634.17	122.88	618.88	21.92
	137.51	618.59	122.09	634.10	21.86
	129.03	620.04	114.43	634.46	20.52
	208.96	633.95	229.73	621.67	24.12
	98.28	633.38	109.52	622.53	15.62
	83.89	623.96	78.16	630.18	8.46
	192.21	624.35	184.72	629.37	9.02
	19.41	627.11	16.11	634.11	7.74
