vx	vy	vz	score	numLines
0.00068585	0.99999976	-0.00000795	6445.17	288
0.99997047	-0.00768298	0.00019574	6105.89	310

nLines	x1	y1	x2	y2	length
288
	17.22	3.91	14.21	49.03	45.22
	22.68	4.04	21.78	39.02	34.99
	98.86	3.98	99.90	47.00	43.04
	109.24	4.01	111.35	59.98	56.01
	184.49	4.02	185.91	46.00	42.00
	347.18	4.03	348.81	44.05	40.06
	80.40	5.49	80.89	42.96	37.47
	198.46	4.80	198.54	9.97	5.17
	327.55	4.93	327.55	39.81	34.88
	343.89	4.92	344.34	15.01	10.10
	403.89	5.03	404.53	43.00	37.97
	165.97	6.01	166.11	41.83	35.81
	248.60	5.99	248.69	40.89	34.91
	200.68	8.07	202.46	38.00	29.98
	276.39	7.77	275.51	24.02	16.28
	399.47	8.48	399.77	37.99	29.51
	12.55	9.15	11.19	75.04	65.90
	301.99	9.00	302.02	38.00	29.00
	378.99	9.00	379.95	38.00	29.02
	46.10	10.01	46.07	43.03	33.02
	212.95	9.99	213.11	45.02	35.03
	243.73	10.00	243.90	40.00	30.00
	323.16	10.01	323.02	38.00	27.99
	374.28	10.11	374.94	39.03	28.93
	28.40	11.13	29.81	43.01	31.91
	40.87	10.98	40.97	43.01	32.03
	61.81	10.99	61.96	43.01	32.03
	67.44	10.95	67.64	41.99	31.04
	76.09	11.01	76.38	42.88	31.87
	118.95	11.01	118.56	41.03	30.02
	133.91	10.98	134.25	41.80	30.82
	139.13	10.98	139.25	40.98	30.00
	161.65	10.95	161.49	40.98	30.02
	297.01	11.00	296.92	40.02	29.01
	367.00	11.00	368.05	36.99	26.01
	107.50	11.88	107.36	29.96	18.08
	157.24	11.96	157.49	32.97	21.02
	194.98	11.98	193.27	39.97	28.05
	227.19	11.95	225.69	36.00	24.10
	236.22	11.90	236.80	39.04	27.14
	290.71	12.12	291.61	39.09	26.99
	311.75	20.07	311.87	29.03	8.96
	394.25	11.94	393.79	38.04	26.10
	57.46	13.05	57.31	42.01	28.97
	121.40	13.06	122.78	40.99	27.96
	129.01	13.00	128.28	39.97	26.98
	233.18	12.92	233.04	38.99	26.08
	238.82	13.10	238.98	40.00	26.90
	314.81	13.07	316.22	37.97	24.94
	279.71	14.92	279.38	46.14	31.22
	181.04	16.02	181.09	23.01	6.99
	284.97	16.98	284.34	39.03	22.06
	229.45	19.06	230.24	36.02	16.97
	23.63	21.01	25.98	63.02	42.07
	195.53	20.83	196.48	49.02	28.20
	71.59	22.02	71.58	34.91	12.89
	147.56	21.94	147.16	31.97	10.03
	307.89	22.02	307.57	28.20	6.19
	371.01	23.00	371.36	36.93	13.93
	150.64	22.94	151.47	40.10	17.18
	53.66	26.02	53.78	32.03	6.01
	145.71	27.06	145.20	41.05	14.00
	289.58	28.95	289.23	37.98	9.03
	355.02	28.96	355.23	43.00	14.04
	311.57	31.92	311.87	38.02	6.11
	54.43	36.98	54.25	42.00	5.02
	190.96	38.00	190.83	43.03	5.03
	14.14	52.98	14.25	61.00	8.02
	268.57	59.98	267.91	71.12	11.16
	359.66	59.87	359.52	65.02	5.15
	185.63	61.05	185.12	72.66	11.61
	279.09	61.02	279.38	68.99	7.97
	99.73	61.98	100.31	73.03	11.06
	107.23	65.03	106.95	73.00	7.97
	115.59	66.98	115.23	73.02	6.05
	347.33	74.67	348.31	118.02	43.37
	267.10	76.41	268.37	120.00	43.61
	184.95	78.04	185.43	124.02	45.97
	273.89	77.99	274.59	119.04	41.05
	279.38	77.93	279.42	125.02	47.08
	404.43	78.01	404.59	112.87	34.86
	98.92	80.05	99.22	127.01	46.95
	327.89	79.03	327.69	114.86	35.84
	196.55	80.03	196.82	148.00	67.98
	108.80	80.95	109.04	88.00	7.05
	111.71	80.89	111.15	128.04	47.15
	248.50	81.00	247.48	117.56	36.57
	10.86	82.00	10.96	152.02	70.02
	165.96	82.01	166.15	119.02	37.01
	191.00	82.00	191.16	87.04	5.04
	380.87	82.03	380.64	112.05	30.02
	390.32	89.04	391.73	111.04	22.04
	399.92	81.98	400.12	112.03	30.05
	24.89	82.99	25.54	121.97	38.99
	261.30	83.28	261.51	88.31	5.03
	366.66	82.95	366.81	113.06	30.11
	375.14	83.04	375.32	112.04	29.00
	14.02	84.00	13.76	102.04	18.03
	80.92	84.02	80.75	121.96	37.94
	284.25	84.08	284.62	114.98	30.91
	302.82	84.00	303.65	114.94	30.95
	323.34	83.99	323.23	114.05	30.06
	297.06	85.02	297.59	114.80	29.79
	202.34	86.04	201.80	118.02	31.98
	222.83	86.03	222.60	117.06	31.04
	243.92	85.99	243.50	115.99	30.00
	311.78	85.98	311.55	113.82	27.84
	317.30	85.93	318.86	111.97	26.09
	20.46	87.14	20.36	102.00	14.86
	119.38	87.07	117.65	120.02	32.99
	139.13	87.00	139.40	118.87	31.87
	161.36	87.03	161.07	118.01	30.98
	181.44	87.14	182.21	107.99	20.86
	195.67	87.07	195.45	96.00	8.94
	216.96	86.99	216.88	116.98	29.99
	133.55	87.89	133.01	119.00	31.11
	206.32	87.92	206.28	116.96	29.04
	210.16	88.01	209.56	116.98	28.98
	213.45	87.87	212.96	117.01	29.14
	231.11	87.99	231.19	115.03	27.04
	355.30	88.03	355.41	99.98	11.94
	67.13	88.99	67.41	120.97	31.98
	75.72	88.96	75.92	120.98	32.02
	127.98	89.00	127.92	118.00	29.00
	146.70	89.03	145.51	118.06	29.05
	41.08	90.01	40.92	121.98	31.97
	45.86	90.01	46.05	122.00	31.98
	61.28	89.99	60.94	121.98	31.99
	153.72	89.97	154.50	109.07	19.12
	264.28	99.02	263.83	114.96	15.94
	28.08	90.99	27.58	114.97	23.99
	50.35	90.71	51.07	120.99	30.29
	36.36	91.95	36.39	121.14	29.18
	55.47	92.02	55.43	120.98	28.96
	121.50	92.02	122.07	119.00	26.98
	96.37	94.07	94.76	118.93	24.92
	342.03	96.00	341.70	103.98	7.99
	361.54	98.97	361.70	108.03	9.06
	108.72	100.02	107.09	125.99	26.02
	190.47	100.00	190.62	121.08	21.08
	225.55	100.98	226.31	116.04	15.08
	32.35	102.03	32.47	115.03	13.00
	13.79	103.93	14.34	112.77	8.85
	6.79	115.00	7.33	123.99	9.01
	19.15	118.00	19.20	131.99	13.99
	13.84	120.98	13.39	130.02	9.05
	189.30	125.07	189.15	135.77	10.71
	278.49	127.85	279.09	145.00	17.16
	348.52	133.05	348.79	144.69	11.65
	274.63	136.02	274.72	144.96	8.93
	268.34	137.03	268.29	146.12	9.09
	185.39	139.02	185.25	149.00	9.99
	117.30	146.92	117.45	141.15	5.77
	111.31	141.98	110.90	148.99	7.02
	348.48	151.00	348.69	192.00	41.00
	357.04	151.01	356.68	180.94	29.93
	268.69	160.01	268.41	198.02	38.01
	404.51	151.01	404.47	186.84	35.83
	273.62	152.86	275.45	179.99	27.19
	328.32	152.88	328.35	194.00	41.12
	278.54	154.02	280.66	195.07	41.10
	185.11	155.97	185.73	201.04	45.07
	380.13	155.02	380.56	184.98	29.96
	400.43	155.03	400.30	184.00	28.97
	248.52	156.20	248.86	193.97	37.77
	363.70	155.94	363.83	184.99	29.05
	374.71	155.93	374.94	185.98	30.05
	191.05	157.00	190.32	191.07	34.08
	196.70	156.97	195.98	207.00	50.04
	284.39	189.83	284.14	159.01	30.81
	392.91	156.99	393.65	168.93	11.96
	302.49	158.02	302.98	190.06	32.04
	323.95	188.93	323.92	157.99	30.94
	99.07	159.98	99.07	207.00	47.02
	165.78	159.04	166.18	197.00	37.97
	297.71	158.94	297.58	189.01	30.07
	111.03	160.01	111.34	202.96	42.95
	222.45	161.07	222.95	194.15	33.08
	244.09	193.17	244.24	161.03	32.13
	264.51	161.18	264.26	170.03	8.86
	10.27	162.72	10.20	213.01	50.30
	25.85	162.02	25.39	169.96	7.95
	104.82	162.01	104.44	174.93	12.93
	202.48	162.01	202.27	195.03	33.02
	216.51	161.89	217.03	193.00	31.12
	360.63	162.00	359.14	194.05	32.08
	80.48	163.02	80.24	201.91	38.90
	138.52	164.10	139.53	196.53	32.45
	161.28	164.04	161.34	194.98	30.94
	118.16	165.01	117.36	199.07	34.07
	108.44	165.96	109.96	213.00	47.07
	133.06	166.01	132.80	196.91	30.90
	60.77	167.14	61.00	200.00	32.86
	67.35	167.10	67.06	199.99	32.89
	75.55	167.05	75.62	198.99	31.93
	28.32	168.30	28.70	190.96	22.66
	45.61	167.98	45.91	201.02	33.04
	40.72	168.95	40.47	201.01	32.06
	262.69	171.89	262.02	187.99	16.12
	13.58	172.95	13.88	183.98	11.04
	25.70	173.99	25.09	185.00	11.02
	104.34	178.06	104.35	204.13	26.07
	237.28	179.08	237.08	186.00	6.93
	328.17	227.99	328.21	265.00	37.01
	323.76	231.98	323.75	261.97	29.98
	302.70	232.99	302.86	263.00	30.01
	297.81	233.98	297.55	264.04	30.07
	166.57	236.04	165.74	275.86	39.83
	161.67	240.99	161.70	271.98	31.00
	139.34	242.02	139.32	272.95	30.93
	133.64	242.97	133.53	274.02	31.05
	148.78	259.85	148.93	266.08	6.23
	154.23	259.06	154.55	267.05	8.00
	328.08	302.99	328.17	340.01	37.02
	299.04	307.03	297.30	338.80	31.82
	302.36	307.07	301.65	340.01	32.95
	307.91	307.01	307.78	334.96	27.95
	323.65	306.96	323.37	335.00	28.04
	311.02	307.99	311.17	335.04	27.05
	314.48	307.88	313.90	334.99	27.12
	166.35	314.94	165.99	354.00	39.06
	133.77	319.92	133.49	351.00	31.08
	161.53	317.93	161.17	348.98	31.06
	138.65	319.32	139.74	350.98	31.67
	144.71	318.97	144.26	327.35	8.39
	149.21	318.97	149.30	328.98	10.01
	150.83	319.02	150.64	347.89	28.86
	125.07	333.00	126.05	350.01	17.04
	148.14	331.99	147.41	347.24	15.27
	328.31	379.02	328.07	416.02	37.00
	323.56	381.01	322.67	410.88	29.88
	297.56	413.00	299.00	382.00	31.04
	302.16	382.99	301.98	414.99	32.01
	312.35	382.89	312.39	410.09	27.20
	316.47	383.01	315.38	408.95	25.96
	165.80	393.02	166.03	432.00	38.98
	160.67	394.97	162.15	427.85	32.91
	132.95	396.98	132.93	429.00	32.02
	149.11	396.95	148.43	422.90	25.96
	155.95	398.02	155.43	424.98	26.97
	139.20	398.96	137.51	430.93	32.01
	126.34	402.26	125.04	428.99	26.77
	323.83	454.98	323.71	484.99	30.01
	312.89	455.99	313.56	483.98	28.01
	302.88	457.02	303.05	487.00	29.98
	308.22	457.05	306.66	485.01	28.00
	294.56	457.90	294.01	487.00	29.11
	297.96	458.00	297.22	487.92	29.94
	161.20	472.04	162.24	504.88	32.85
	165.91	472.01	165.75	510.92	38.91
	135.54	514.78	135.33	476.00	38.78
	138.29	475.07	138.97	506.00	30.93
	129.16	476.03	127.94	519.98	43.97
	154.55	478.09	152.98	502.99	24.95
	157.58	482.97	157.73	494.89	11.92
	294.38	494.00	294.47	500.86	6.86
	323.73	529.97	323.88	559.00	29.03
	328.39	530.02	328.20	566.93	36.91
	318.88	531.03	319.30	558.01	26.98
	310.72	531.98	310.55	558.97	26.98
	297.74	532.90	297.73	562.00	29.10
	303.63	533.06	303.30	561.96	28.90
	316.56	534.23	316.47	540.04	5.81
	307.59	534.99	307.46	544.00	9.02
	316.50	544.05	315.84	558.02	13.99
	161.62	550.23	161.51	581.00	30.77
	166.17	549.98	165.90	588.94	38.96
	139.18	551.66	139.38	583.02	31.35
	152.74	551.96	154.10	578.98	27.06
	156.97	552.01	157.57	568.95	16.95
	143.71	553.00	144.91	580.00	27.02
	133.47	554.00	133.20	584.01	30.01
	128.76	555.05	128.56	562.07	7.02
	126.42	563.01	127.02	583.00	20.00
	329.83	634.01	330.00	600.00	34.01
	338.32	598.99	338.35	633.97	34.98
	325.22	599.99	325.09	634.00	34.01
	306.43	603.98	306.50	633.99	30.02
	316.86	604.02	315.68	633.01	29.02
	310.85	605.00	310.91	633.00	27.99
	301.73	605.97	301.03	634.00	28.04
	296.46	607.99	295.89	634.00	26.01
	292.03	610.01	291.95	632.99	22.99
	321.70	616.02	321.47	632.94	16.92
	168.10	621.99	167.68	634.03	12.05
	162.71	623.23	162.30	633.99	10.77
	142.44	626.95	142.25	633.99	7.05
	137.04	629.01	137.17	634.01	5.00
310
	364.15	3.54	403.13	3.45	38.99
	202.89	5.61	247.96	4.65	45.09
	285.05	3.75	325.00	3.54	39.95
	28.99	5.10	79.00	4.52	50.01
	119.01	4.51	164.94	5.15	45.94
	381.13	8.51	397.97	8.48	16.85
	120.04	9.29	133.79	9.50	13.75
	141.00	9.45	160.77	9.59	19.76
	223.97	9.32	242.96	9.40	18.99
	305.00	8.90	321.99	9.10	16.99
	29.05	10.21	40.00	10.04	10.95
	46.01	44.92	31.05	45.59	14.98
	47.19	9.63	60.88	9.60	13.69
	69.00	9.99	75.01	10.29	6.02
	305.00	43.83	327.00	43.34	22.01
	175.98	42.88	183.00	42.47	7.04
	214.98	42.28	223.06	42.27	8.08
	117.99	42.96	132.00	43.03	14.02
	135.00	43.09	140.08	43.22	5.08
	150.96	43.58	158.14	43.67	7.18
	160.90	43.20	166.00	42.95	5.10
	224.94	42.69	233.03	42.68	8.08
	298.05	44.13	304.00	43.74	5.96
	332.43	42.55	346.05	43.25	13.64
	379.02	42.67	392.00	42.98	12.99
	406.98	43.79	416.03	43.36	9.07
	223.00	44.44	246.92	44.41	23.93
	266.97	45.48	251.03	46.78	15.99
	135.98	46.21	163.94	45.57	27.97
	283.00	52.02	351.04	50.31	68.06
	62.90	47.32	69.00	47.45	6.10
	170.00	47.34	182.00	47.00	12.01
	30.98	47.89	45.00	47.89	14.02
	84.01	48.49	97.00	47.96	13.00
	118.47	50.97	133.04	49.80	14.61
	361.94	50.64	417.01	49.79	55.08
	200.02	53.15	271.00	51.96	70.99
	115.01	54.10	189.00	53.05	74.00
	25.95	55.39	101.00	54.27	75.06
	351.06	55.46	329.97	56.49	21.11
	403.98	55.21	415.99	54.90	12.01
	250.99	57.46	270.95	57.42	19.96
	376.02	57.24	396.15	57.87	20.14
	200.00	59.00	218.00	58.67	18.00
	298.07	58.75	326.99	58.19	28.92
	116.03	60.66	129.93	60.38	13.90
	136.01	60.62	165.01	60.41	29.00
	261.01	69.56	187.93	76.14	73.37
	47.92	61.46	58.97	61.13	11.05
	184.00	73.00	101.91	76.48	82.17
	287.00	62.80	327.00	61.00	40.04
	30.09	62.33	45.90	62.31	15.81
	62.30	62.80	79.97	61.72	17.70
	410.89	62.58	416.00	62.81	5.11
	134.89	64.49	165.99	64.09	31.10
	337.83	64.73	343.93	64.64	6.09
	91.00	65.40	97.00	65.08	6.01
	221.18	65.40	227.76	65.49	6.58
	286.10	65.75	321.98	65.32	35.89
	31.00	66.66	46.10	66.35	15.10
	61.90	66.51	80.01	65.63	18.14
	165.01	67.58	137.01	68.88	28.03
	374.98	70.78	404.00	69.92	29.03
	47.00	68.55	79.98	69.25	32.99
	30.98	71.34	53.01	70.54	22.04
	334.99	71.10	309.01	72.73	26.03
	28.98	72.78	54.99	72.07	26.02
	85.01	72.63	96.02	72.47	11.02
	270.99	73.88	307.00	73.07	36.02
	310.98	74.53	346.10	73.57	35.13
	365.02	76.67	405.26	75.55	40.25
	25.05	78.10	89.99	75.60	64.98
	202.99	76.66	265.98	76.54	63.00
	139.01	77.38	184.30	77.56	45.29
	286.00	77.93	319.99	77.28	33.99
	7.03	78.20	23.01	77.75	15.98
	116.90	78.39	121.96	78.39	5.06
	247.09	78.36	202.97	80.11	44.15
	57.97	79.26	64.96	79.41	6.99
	67.01	79.32	97.92	80.10	30.92
	28.96	80.67	42.00	80.34	13.04
	117.28	81.46	160.01	80.30	42.74
	382.01	80.73	399.00	80.90	17.00
	364.06	81.75	374.00	81.04	9.97
	29.02	84.21	77.00	81.96	48.03
	285.09	83.30	295.99	82.93	10.91
	304.01	83.06	322.00	82.73	17.99
	224.00	84.94	242.88	84.58	18.89
	120.03	86.28	132.97	86.17	12.94
	141.00	86.25	160.00	86.08	19.00
	312.02	115.03	305.00	114.97	7.03
	47.06	88.43	60.89	88.34	13.83
	68.14	88.37	74.00	87.94	5.87
	28.30	89.87	39.99	89.24	11.71
	408.06	113.35	416.05	113.55	7.99
	284.97	116.52	297.01	116.05	12.06
	252.11	118.70	265.00	118.02	12.91
	202.87	120.36	245.98	121.36	43.12
	331.01	119.51	345.04	118.79	14.05
	351.01	125.06	283.99	128.05	67.08
	168.96	120.77	183.06	119.89	14.12
	363.88	120.44	371.97	120.16	8.09
	117.17	123.31	165.00	120.93	47.89
	286.00	121.31	295.99	120.80	10.00
	69.03	122.26	75.12	122.35	6.10
	28.01	124.16	40.19	123.45	12.20
	29.80	126.22	60.05	123.19	30.41
	84.02	123.34	97.19	122.65	13.19
	362.01	125.17	416.99	122.88	55.03
	146.98	124.35	157.96	124.31	10.98
	62.05	127.68	78.00	127.33	15.95
	84.03	128.21	97.95	128.48	13.92
	271.00	128.44	200.00	130.94	71.04
	31.00	128.99	43.97	128.53	12.98
	407.00	128.96	416.00	128.77	9.00
	113.95	133.42	188.00	130.36	74.11
	404.00	133.94	392.00	133.98	12.00
	392.00	131.64	403.00	131.06	11.02
	377.00	132.10	389.01	131.65	12.02
	390.00	133.97	376.98	134.43	13.03
	81.94	134.16	101.99	133.72	20.05
	335.00	146.83	271.00	149.65	64.06
	26.01	136.23	77.06	134.22	51.08
	251.00	135.00	260.97	135.33	9.97
	168.03	136.46	187.99	136.19	19.97
	287.00	138.08	301.02	137.24	14.04
	135.05	139.56	164.95	138.38	29.92
	227.01	137.74	233.00	137.70	5.99
	83.00	139.98	99.97	140.16	16.97
	256.04	139.49	265.00	138.93	8.98
	389.98	139.33	378.99	140.31	11.04
	118.97	143.30	165.00	141.99	46.04
	62.12	142.48	79.88	141.49	17.78
	301.87	141.30	310.04	140.51	8.21
	210.02	144.39	225.99	143.52	15.99
	351.00	146.05	405.99	144.02	55.03
	29.93	147.24	79.97	144.72	50.10
	84.00	144.94	89.01	145.09	5.01
	202.97	146.86	213.04	146.30	10.09
	222.94	146.28	228.97	146.26	6.03
	64.06	149.32	78.99	148.44	14.95
	89.01	147.91	95.00	148.05	5.99
	261.96	149.32	187.99	152.41	74.04
	373.96	149.34	398.03	149.27	24.07
	101.87	154.42	185.76	151.31	83.95
	284.22	153.78	321.04	151.25	36.90
	364.06	155.05	373.97	154.66	9.91
	365.02	150.84	373.00	150.57	7.98
	33.99	152.74	65.99	152.42	32.00
	382.03	154.50	399.01	154.10	16.99
	5.02	159.02	97.00	156.12	92.03
	169.92	155.26	184.07	154.93	14.15
	202.21	155.85	247.01	154.91	44.82
	380.95	187.16	400.19	185.21	19.33
	284.40	158.23	296.97	157.29	12.60
	304.02	157.20	322.84	156.67	18.82
	115.50	158.96	164.01	157.73	48.52
	303.99	190.18	323.09	189.31	19.13
	82.00	158.91	98.72	159.17	16.72
	224.04	160.72	241.99	159.93	17.97
	77.09	161.36	27.01	162.97	50.10
	204.00	161.02	216.81	160.65	12.81
	223.98	194.24	243.06	193.22	19.10
	119.13	164.32	132.87	163.55	13.76
	140.01	163.77	158.98	162.88	18.99
	139.98	198.22	161.17	196.26	21.28
	47.00	167.01	59.98	166.20	13.01
	68.07	166.53	74.06	166.31	5.99
	29.00	167.96	38.97	167.83	9.98
	29.93	171.74	36.05	171.49	6.12
	231.93	177.29	226.02	177.92	5.94
	147.00	181.14	154.07	180.69	7.09
	287.00	183.40	293.46	183.48	6.45
	312.00	192.40	327.00	191.80	15.02
	330.98	194.85	345.07	194.11	14.11
	204.93	195.36	248.03	195.31	43.10
	286.02	196.52	294.98	196.42	8.96
	169.99	198.08	180.07	197.34	10.11
	410.07	197.75	417.00	197.02	6.97
	134.98	200.46	165.00	199.05	30.05
	252.04	198.35	265.03	198.41	12.98
	380.03	198.74	408.05	198.74	28.03
	224.99	199.40	232.92	199.40	7.93
	67.98	201.28	75.13	200.64	7.18
	48.99	202.31	79.97	202.85	30.98
	168.99	202.78	183.00	201.97	14.03
	27.98	203.34	40.09	203.34	12.10
	131.81	204.48	121.97	204.70	9.84
	200.07	206.69	270.99	204.12	70.97
	62.99	207.79	78.99	206.67	16.04
	331.00	206.96	341.95	206.76	10.96
	84.01	207.11	96.07	206.50	12.07
	179.02	207.34	188.00	206.99	8.99
	29.98	209.54	43.99	208.73	14.04
	119.00	211.74	171.97	209.18	53.03
	290.99	210.90	326.96	208.71	36.04
	342.02	213.59	334.00	214.19	8.03
	90.04	212.62	102.02	212.40	11.99
	299.97	212.78	327.00	211.69	27.04
	68.03	213.59	85.00	213.29	16.98
	120.00	220.00	165.01	216.43	45.15
	306.97	216.37	316.97	216.41	10.00
	134.96	221.35	165.00	219.94	30.07
	141.95	224.45	158.93	224.29	16.99
	120.09	225.54	136.91	224.52	16.85
	305.16	227.81	324.07	226.69	18.95
	172.03	230.33	120.00	233.48	52.12
	304.00	232.02	322.03	231.13	18.05
	291.01	232.12	297.00	231.96	5.99
	164.35	235.42	130.04	237.62	34.37
	140.16	241.30	160.92	240.56	20.77
	120.03	241.66	132.99	241.15	12.97
	313.91	259.25	321.02	258.47	7.15
	124.96	265.08	130.02	265.10	5.06
	304.00	264.05	323.00	262.99	19.03
	331.99	266.42	341.04	266.29	9.05
	298.99	269.50	327.00	267.07	28.12
	313.96	270.28	326.95	270.31	12.99
	330.98	270.81	341.04	270.20	10.07
	299.97	271.68	310.96	271.30	10.99
	140.20	274.42	161.06	273.09	20.90
	120.00	276.43	131.99	275.90	12.01
	291.99	279.29	342.00	276.04	50.12
	165.00	277.23	135.00	279.13	30.06
	138.97	281.31	155.95	281.30	16.98
	331.03	282.45	342.00	282.00	10.98
	300.03	286.41	326.93	284.71	26.95
	320.97	287.33	312.98	287.58	8.00
	121.01	290.48	172.10	287.50	51.18
	305.97	288.42	291.01	290.14	15.06
	290.95	291.58	326.96	290.31	36.04
	137.04	297.50	162.01	295.63	25.04
	291.00	300.20	341.02	296.94	50.13
	125.03	297.74	130.05	297.69	5.02
	162.02	301.03	134.96	302.47	27.10
	120.02	317.20	160.87	316.62	40.85
	322.71	336.46	304.09	338.32	18.71
	290.90	340.67	297.00	340.06	6.14
	332.05	341.83	341.00	340.64	9.03
	298.99	344.75	327.00	342.14	28.13
	299.98	347.80	326.99	345.47	27.11
	140.98	351.64	160.04	350.26	19.11
	297.07	354.84	340.97	350.79	44.09
	135.00	357.96	165.01	355.54	30.11
	330.02	357.42	341.89	356.68	11.89
	162.97	359.44	134.96	361.45	28.08
	342.00	363.07	328.96	364.10	13.08
	170.96	365.39	121.02	369.18	50.09
	314.91	366.42	290.99	369.72	24.15
	164.95	375.70	133.96	378.05	31.08
	134.00	375.75	158.04	374.40	24.08
	131.96	378.38	123.97	378.66	7.99
	119.99	384.14	171.00	381.92	51.05
	130.83	385.51	139.82	385.37	9.00
	121.14	387.49	126.98	386.73	5.89
	304.97	412.88	322.00	411.52	17.08
	290.95	415.54	297.00	415.01	6.08
	298.99	420.72	327.02	417.56	28.20
	331.00	420.99	341.04	419.35	10.18
	305.94	422.45	299.90	423.36	6.11
	308.94	421.94	314.97	421.62	6.03
	291.94	432.25	342.00	425.97	50.45
	159.95	427.46	141.04	429.18	18.98
	120.02	432.19	133.00	431.14	13.01
	331.01	433.16	342.02	432.12	11.06
	135.00	437.06	165.05	433.64	30.24
	291.00	441.75	327.00	435.96	36.46
	164.86	437.34	134.94	440.60	30.09
	291.04	438.28	300.03	437.65	9.01
	291.00	446.67	341.00	442.05	50.22
	120.99	448.95	171.00	443.95	50.25
	319.01	449.11	336.99	446.21	18.22
	299.99	450.85	316.03	450.17	16.06
	119.99	459.74	164.99	452.31	45.61
	165.02	512.29	136.36	517.45	29.12
	304.99	487.96	322.95	485.72	18.09
	290.98	490.36	297.04	489.58	6.11
	327.90	492.48	299.03	497.12	29.25
	332.00	497.02	340.98	495.86	9.05
	298.10	499.01	326.96	496.62	28.96
	292.01	508.14	340.98	501.85	49.37
	139.90	506.34	160.00	504.92	20.15
	341.99	507.48	330.99	508.85	11.08
	324.92	513.50	311.93	514.46	13.03
	312.99	512.37	327.01	511.09	14.08
	291.08	516.39	310.98	512.84	20.21
	136.90	519.51	160.93	516.32	24.24
	121.00	528.03	171.01	522.23	50.34
	120.03	536.69	165.01	531.07	45.33
	139.94	540.47	151.00	539.64	11.09
	134.93	541.43	120.00	543.99	15.15
	304.99	562.29	322.94	559.74	18.13
	303.96	565.63	324.02	562.72	20.27
	291.04	565.15	297.02	564.16	6.06
	327.03	568.27	298.99	572.65	28.39
	332.00	571.98	340.93	570.69	9.03
	341.00	576.49	291.99	583.87	49.55
	140.99	583.98	160.86	581.62	20.01
	150.00	585.85	161.00	584.96	11.04
	291.01	591.07	327.82	585.83	37.17
	133.90	594.60	165.02	590.20	31.44
	291.00	598.96	341.31	593.67	50.59
	163.95	594.10	135.01	598.34	29.24
	122.03	596.10	130.04	595.13	8.08
	124.00	600.33	131.02	599.54	7.06
	121.00	607.01	171.04	600.34	50.48
	290.98	605.88	300.00	605.01	9.06
	119.97	614.81	164.91	608.75	45.35
	119.99	623.60	172.00	616.27	52.52
	120.01	629.53	135.00	627.98	15.07
