vx	vy	vz	score	numLines
-0.01966126	0.99980665	-0.00030758	4593.44	114
-0.75488422	0.65585753	0.00084894	2563.22	101
-0.51039215	0.85994160	0.00053843	1243.14	91

nLines	x1	y1	x2	y2	length
114
	192.80	64.96	191.70	51.01	13.99
	193.24	82.05	200.28	252.91	171.01
	243.49	53.67	252.66	225.98	172.55
	213.94	59.00	221.61	210.00	151.19
	280.85	72.01	289.41	210.88	139.13
	274.36	66.05	283.52	213.04	147.27
	168.73	114.94	173.30	264.98	150.11
	316.79	196.02	307.99	79.00	117.34
	315.84	82.00	323.37	194.01	112.26
	167.63	96.96	167.23	85.00	11.96
	126.47	80.95	126.07	90.02	9.08
	351.11	94.98	358.35	176.93	82.27
	187.88	94.00	194.11	252.99	159.11
	162.57	94.99	163.59	106.05	11.10
	390.03	109.99	394.37	159.78	49.97
	143.88	129.98	143.34	117.02	12.97
	144.85	146.97	148.00	278.00	131.07
	426.36	123.96	428.46	143.00	19.16
	162.82	127.00	167.32	266.00	139.07
	138.58	129.02	138.97	139.99	10.97
	309.58	211.02	309.40	204.98	6.04
	121.12	162.04	120.04	149.00	13.08
	121.11	179.02	122.51	289.92	110.91
	480.23	164.94	478.09	152.00	13.12
	497.01	282.00	484.06	174.00	108.78
	138.91	160.00	141.44	279.00	119.03
	460.30	160.11	461.21	172.02	11.95
	531.58	166.99	543.52	267.11	100.83
	523.84	161.01	537.72	266.03	105.93
	435.53	171.00	436.99	184.00	13.09
	99.02	208.01	99.40	299.94	91.93
	477.64	178.05	478.44	185.00	7.00
	588.70	186.05	597.62	242.99	57.63
	440.85	190.90	452.03	298.02	107.71
	584.35	185.94	585.41	190.95	5.12
	93.36	188.98	92.45	206.51	17.55
	453.66	189.04	454.11	197.09	8.07
	114.59	190.96	116.66	290.01	99.07
	478.83	191.99	490.59	284.00	92.76
	586.59	193.90	588.49	207.92	14.15
	372.34	199.39	372.98	208.01	8.65
	375.06	199.00	375.51	209.88	10.89
	408.00	314.00	399.71	209.90	104.43
	434.58	201.22	436.05	211.00	9.88
	620.36	207.91	624.45	235.03	27.42
	616.49	207.60	619.07	226.00	18.58
	77.20	237.07	76.68	306.05	68.98
	362.27	226.14	365.98	264.00	38.04
	393.82	215.03	396.30	241.99	27.08
	221.94	216.02	222.56	241.00	24.99
	336.24	216.21	337.41	224.68	8.56
	436.01	218.00	445.34	301.91	84.43
	71.38	220.02	71.53	228.99	8.97
	325.53	220.28	326.38	227.00	6.77
	380.30	219.99	382.18	247.99	28.06
	93.24	221.00	93.71	301.01	80.01
	375.45	223.99	384.45	298.99	75.54
	305.84	229.97	305.92	240.01	10.04
	356.27	231.07	358.39	257.99	27.00
	56.46	254.98	55.24	237.02	18.01
	55.73	265.89	55.11	300.99	35.11
	284.08	239.20	285.78	252.08	13.00
	329.45	239.61	330.03	273.00	33.39
	332.87	276.02	331.85	265.00	11.06
	295.25	292.92	292.32	257.14	35.90
	50.68	247.99	50.76	256.97	8.98
	397.02	251.00	403.00	315.00	64.28
	320.87	257.00	322.63	280.94	24.00
	286.39	261.17	288.30	295.06	33.94
	233.50	265.34	233.55	271.86	6.52
	376.83	265.01	379.93	297.99	33.13
	233.04	334.99	230.91	283.97	51.07
	30.47	274.98	30.75	286.81	11.83
	255.04	276.00	256.84	318.00	42.04
	599.07	279.00	608.26	340.00	61.68
	334.47	308.98	332.85	288.01	21.03
	604.62	285.98	611.21	324.97	39.54
	594.76	288.31	601.24	326.96	39.20
	175.25	288.92	175.06	299.01	10.09
	224.36	289.04	226.13	332.99	43.98
	326.54	289.92	328.14	308.01	18.16
	315.56	313.99	314.01	296.00	18.06
	318.03	294.00	319.97	311.01	17.11
	545.36	296.00	554.35	352.91	57.62
	174.31	308.21	174.72	324.02	15.81
	551.98	303.00	557.25	337.97	35.36
	543.20	310.08	547.79	340.04	30.31
	298.58	312.00	298.80	320.06	8.06
	363.41	312.02	363.84	325.96	13.95
	498.22	312.05	504.94	363.99	52.38
	508.22	349.99	503.50	320.01	30.34
	268.36	312.94	270.68	342.95	30.09
	168.33	314.02	168.70	322.98	8.97
	282.11	314.00	283.74	329.97	16.05
	494.50	322.03	498.75	352.02	30.30
	325.95	326.01	326.44	344.02	18.02
	333.02	326.00	333.86	339.94	13.96
	336.44	328.05	336.55	338.05	10.00
	452.75	327.94	456.44	359.81	32.08
	603.03	332.00	604.10	340.00	8.07
	457.41	334.03	460.11	361.98	28.08
	448.67	337.11	452.46	364.00	27.15
	297.18	338.99	297.66	348.04	9.05
	409.69	341.98	412.42	363.85	22.04
	373.01	345.00	373.88	351.04	6.11
	549.02	345.00	550.33	353.06	8.17
	615.97	346.00	618.95	364.03	18.28
	414.20	347.98	416.31	369.03	21.16
	612.48	348.86	615.11	363.98	15.35
	406.49	351.04	408.17	368.97	18.01
	499.96	357.01	500.98	365.00	8.06
	456.61	362.03	457.72	376.02	14.04
	460.80	367.04	461.53	372.27	5.29
	452.98	369.00	453.88	376.00	7.06
101
	252.64	227.04	231.75	237.34	23.29
	292.97	208.94	316.24	196.99	26.17
	194.14	253.99	175.93	263.88	20.72
	100.23	125.83	108.07	120.13	9.69
	428.11	144.02	397.69	157.60	33.31
	167.31	267.00	150.99	275.99	18.63
	450.93	132.93	439.00	139.00	13.39
	310.29	203.91	323.10	196.78	14.66
	323.84	195.77	455.96	134.82	145.50
	357.97	191.28	461.88	142.80	114.66
	440.98	158.86	459.00	150.54	19.85
	506.91	154.63	491.96	161.42	16.42
	141.46	280.00	125.98	287.95	17.40
	479.09	168.23	491.05	162.67	13.19
	361.10	176.18	387.06	163.63	28.84
	416.96	169.87	397.99	178.42	20.81
	438.33	187.20	467.85	172.18	33.12
	458.52	182.56	476.98	174.86	20.01
	384.01	182.86	393.87	178.65	10.72
	457.09	182.20	441.40	190.35	17.68
	329.82	190.71	346.91	182.84	18.82
	382.78	185.50	358.25	195.15	26.36
	357.16	188.99	325.95	205.82	35.46
	397.37	204.48	425.90	190.26	31.87
	116.69	291.00	101.85	298.78	16.75
	432.94	191.85	424.18	196.41	9.88
	490.47	285.02	454.94	298.88	38.14
	321.02	208.04	101.94	310.35	241.79
	399.92	208.93	423.92	198.77	26.06
	345.75	202.45	335.68	206.37	10.81
	337.67	209.68	344.88	206.70	7.80
	386.01	208.54	360.10	221.13	28.80
	330.86	209.79	322.05	214.54	10.01
	392.89	211.28	362.96	224.95	32.91
	282.56	213.43	261.98	223.50	22.91
	338.17	230.31	353.02	224.10	16.09
	93.08	307.16	269.96	223.65	195.60
	314.00	240.53	290.14	252.23	26.57
	319.22	350.58	634.03	240.64	333.45
	221.56	242.47	202.98	251.44	20.63
	292.41	256.33	316.97	245.43	26.87
	222.93	259.30	247.77	248.59	27.05
	402.91	316.00	372.91	327.75	32.22
	583.78	253.31	560.01	263.27	25.77
	258.34	266.46	284.16	254.43	28.49
	367.99	258.92	376.89	255.92	9.39
	322.54	281.59	312.76	285.44	10.51
	605.84	258.90	611.91	256.85	6.40
	284.79	257.94	261.68	269.61	25.88
	288.00	295.99	269.95	303.88	19.69
	376.98	262.23	343.84	275.64	35.75
	379.83	298.95	367.03	304.06	13.79
	633.92	265.39	598.98	277.51	36.98
	359.00	266.00	336.14	276.24	25.04
	249.73	270.37	244.54	272.58	5.64
	231.04	283.03	255.01	272.92	26.02
	310.66	286.64	297.04	292.05	14.66
	320.95	285.86	341.89	276.71	22.85
	516.07	277.13	499.98	283.45	17.29
	605.13	284.30	627.98	276.94	24.01
	568.14	280.28	551.96	286.93	17.49
	222.00	281.00	206.97	288.46	16.78
	543.84	294.27	589.98	280.50	48.15
	201.31	296.22	222.03	286.58	22.86
	601.29	328.03	577.07	334.56	25.08
	199.27	292.51	206.02	289.55	7.37
	286.91	299.78	303.88	292.74	18.37
	500.06	303.29	533.03	293.44	34.41
	141.99	296.25	148.02	293.71	6.55
	182.59	299.63	193.85	295.44	12.01
	542.04	295.01	494.90	310.25	49.53
	552.94	301.85	573.03	295.09	21.20
	563.48	337.01	557.95	338.44	5.71
	194.90	297.99	174.72	307.73	22.41
	172.29	304.61	179.02	301.56	7.39
	271.94	305.83	282.83	301.66	11.66
	411.80	313.53	443.84	302.71	33.81
	277.92	308.32	289.04	304.08	11.90
	341.00	314.00	364.98	304.93	25.64
	535.79	307.95	541.98	305.92	6.52
	547.63	341.21	525.91	346.69	22.40
	452.43	320.53	480.11	310.63	29.40
	493.72	311.07	452.03	326.05	44.29
	359.47	331.99	338.98	339.40	21.78
	503.33	318.96	523.06	312.08	20.89
	319.97	321.93	338.97	314.92	20.25
	488.24	323.11	494.00	321.00	6.14
	498.48	353.10	477.80	358.49	21.37
	437.97	324.38	410.96	332.67	28.25
	458.05	332.63	474.04	327.13	16.91
	443.73	328.12	406.86	339.51	38.59
	452.23	364.98	435.05	370.52	18.05
	385.88	341.73	399.84	337.50	14.58
	585.00	343.00	596.02	340.59	11.28
	414.95	346.49	429.91	341.77	15.68
	312.98	349.41	325.06	344.67	12.98
	624.67	354.59	633.11	351.75	8.91
	538.22	368.35	532.95	370.11	5.55
	617.10	382.07	611.03	383.42	6.22
	583.39	377.38	568.89	380.82	14.90
	570.04	390.26	560.30	392.23	9.93
91
	175.45	29.28	136.56	85.78	68.60
	160.39	41.92	156.59	47.00	6.35
	186.36	48.92	142.07	109.07	74.70
	212.02	55.02	193.49	80.99	31.91
	179.56	49.73	175.57	55.63	7.13
	134.59	77.72	148.99	57.99	24.43
	187.88	56.82	176.71	72.14	18.96
	186.06	90.06	168.88	113.94	29.42
	129.69	94.11	91.80	146.84	64.94
	125.62	91.07	111.03	112.02	25.53
	181.47	83.98	165.59	107.62	28.47
	163.81	89.87	152.33	105.26	19.20
	308.32	108.37	304.84	112.83	5.65
	136.75	117.18	117.03	141.19	31.08
	161.11	124.09	145.04	146.02	27.19
	142.48	139.57	159.05	115.68	29.07
	87.27	143.87	99.44	126.95	20.84
	135.40	127.94	128.74	137.16	11.38
	114.97	146.98	94.99	171.42	31.57
	138.91	142.94	118.99	170.99	34.40
	135.95	157.96	121.29	177.88	24.73
	87.96	151.99	81.85	159.91	10.00
	117.59	152.08	106.30	168.28	19.74
	68.60	170.98	81.95	152.64	22.69
	79.89	162.91	69.84	178.92	18.90
	60.93	180.99	45.90	201.93	25.78
	45.90	210.97	23.57	242.02	38.25
	94.09	172.05	73.01	200.86	35.70
	112.94	188.95	99.49	206.99	22.50
	112.12	178.07	96.73	200.75	27.40
	95.67	179.92	84.40	196.92	20.40
	506.86	180.88	499.07	188.08	10.60
	246.54	184.40	235.12	198.11	17.85
	489.71	197.04	494.86	191.87	7.30
	611.15	195.18	601.96	202.94	12.03
	69.56	209.05	11.95	283.74	94.33
	631.33	204.94	624.74	210.66	8.73
	618.94	226.97	601.08	242.16	23.44
	35.59	216.07	25.60	230.01	17.15
	91.15	218.13	77.73	236.14	22.47
	634.34	209.45	629.84	213.26	5.90
	581.22	212.26	556.27	235.22	33.90
	597.86	219.83	607.02	212.53	11.71
	614.02	213.05	597.87	226.30	20.90
	396.24	243.07	387.93	250.96	11.46
	582.30	218.35	568.01	231.02	19.10
	68.50	219.01	63.14	226.11	8.90
	600.92	229.40	615.02	218.54	17.79
	629.99	218.99	624.92	223.93	7.08
	70.85	235.86	82.41	219.56	19.98
	627.96	227.45	633.90	221.90	8.13
	583.26	225.43	574.09	233.18	12.01
	634.05	228.07	628.51	232.44	7.06
	23.86	236.49	8.87	254.92	23.75
	66.99	237.99	58.81	249.77	14.34
	68.98	247.98	55.99	264.99	21.40
	613.44	237.51	606.58	244.10	9.52
	619.96	237.92	612.98	243.93	9.21
	52.36	238.98	42.39	254.27	18.25
	22.46	242.97	9.86	262.89	23.57
	431.39	258.37	437.23	253.20	7.80
	428.04	261.03	420.81	267.70	9.84
	32.49	265.99	22.74	281.12	18.00
	410.13	274.12	414.34	270.52	5.54
	417.96	271.96	410.74	279.74	10.61
	354.13	297.96	357.97	294.26	5.33
	343.85	292.98	339.78	297.60	6.16
	622.98	295.21	615.20	302.26	10.50
	292.84	306.97	300.99	298.53	11.73
	620.90	301.35	611.86	309.28	12.02
	379.44	314.40	373.63	319.66	7.84
	540.90	317.85	534.53	323.55	8.54
	480.69	324.53	486.07	319.36	7.46
	508.98	330.97	516.94	324.15	10.49
	538.06	329.33	530.58	335.44	9.66
	461.70	339.64	468.83	332.77	9.90
	439.99	333.98	435.96	337.96	5.66
	613.03	347.17	603.26	355.64	12.93
	584.03	361.02	566.98	374.97	22.03
	556.02	374.36	578.93	353.91	30.71
	599.86	357.35	577.83	375.76	28.71
	541.11	368.13	552.76	359.61	14.43
	564.60	370.58	573.78	362.69	12.10
	591.01	370.02	599.11	362.70	10.92
	608.61	364.45	604.58	367.54	5.08
	630.98	364.62	626.14	368.21	6.02
	633.80	371.72	622.83	379.30	13.33
	606.61	375.44	599.38	380.51	8.83
	624.93	385.39	630.11	381.67	6.38
	617.68	399.81	627.80	391.73	12.95
	603.92	393.35	589.16	403.75	18.05
