vx	vy	vz	score	numLines
-0.99439616	0.10570934	-0.00134513	7548.06	225
-0.67523313	-0.73760432	-0.00028241	3349.91	122

nLines	x1	y1	x2	y2	length
225
	241.24	102.78	301.01	82.65	63.07
	242.01	6.07	260.91	3.54	19.07
	466.03	7.14	477.83	3.53	12.34
	577.96	6.54	583.79	3.61	6.52
	438.90	10.75	459.97	4.83	21.88
	573.04	5.07	566.06	8.69	7.86
	560.97	7.35	552.05	11.24	9.73
	365.00	11.00	380.00	8.07	15.28
	410.95	7.90	406.02	8.87	5.02
	406.96	14.88	433.02	7.78	27.01
	546.95	9.38	537.09	13.65	10.75
	611.10	10.13	606.98	12.97	5.01
	367.44	22.01	399.94	11.70	34.09
	520.96	16.92	532.02	12.05	12.09
	601.89	12.31	597.14	15.28	5.60
	3.99	23.39	53.97	15.06	50.68
	500.97	20.55	515.04	15.14	15.07
	322.00	25.33	361.02	16.06	40.11
	575.01	21.01	581.85	17.47	7.71
	477.99	24.29	495.07	18.13	18.16
	563.86	23.27	569.78	19.71	6.91
	472.49	21.45	452.00	29.12	21.88
	264.98	32.89	315.05	21.63	51.32
	546.98	27.96	556.85	23.30	10.91
	445.97	26.36	421.95	34.83	25.47
	531.01	32.02	541.78	26.50	12.10
	331.97	31.51	345.96	27.88	14.45
	191.99	42.28	257.09	28.53	66.53
	589.00	29.50	584.00	33.01	6.11
	627.04	29.04	623.48	32.78	5.16
	274.14	38.16	302.98	31.15	29.67
	525.07	30.11	512.51	36.64	14.16
	385.90	41.79	416.02	31.79	31.73
	570.99	36.97	579.04	32.06	9.43
	100.96	34.26	111.01	33.04	10.12
	490.95	41.91	507.00	34.93	17.50
	566.01	36.02	557.47	41.58	10.19
	342.05	49.70	378.99	38.21	38.69
	465.95	47.89	484.85	39.57	20.65
	598.41	40.50	593.77	44.85	6.36
	286.10	46.25	301.93	40.72	16.77
	623.94	45.95	627.68	41.54	5.78
	437.02	55.04	460.15	45.48	25.03
	523.02	52.13	536.08	45.14	14.81
	207.02	55.03	245.87	45.63	39.98
	287.00	59.50	333.99	45.96	48.89
	71.04	49.77	80.09	47.98	9.22
	567.93	54.93	576.09	48.08	10.65
	609.03	50.03	603.10	55.21	7.88
	503.08	58.66	517.87	50.69	16.80
	402.08	63.34	429.95	51.90	30.13
	3.96	67.82	69.91	52.61	67.69
	561.25	54.33	552.10	60.32	10.94
	218.01	72.37	278.97	55.81	63.17
	598.15	55.15	592.03	61.03	8.49
	628.35	55.27	624.10	60.11	6.44
	479.00	66.01	496.85	56.73	20.12
	547.06	59.07	534.99	66.98	14.43
	184.56	157.47	260.01	127.94	81.02
	360.03	73.38	394.96	59.92	37.44
	586.53	60.45	579.06	67.07	9.98
	618.99	59.99	614.02	66.02	7.81
	176.98	64.42	123.35	78.57	55.46
	450.97	74.85	472.93	63.84	24.56
	602.76	72.91	608.78	65.58	9.48
	515.80	75.90	528.13	66.69	15.39
	572.25	67.29	564.00	74.00	10.63
	125.56	88.45	209.01	68.15	85.89
	629.66	69.46	624.93	75.95	8.03
	307.97	86.22	353.00	69.99	47.86
	418.03	85.11	445.03	72.07	29.99
	597.12	72.11	590.13	79.15	9.93
	508.87	73.32	492.96	83.94	19.13
	558.13	73.13	547.94	81.94	13.46
	614.04	83.04	619.85	75.83	9.25
	528.07	90.32	541.62	80.59	16.68
	113.10	82.35	3.89	111.19	112.96
	409.89	82.26	378.00	97.17	35.20
	484.97	82.45	466.34	94.35	22.11
	602.08	91.06	608.95	82.94	10.63
	570.39	86.30	560.25	96.34	14.27
	522.11	89.13	504.98	102.02	21.43
	596.48	90.42	588.12	99.23	12.15
	457.86	92.29	434.07	106.21	27.57
	330.29	114.26	371.92	94.57	46.05
	554.63	94.46	541.98	105.97	17.11
	619.09	95.06	614.34	102.26	8.62
	164.74	123.31	234.99	98.20	74.60
	499.57	99.43	480.98	112.97	22.99
	573.05	109.07	582.95	98.95	14.16
	608.25	101.10	601.08	111.10	12.30
	535.99	103.99	521.08	117.11	19.86
	567.40	108.34	556.09	120.10	16.32
	268.00	132.24	322.03	109.11	58.78
	65.03	112.66	74.88	109.69	10.29
	474.55	110.47	450.93	126.89	28.76
	587.06	122.05	595.93	110.93	14.22
	448.24	120.53	459.13	112.75	13.38
	620.37	113.92	614.36	122.44	10.43
	496.06	130.48	514.83	115.77	23.85
	42.00	151.24	130.09	121.75	92.90
	139.05	118.60	134.14	120.40	5.23
	536.04	133.04	549.99	118.99	19.80
	580.94	120.96	570.08	134.14	17.07
	608.89	121.95	601.33	134.83	14.94
	131.81	123.49	93.84	136.53	40.15
	634.08	123.05	628.09	133.08	11.68
	444.06	124.08	412.97	145.03	37.48
	468.34	146.62	490.97	128.78	28.82
	513.03	148.03	529.63	131.55	23.39
	564.11	133.08	551.67	148.93	20.15
	595.00	134.00	585.10	147.11	16.43
	291.04	161.89	343.06	135.68	58.25
	85.84	139.55	91.82	137.50	6.32
	369.95	163.75	408.03	141.10	44.30
	3.98	150.95	24.94	143.80	22.14
	433.05	165.12	461.00	144.00	35.04
	609.38	145.03	600.98	159.99	17.16
	506.04	146.04	485.07	165.13	28.36
	3.95	154.86	30.00	146.59	27.34
	544.99	146.99	529.05	164.09	23.37
	578.96	146.97	567.32	162.39	19.32
	634.40	148.21	630.79	156.91	9.42
	397.92	155.32	377.04	168.06	24.46
	4.02	159.07	12.98	155.96	9.49
	77.97	190.50	157.75	160.43	85.26
	218.54	190.58	282.97	157.46	72.45
	624.15	157.08	616.11	172.11	17.05
	148.11	162.26	158.15	158.36	10.78
	593.96	158.99	583.13	176.24	20.37
	402.80	160.88	383.95	175.93	24.12
	560.78	160.90	546.27	180.53	24.42
	522.17	162.07	503.10	183.17	28.44
	478.11	163.11	451.97	185.88	34.67
	82.16	193.36	145.85	165.67	69.45
	610.22	172.12	600.20	189.21	19.82
	576.49	176.99	564.18	195.17	21.95
	539.23	178.07	522.29	202.01	29.33
	87.00	183.01	98.06	179.13	11.72
	495.34	182.32	472.08	206.11	33.27
	564.88	181.91	560.56	188.52	7.91
	62.88	182.63	4.01	207.03	63.72
	444.19	184.20	412.60	211.77	41.93
	95.08	192.17	113.28	185.48	19.39
	305.88	184.89	255.96	217.43	59.59
	4.03	211.57	66.05	186.16	67.02
	171.01	201.52	206.94	186.18	39.07
	363.85	191.78	347.14	204.15	20.79
	340.37	219.19	381.97	185.97	53.24
	593.95	188.97	582.65	209.82	23.72
	557.14	194.09	541.25	217.43	28.23
	112.97	229.09	159.67	209.34	50.70
	514.52	198.00	492.15	225.26	35.26
	262.30	202.43	242.10	214.66	23.62
	155.16	209.33	164.24	204.97	10.08
	560.11	233.12	576.02	209.02	28.88
	364.33	245.14	402.95	209.95	52.25
	153.73	212.48	116.90	231.80	41.58
	270.98	253.81	328.89	213.86	70.36
	533.25	215.02	513.03	244.03	35.37
	306.07	218.10	268.33	243.45	45.46
	147.93	266.82	232.12	218.68	96.98
	4.06	268.12	98.99	222.50	105.32
	484.19	224.16	456.14	255.41	41.99
	4.05	272.60	99.96	225.42	106.89
	425.30	232.30	388.07	269.08	52.33
	519.37	245.51	529.83	231.86	17.19
	553.04	232.02	535.05	262.03	34.99
	301.06	286.01	354.97	240.67	70.44
	478.91	275.78	505.70	241.70	43.35
	152.14	252.16	163.88	244.83	13.84
	226.54	272.81	262.01	251.02	41.62
	448.14	252.00	411.93	292.52	54.34
	500.35	259.43	485.11	278.09	24.09
	526.14	258.99	503.15	296.15	43.69
	150.04	269.04	158.72	263.53	10.28
	506.63	265.08	493.95	284.97	23.58
	377.21	266.21	328.24	313.33	67.96
	13.07	329.14	114.08	272.13	115.98
	115.16	271.29	123.08	267.16	8.93
	470.82	272.98	437.95	315.93	54.08
	225.15	273.71	196.17	293.26	34.96
	214.03	337.17	289.79	280.52	94.59
	16.00	332.00	98.75	283.56	95.88
	494.05	293.00	465.10	339.05	54.40
	180.93	302.73	193.17	295.25	14.34
	166.29	298.44	160.29	302.43	7.21
	470.58	299.38	464.23	309.24	11.73
	53.98	371.97	155.15	305.71	120.93
	249.90	371.91	318.04	310.09	92.00
	462.10	311.03	457.19	318.08	8.59
	226.64	330.56	216.74	338.72	12.83
	200.33	333.47	95.07	412.54	131.65
	434.01	348.00	409.86	381.93	41.64
	3.98	381.97	33.64	362.64	35.40
	373.88	362.91	326.51	422.60	76.20
	3.94	387.41	37.05	366.11	39.37
	136.08	451.61	221.03	378.04	112.38
	299.21	371.17	284.00	384.97	20.54
	226.62	375.60	139.43	454.33	117.48
	296.45	387.43	292.50	391.47	5.65
	268.97	399.97	180.40	491.95	127.69
	304.37	430.41	221.42	528.07	128.13
	75.61	403.61	3.79	457.74	89.93
	400.84	415.92	365.99	467.99	62.66
	232.35	430.36	194.33	468.24	53.67
	3.73	540.68	117.54	443.74	149.50
	3.65	547.59	119.98	447.98	153.15
	336.75	460.69	262.82	561.89	125.33
	204.34	485.31	226.10	463.13	31.07
	319.78	482.21	324.51	475.50	8.20
	158.96	481.98	31.37	604.54	176.92
	42.31	602.30	161.19	486.21	166.16
	316.26	486.21	260.20	559.16	92.00
	330.11	490.10	284.75	552.81	77.39
	342.91	500.94	293.81	570.87	85.45
	320.05	509.02	314.95	515.97	8.62
	200.21	519.14	102.94	626.94	145.20
	3.72	560.68	21.86	544.82	24.09
	3.49	582.46	37.90	553.48	44.99
	241.99	554.00	179.02	634.02	101.83
	39.03	615.02	33.84	619.84	7.08
	238.35	634.36	250.19	618.16	20.07
	3.70	632.70	11.92	624.87	11.35
	10.14	634.14	17.99	626.96	10.63
122
	156.17	3.84	240.86	102.13	129.74
	237.22	3.81	264.24	36.14	42.14
	293.67	4.33	305.16	18.87	18.54
	301.04	3.97	333.44	42.04	50.00
	396.15	3.89	464.07	94.92	113.59
	464.41	95.65	494.83	131.24	46.83
	431.62	3.91	500.47	96.02	115.00
	461.89	4.11	509.48	70.01	81.29
	487.07	3.94	521.82	53.20	60.29
	508.97	4.01	550.82	61.26	70.92
	528.60	3.93	576.83	67.74	79.99
	545.50	4.00	561.84	24.84	26.48
	560.70	3.86	592.42	46.01	52.75
	574.87	4.09	593.73	30.36	32.34
	608.46	4.04	613.47	10.44	8.13
	482.69	6.41	489.65	16.35	12.14
	149.76	12.31	164.17	29.87	22.72
	43.79	20.18	69.66	46.29	36.75
	368.57	22.95	395.47	57.02	43.42
	493.96	23.06	500.90	32.07	11.38
	67.79	24.88	102.43	65.61	53.46
	569.91	25.10	573.85	30.15	6.41
	561.52	26.99	580.44	51.00	30.57
	317.49	32.28	326.85	43.13	14.33
	252.86	34.15	269.68	53.26	25.46
	414.84	36.12	417.73	40.25	5.04
	265.54	36.97	321.41	105.06	88.08
	505.90	39.04	512.14	48.89	11.66
	176.80	43.26	190.61	59.93	21.64
	379.34	45.11	385.16	52.89	9.71
	331.98	51.02	345.55	66.42	20.52
	341.58	52.94	359.36	76.05	29.15
	79.83	58.15	100.87	82.10	31.87
	99.63	60.33	184.44	156.56	128.27
	274.13	60.94	290.50	81.02	25.90
	395.60	66.21	398.65	70.21	5.03
	402.58	66.95	427.46	100.03	41.39
	510.52	71.01	540.22	106.77	46.49
	204.68	74.31	223.58	96.37	29.04
	350.56	74.96	364.87	92.12	22.35
	360.51	76.99	407.32	137.14	76.21
	447.79	81.23	450.96	86.02	5.75
	296.97	88.03	312.30	107.70	24.94
	109.78	90.27	134.57	116.39	36.01
	416.96	96.03	421.87	102.08	7.79
	369.05	98.96	382.99	116.01	22.02
	428.56	100.99	466.15	147.85	60.08
	228.55	103.99	248.07	126.93	30.12
	241.89	105.09	261.00	125.00	27.59
	261.50	125.52	313.18	191.84	84.08
	313.42	192.64	361.02	244.97	70.74
	322.53	106.00	342.46	132.03	32.78
	427.00	108.00	430.69	113.22	6.39
	318.08	114.94	334.61	134.40	25.53
	3.70	117.29	25.90	141.10	32.56
	8.98	116.60	41.01	150.99	46.99
	462.45	123.51	466.18	127.86	5.73
	139.46	124.58	163.46	152.50	36.81
	254.02	133.98	273.19	156.67	29.70
	340.13	142.90	354.47	161.38	23.39
	484.95	144.04	489.18	148.83	6.39
	405.88	146.13	419.36	162.72	21.38
	31.06	146.90	62.95	181.05	46.72
	21.01	157.99	44.65	183.94	35.10
	45.89	156.12	76.92	190.09	46.01
	170.19	158.86	192.40	186.73	35.64
	184.48	158.59	234.86	214.12	74.97
	478.85	168.26	483.80	174.15	7.69
	293.90	177.18	298.77	182.13	6.95
	496.93	186.09	505.82	196.16	13.43
	382.05	190.92	394.03	203.97	17.72
	199.92	193.12	221.29	219.67	34.09
	302.22	192.80	321.89	214.11	29.00
	380.03	192.97	395.93	210.08	23.36
	55.44	195.43	83.87	226.13	41.84
	81.98	195.02	112.12	228.85	45.31
	317.92	204.61	322.44	210.45	7.38
	404.04	214.97	419.98	232.03	23.35
	116.86	234.14	147.08	266.66	44.40
	326.21	220.78	345.08	241.94	28.35
	100.99	224.97	133.33	258.62	46.67
	226.92	227.10	249.67	252.31	33.96
	91.02	234.60	119.01	264.98	41.32
	300.96	243.04	304.95	247.55	6.02
	351.30	247.71	370.30	267.77	27.62
	151.21	253.80	156.02	258.98	7.07
	255.25	258.69	277.92	283.08	33.30
	150.23	270.83	179.92	302.53	43.43
	125.98	272.02	152.38	302.77	40.53
	305.94	313.04	285.10	290.91	30.40
	183.91	307.08	212.97	337.03	41.74
	160.61	309.36	188.05	337.96	39.64
	313.02	317.98	336.09	340.90	32.53
	427.91	321.19	446.22	340.78	26.81
	3.61	330.39	33.65	361.28	43.08
	194.99	345.02	222.88	372.11	38.88
	358.01	355.34	361.75	359.29	5.43
	37.98	366.08	75.82	403.16	52.97
	238.07	367.87	270.80	399.67	45.63
	57.09	376.90	94.00	412.37	51.19
	229.04	378.96	257.31	404.84	38.33
	272.07	399.89	303.36	430.36	43.68
	79.99	407.53	117.47	443.20	51.74
	98.76	417.28	134.86	451.18	49.53
	45.93	438.10	58.02	448.98	16.27
	120.92	447.41	158.86	481.09	50.73
	139.57	455.26	176.15	488.77	49.60
	11.29	481.61	38.86	507.16	37.58
	162.10	485.67	200.13	517.90	49.85
	3.82	487.20	32.04	512.97	38.22
	113.92	501.06	119.78	506.23	7.82
	205.01	521.99	241.86	553.10	48.23
	29.90	538.17	44.70	549.45	18.61
	26.69	545.29	32.93	550.07	7.86
	38.92	552.66	61.12	570.90	28.73
	191.01	568.45	197.95	574.63	9.30
	75.83	576.75	113.95	610.07	50.63
	201.17	576.73	205.94	581.08	6.46
	69.96	579.06	81.57	590.19	16.09
	94.90	601.20	110.28	613.76	19.85
	124.10	619.26	135.91	629.13	15.40
	118.95	621.05	133.75	634.27	19.84
