vx	vy	vz	score	numLines
0.98168739	-0.19049742	-0.00076914	12715.54	414
-0.00768070	0.99997050	-0.00001697	5643.43	368
-0.98960935	-0.14378028	-0.00074953	761.36	172

nLines	x1	y1	x2	y2	length
414
	85.97	5.83	100.94	3.35	15.17
	200.90	3.35	140.04	13.21	61.65
	557.87	3.38	494.02	11.33	64.35
	51.99	20.41	23.00	24.98	29.35
	84.95	14.22	103.77	11.37	19.03
	131.02	14.83	65.02	25.41	66.85
	205.94	96.16	141.94	103.28	64.40
	319.00	24.28	365.02	18.10	46.43
	415.96	11.69	469.70	3.66	54.33
	488.99	11.94	389.06	24.73	100.75
	273.98	30.90	234.00	36.45	40.37
	231.09	12.12	270.00	5.55	39.47
	318.03	9.42	367.08	4.71	49.27
	31.97	7.24	38.99	5.97	7.13
	215.81	9.86	229.14	8.37	13.41
	552.01	10.84	556.98	10.01	5.04
	106.00	11.97	110.99	10.95	5.09
	534.68	15.12	545.87	13.31	11.33
	570.99	17.39	585.95	15.62	15.07
	190.95	42.70	156.99	46.91	34.22
	154.90	23.33	189.01	17.54	34.60
	571.98	40.67	584.01	39.10	12.14
	579.01	47.07	528.98	52.70	50.35
	521.89	23.38	569.03	17.74	47.48
	144.98	21.47	152.06	20.38	7.16
	467.03	22.55	458.92	23.55	8.17
	384.00	25.29	295.01	37.08	89.77
	523.10	25.83	534.13	24.61	11.09
	4.01	35.12	62.11	25.76	58.85
	385.06	77.56	295.02	86.18	90.46
	118.92	51.78	82.99	55.01	36.07
	84.28	34.42	113.01	29.54	29.13
	186.06	30.36	192.99	29.42	6.99
	470.84	57.81	416.00	63.88	55.17
	413.91	36.42	471.13	31.21	57.46
	379.04	36.45	367.99	37.38	11.09
	397.96	34.18	411.01	33.03	13.10
	474.96	33.43	480.02	33.07	5.08
	562.11	35.15	572.76	33.29	10.82
	106.99	35.37	113.08	34.04	6.23
	423.94	37.38	415.95	38.81	8.12
	210.01	48.14	290.03	37.51	80.72
	51.00	61.45	24.01	65.08	27.23
	21.03	44.04	46.02	39.61	25.37
	84.97	45.21	118.99	41.60	34.21
	319.98	47.37	366.00	41.41	46.41
	365.01	69.07	336.03	72.19	29.15
	303.00	45.24	317.93	43.54	15.02
	352.96	46.42	339.86	47.55	13.15
	205.98	48.15	133.00	58.03	73.64
	22.98	53.94	53.02	51.30	30.15
	62.04	67.46	9.04	74.31	53.44
	367.96	50.97	318.04	56.15	50.19
	475.98	52.12	481.06	51.83	5.09
	230.27	59.24	271.99	52.90	42.20
	275.89	77.87	239.94	82.38	36.23
	414.99	58.84	441.00	55.47	26.23
	495.01	66.65	601.99	55.90	107.52
	130.04	58.46	66.00	67.07	64.61
	232.10	65.39	274.97	60.90	43.11
	156.99	66.96	194.85	64.10	37.96
	193.69	86.68	164.00	90.05	29.88
	373.00	63.95	378.98	62.92	6.06
	580.01	63.28	585.94	62.50	5.98
	601.12	67.46	584.01	68.54	17.14
	490.91	66.20	389.02	76.89	102.45
	570.97	69.67	576.03	69.52	5.06
	558.05	70.49	565.28	69.50	7.30
	84.02	76.60	116.98	71.82	33.30
	582.95	103.69	524.00	108.01	59.11
	527.00	77.95	582.99	72.79	56.23
	75.74	74.69	81.06	73.79	5.39
	155.01	74.60	161.98	73.70	7.02
	97.02	77.38	88.99	77.93	8.06
	118.97	94.92	106.01	96.67	13.08
	471.10	79.53	484.00	78.92	12.91
	49.97	102.74	19.90	104.05	30.10
	20.97	84.52	46.01	80.60	25.35
	9.18	83.22	16.99	81.95	7.91
	470.88	111.87	418.01	116.20	53.05
	414.06	89.08	456.00	84.51	42.19
	46.94	85.29	22.97	86.97	24.02
	397.10	87.23	413.12	84.69	16.22
	209.01	95.07	291.04	86.80	82.44
	475.99	87.48	482.01	86.58	6.09
	380.72	88.47	369.00	89.01	11.73
	433.00	89.33	457.99	87.69	25.04
	323.00	122.95	317.99	123.03	5.01
	324.00	96.03	367.03	92.86	43.15
	368.97	117.98	344.02	121.28	25.17
	302.98	95.62	316.07	93.51	13.26
	43.98	97.13	50.75	96.80	6.78
	320.90	99.79	334.17	98.52	13.33
	231.12	105.72	263.00	101.54	32.15
	130.03	102.40	73.02	108.23	57.31
	233.90	107.42	276.03	105.39	42.18
	193.03	133.09	152.30	134.16	40.75
	154.04	112.10	188.01	108.64	34.14
	62.04	109.45	4.00	115.13	58.31
	170.98	113.33	179.96	112.28	9.04
	347.04	118.23	367.94	115.90	21.03
	117.98	138.89	89.05	141.36	29.04
	83.27	119.29	111.00	115.56	27.98
	495.01	121.90	601.98	114.71	107.22
	47.07	144.34	22.98	145.68	24.13
	20.29	124.42	46.01	121.59	25.88
	389.02	129.13	491.03	122.36	102.23
	491.01	177.33	390.04	181.39	101.05
	562.97	124.72	568.92	124.24	5.97
	294.02	135.60	385.06	129.30	91.25
	583.97	161.85	524.98	164.24	59.04
	524.98	133.87	583.99	130.36	59.12
	290.81	134.78	209.13	140.51	81.88
	465.00	167.03	418.00	169.06	47.04
	414.22	141.34	464.00	137.55	49.92
	30.07	142.09	22.02	142.67	8.07
	206.44	140.27	139.02	146.28	67.69
	371.00	140.82	380.96	139.82	10.01
	367.00	171.00	320.00	173.34	47.06
	322.00	146.31	363.98	143.33	42.09
	430.09	144.07	423.01	144.85	7.12
	130.11	146.21	69.97	152.58	60.47
	591.93	146.87	600.00	146.00	8.12
	332.57	148.65	362.04	147.24	29.50
	269.00	175.62	231.97	177.22	37.07
	230.02	153.02	274.00	148.92	44.17
	65.00	151.08	70.00	151.03	5.01
	4.01	155.46	61.05	151.74	57.16
	244.78	153.42	256.97	153.49	12.19
	192.02	179.09	152.45	179.52	39.57
	152.29	157.28	181.01	154.59	28.84
	463.00	154.33	470.16	153.50	7.21
	416.01	157.02	446.01	157.52	30.01
	71.05	159.66	81.07	158.70	10.07
	118.01	182.10	83.11	182.86	34.91
	84.96	160.40	118.01	158.48	33.11
	475.98	161.29	482.00	161.28	6.02
	51.99	184.97	47.00	185.53	5.02
	46.01	185.61	20.96	186.14	25.05
	22.02	164.20	47.00	162.52	25.04
	89.01	162.73	97.04	162.64	8.04
	361.00	165.15	368.01	164.85	7.01
	496.13	177.67	602.01	173.52	105.96
	385.02	181.43	295.00	185.09	90.10
	502.99	181.75	519.99	182.06	17.00
	385.08	233.80	294.02	234.67	91.07
	208.98	187.02	290.02	185.23	81.06
	471.99	187.49	484.00	187.36	12.01
	438.00	188.72	444.03	188.68	6.03
	574.01	188.43	584.99	188.09	10.99
	584.93	219.74	536.00	220.38	48.94
	523.06	191.09	573.01	188.53	50.02
	132.90	191.13	206.04	188.74	73.18
	63.91	193.66	128.00	191.43	64.13
	469.04	221.21	416.04	221.74	53.00
	61.78	192.57	4.00	195.92	57.88
	64.03	235.60	129.95	236.27	65.93
	278.97	195.69	286.83	195.66	7.86
	365.98	222.85	316.41	221.67	49.59
	320.00	196.15	366.01	194.89	46.03
	11.02	197.45	4.92	197.61	6.09
	215.63	198.83	227.08	197.81	11.50
	273.02	224.25	234.01	224.71	39.01
	230.85	199.32	271.00	197.51	40.19
	191.01	225.30	152.58	224.35	38.44
	153.04	202.05	175.00	200.57	22.01
	117.98	225.90	85.99	226.26	31.99
	85.02	203.14	116.00	201.90	31.01
	571.98	203.25	585.92	202.79	13.94
	15.89	230.39	9.07	230.13	6.82
	50.99	226.85	23.00	227.12	27.99
	20.99	204.96	50.00	203.73	29.04
	462.90	204.32	470.01	203.80	7.13
	532.06	205.52	546.96	204.49	14.94
	523.99	205.95	531.06	205.41	7.09
	416.07	207.20	446.01	206.33	29.96
	92.93	213.20	111.87	213.71	18.95
	574.00	213.00	579.05	213.24	5.06
	593.02	213.47	601.00	213.27	7.98
	84.30	215.64	90.99	215.30	6.69
	102.03	216.42	107.06	216.40	5.04
	19.02	231.35	26.96	231.06	7.94
	491.95	232.33	389.00	233.96	102.96
	495.08	232.57	602.00	232.28	106.92
	208.94	234.07	290.07	234.81	81.13
	136.99	237.84	204.01	235.52	67.06
	4.00	236.10	61.05	236.46	57.05
	132.97	235.67	142.00	235.68	9.03
	213.98	237.46	219.02	237.26	5.05
	67.95	237.60	74.02	237.64	6.07
	154.99	242.12	166.15	242.68	11.17
	145.59	265.46	140.30	265.14	5.29
	140.95	244.44	149.91	244.62	8.96
	513.91	244.85	519.80	244.51	5.90
	35.06	247.29	22.93	247.51	12.13
	25.00	245.16	49.00	245.83	24.01
	116.00	269.52	85.03	268.74	30.98
	85.00	245.50	101.00	245.38	16.01
	102.01	245.34	117.01	245.75	15.01
	278.96	245.49	284.99	245.08	6.05
	51.96	267.88	22.99	267.42	28.96
	152.84	246.30	191.98	246.08	39.14
	193.71	270.62	153.96	270.20	39.76
	274.02	272.57	233.00	272.03	41.02
	229.42	247.45	273.98	246.12	44.58
	320.00	246.48	366.96	246.16	46.96
	366.03	274.20	319.02	273.29	47.02
	470.97	274.95	419.00	274.89	51.97
	414.97	246.49	468.01	245.77	53.04
	470.00	255.20	416.02	251.91	54.08
	588.47	275.60	530.99	276.72	57.49
	524.04	246.15	582.99	245.73	58.96
	548.99	249.20	586.25	249.65	37.26
	105.97	249.73	111.02	249.72	5.05
	340.99	252.34	368.00	252.94	27.01
	193.00	251.46	154.00	252.87	39.03
	232.01	251.67	276.07	253.56	44.10
	564.03	258.18	581.01	259.27	17.02
	30.08	260.13	47.97	259.58	17.90
	92.93	259.76	106.00	259.43	13.08
	261.03	261.23	273.97	261.08	12.94
	355.00	269.44	343.00	270.00	12.01
	239.02	262.11	252.01	261.89	12.99
	324.04	262.68	338.45	262.97	14.42
	261.97	268.47	274.03	268.57	12.06
	447.94	268.85	454.68	268.84	6.74
	373.00	270.01	378.13	269.75	5.14
	592.67	272.34	601.00	272.60	8.34
	12.05	278.42	61.02	278.65	48.98
	64.00	278.00	129.04	280.25	65.08
	73.05	280.50	67.98	280.55	5.07
	133.00	279.86	205.04	282.31	72.09
	208.99	282.13	290.03	284.48	81.07
	295.02	284.35	385.04	286.45	90.05
	21.03	286.20	51.95	287.63	30.95
	51.96	309.85	20.86	307.69	31.17
	390.00	286.51	492.00	288.33	102.02
	298.93	287.42	305.05	287.35	6.12
	117.98	313.78	86.02	311.76	32.02
	88.00	288.07	117.00	289.02	29.02
	495.11	288.50	602.00	291.11	106.92
	37.04	289.50	43.98	289.56	6.94
	492.02	344.11	389.99	339.12	102.15
	192.03	317.54	155.99	315.15	36.13
	153.11	291.21	191.00	292.03	37.90
	100.92	291.68	110.96	291.72	10.04
	278.00	292.18	286.99	292.51	9.00
	155.10	293.53	167.20	294.32	12.12
	171.05	294.36	193.00	296.49	22.05
	230.94	294.47	273.95	294.74	43.02
	276.00	321.00	233.00	318.98	43.04
	318.92	296.30	366.88	298.38	48.00
	368.89	324.90	318.97	323.08	49.95
	251.04	297.40	266.02	297.27	14.98
	468.00	330.53	415.96	327.09	52.15
	471.71	325.85	444.90	325.64	26.81
	367.00	300.47	358.00	300.60	9.01
	586.96	334.92	527.01	332.80	59.99
	527.00	301.91	586.09	303.79	59.12
	22.02	304.56	52.16	306.44	30.19
	569.11	307.50	583.99	308.10	14.89
	324.13	309.58	331.96	310.13	7.85
	29.97	313.07	36.02	313.51	6.06
	233.03	314.89	259.89	317.64	27.00
	445.89	316.53	459.06	316.52	13.18
	4.00	316.92	61.03	320.73	57.16
	101.52	317.56	106.95	317.77	5.44
	319.00	317.65	368.04	321.49	49.19
	4.88	319.38	11.09	319.40	6.21
	169.95	322.36	200.01	322.33	30.06
	429.97	319.06	438.97	319.04	9.00
	64.15	319.75	129.05	324.80	65.09
	64.00	362.34	127.99	369.20	64.35
	133.01	324.75	205.00	329.05	72.12
	20.13	327.21	52.11	328.86	32.02
	52.66	350.69	20.91	348.19	31.85
	209.06	328.78	290.05	334.22	81.17
	209.01	375.95	290.04	383.69	81.41
	526.95	329.88	569.88	331.36	42.96
	117.96	356.81	86.01	354.31	32.04
	84.01	331.07	114.01	332.47	30.03
	293.94	333.11	385.00	339.07	91.25
	153.12	336.26	192.92	338.66	39.88
	193.53	362.48	155.00	360.02	38.62
	292.04	432.99	208.99	422.40	83.72
	229.68	342.10	272.99	343.12	43.32
	276.81	367.83	231.94	366.19	44.89
	497.01	344.68	602.00	350.00	105.12
	319.02	346.20	367.03	348.92	48.09
	366.97	376.88	318.97	373.10	48.14
	490.99	511.16	420.94	500.67	70.83
	280.99	348.71	288.03	348.88	7.05
	10.00	351.57	29.15	354.22	19.34
	414.91	352.33	469.02	354.91	54.17
	470.02	384.05	415.98	380.07	54.18
	473.84	352.26	482.64	352.24	8.81
	154.97	352.64	192.80	357.38	38.12
	3.99	357.29	60.02	362.86	56.31
	593.95	358.40	602.01	359.03	8.09
	527.93	359.34	585.05	361.33	57.15
	319.07	362.47	354.98	367.10	36.21
	62.98	404.01	129.04	413.64	66.76
	21.95	367.44	51.05	369.82	29.19
	51.00	392.80	21.03	388.94	30.22
	436.96	367.06	447.58	368.39	10.70
	132.98	369.43	205.92	377.11	73.35
	416.04	370.40	424.07	370.57	8.03
	131.94	413.05	205.04	422.63	73.73
	525.99	388.47	585.98	392.91	60.16
	137.00	372.01	146.10	372.32	9.11
	102.91	375.61	118.97	377.04	16.12
	117.97	400.75	82.65	395.33	35.73
	82.32	374.26	99.92	375.68	17.66
	372.97	372.76	378.07	373.37	5.14
	426.92	376.50	434.06	376.96	7.15
	445.93	378.19	452.92	378.66	7.01
	154.99	380.43	192.91	384.67	38.16
	192.01	409.12	154.05	404.26	38.27
	295.02	383.80	385.05	391.40	90.35
	83.99	384.88	110.99	389.53	27.40
	544.00	386.98	554.03	387.51	10.05
	230.89	388.39	274.02	391.82	43.26
	275.76	417.64	231.97	413.08	44.03
	390.11	391.52	491.92	401.13	102.26
	33.00	394.78	38.95	395.19	5.96
	42.03	395.88	56.04	398.28	14.21
	323.96	396.83	366.00	400.01	42.16
	366.01	428.12	319.99	423.09	46.30
	4.00	397.51	60.01	404.93	56.50
	232.00	399.56	275.00	405.00	43.34
	495.99	400.13	602.00	408.98	106.38
	469.00	438.95	419.98	433.68	49.30
	418.01	404.88	470.06	409.86	52.29
	197.00	406.15	202.02	406.93	5.08
	323.96	405.52	334.10	406.65	10.21
	21.01	408.13	52.04	411.94	31.26
	552.01	409.64	565.04	410.52	13.06
	177.01	411.69	195.98	412.84	19.01
	21.93	413.39	51.96	417.13	30.25
	578.11	412.76	591.08	413.68	13.01
	585.00	450.96	523.06	443.36	62.40
	532.23	414.53	585.94	419.71	53.95
	83.08	416.16	112.99	419.56	30.10
	347.02	416.41	355.97	417.07	8.98
	372.97	424.74	377.95	425.25	5.01
	153.02	425.08	191.98	429.58	39.23
	452.00	424.99	468.01	427.26	16.16
	428.97	430.38	437.04	431.35	8.12
	154.02	430.12	192.96	434.50	39.19
	441.03	431.80	470.91	434.80	30.03
	294.00	433.01	385.23	444.57	91.96
	84.10	434.85	90.99	435.83	6.96
	238.00	435.53	274.90	440.73	37.27
	552.07	434.77	585.00	437.00	33.00
	552.99	438.43	584.00	441.08	31.11
	524.95	440.87	586.95	446.89	62.29
	269.15	443.62	274.11	444.47	5.04
	390.00	444.07	491.86	454.51	102.40
	316.88	446.38	363.99	451.06	47.35
	366.00	479.30	352.96	477.79	13.13
	281.09	446.75	286.09	447.72	5.10
	155.03	447.86	179.95	449.63	24.98
	393.28	450.27	417.02	452.28	23.83
	496.02	455.87	602.01	467.92	106.67
	233.03	456.99	242.87	458.40	9.93
	469.00	493.02	417.00	486.01	52.47
	417.00	457.44	466.99	463.14	50.31
	500.12	463.09	531.07	465.76	31.06
	475.93	464.24	483.00	465.35	7.15
	447.11	468.81	452.80	469.19	5.70
	435.96	466.19	443.08	466.78	7.14
	423.94	466.51	428.99	467.15	5.09
	550.97	467.62	560.10	468.62	9.18
	587.97	508.90	524.96	500.10	63.62
	524.02	470.20	534.95	471.23	10.98
	578.20	470.61	591.09	472.67	13.05
	536.86	471.71	584.96	477.19	48.41
	349.74	472.68	361.33	473.47	11.62
	372.83	473.43	379.07	474.45	6.32
	440.97	474.51	453.94	475.72	13.03
	555.91	479.81	565.96	480.87	10.10
	536.93	498.21	545.90	499.52	9.07
	420.96	510.65	469.04	517.85	48.61
	496.03	511.59	601.96	527.23	107.08
	501.26	518.33	544.93	523.29	43.96
	547.15	523.34	559.10	525.43	12.13
	593.22	567.42	524.93	556.61	69.14
	528.07	527.44	586.02	535.94	58.57
	585.03	529.54	590.94	530.54	5.99
	412.94	536.04	467.97	547.25	56.16
	529.02	547.23	587.96	556.70	59.69
	559.02	548.01	572.00	550.04	13.14
	552.19	554.52	559.98	555.83	7.89
	531.38	562.47	542.88	564.69	11.70
	471.03	602.16	419.03	591.84	53.01
	415.99	562.57	467.98	572.08	52.85
	496.00	567.00	601.96	587.19	107.86
	556.94	567.14	561.98	567.80	5.09
	455.02	578.95	468.98	582.06	14.31
	503.99	573.53	512.02	574.94	8.15
	534.06	579.86	542.08	581.38	8.17
	590.00	627.86	524.94	613.11	66.71
	523.49	583.64	588.05	595.43	65.62
	562.09	584.56	582.09	588.50	20.38
	555.97	594.08	570.02	597.73	14.51
	389.98	601.17	491.96	623.82	104.47
	563.07	602.75	579.02	606.84	16.46
	396.03	606.58	405.10	608.58	9.28
	569.96	613.25	586.01	616.99	16.48
	414.99	615.66	468.00	626.99	54.21
	343.07	616.65	367.03	621.23	24.39
	497.01	623.96	542.90	634.42	47.07
	418.97	630.44	433.91	634.23	15.41
	505.11	629.55	515.18	632.31	10.44
368
	8.94	23.99	9.80	6.00	18.01
	51.98	4.00	52.07	12.99	8.99
	55.76	4.01	55.45	16.05	12.04
	64.05	4.00	63.67	49.00	45.01
	207.83	3.86	206.28	93.93	90.08
	292.06	4.00	291.74	36.08	32.08
	379.87	4.01	380.73	19.29	15.30
	386.33	3.99	385.39	23.98	20.01
	391.94	4.00	392.35	17.00	13.01
	277.56	7.97	277.82	25.00	17.03
	229.17	32.98	230.59	12.58	20.45
	3.42	10.97	3.45	19.04	8.07
	333.07	11.00	333.37	20.07	9.08
	325.29	12.97	325.36	18.97	6.00
	492.02	14.00	492.05	65.01	51.01
	498.59	58.96	498.00	19.00	39.97
	195.62	19.97	195.68	36.01	16.04
	519.43	48.00	521.04	24.05	24.01
	487.37	21.10	485.37	63.01	41.97
	139.25	26.06	139.29	39.81	13.75
	387.22	26.00	385.87	75.95	49.97
	392.38	69.00	391.99	32.00	37.00
	121.44	31.01	119.95	50.96	20.01
	82.68	53.97	83.82	34.83	19.18
	472.87	32.07	471.21	57.20	25.18
	215.45	31.04	215.36	36.04	5.00
	505.56	31.55	505.97	37.99	6.45
	292.52	38.09	291.40	85.01	46.94
	4.36	38.93	3.29	66.06	27.15
	55.01	41.00	54.77	56.97	15.98
	19.51	62.00	20.09	45.05	16.96
	430.27	40.00	430.06	53.01	13.01
	315.87	71.03	315.47	53.00	18.04
	8.79	42.96	8.56	65.91	22.95
	380.27	43.94	380.42	62.01	18.07
	438.15	45.14	437.97	51.00	5.86
	304.80	47.91	304.73	54.93	7.02
	300.33	48.85	300.55	53.94	5.10
	63.47	50.99	62.63	66.63	15.67
	400.15	52.95	400.07	60.05	7.11
	229.30	81.10	229.88	59.93	21.18
	277.66	55.93	276.34	77.33	21.44
	333.41	58.07	332.89	69.00	10.94
	300.02	58.93	300.39	65.88	6.96
	131.95	60.00	131.71	99.00	39.00
	286.62	61.01	286.75	81.94	20.94
	152.30	89.10	151.95	72.00	17.10
	195.12	64.95	194.30	85.89	20.96
	220.01	63.00	220.65	86.06	23.07
	296.51	64.01	297.38	77.06	13.08
	63.96	67.99	62.60	108.16	40.20
	492.09	68.99	491.73	120.83	51.84
	498.17	82.00	499.82	114.80	32.84
	82.91	97.05	83.31	77.24	19.80
	520.31	104.08	519.71	84.01	20.08
	602.13	74.06	602.56	81.05	7.00
	4.58	77.40	3.35	99.01	21.64
	386.38	78.99	385.64	127.81	48.82
	54.92	82.06	54.72	97.03	14.97
	19.55	102.99	20.25	85.15	17.86
	96.35	80.19	96.43	90.99	10.80
	472.93	86.03	471.27	111.24	25.27
	411.91	112.01	413.05	90.04	22.00
	541.02	85.00	540.22	98.94	13.96
	292.54	86.92	291.94	134.00	47.08
	8.78	88.08	8.56	103.93	15.86
	380.37	90.93	381.68	123.27	32.36
	458.89	91.01	459.66	104.96	13.97
	315.50	114.00	315.67	101.02	12.98
	367.87	93.18	369.32	116.93	23.79
	455.08	93.00	455.08	100.96	7.96
	485.49	94.01	486.37	116.09	22.10
	207.83	95.97	207.53	140.04	44.08
	430.66	98.00	430.51	104.96	6.96
	300.38	98.92	301.40	121.96	23.06
	319.77	113.17	320.49	100.42	12.77
	277.97	104.01	277.67	123.02	19.02
	229.40	127.02	230.38	106.32	20.72
	286.95	105.07	286.64	121.16	16.09
	219.57	107.89	219.30	120.96	13.07
	151.97	133.01	152.96	112.97	20.06
	269.36	110.00	269.62	115.26	5.26
	305.09	109.99	305.21	116.02	6.02
	65.46	114.99	64.51	144.00	29.03
	82.08	137.99	82.88	119.92	18.09
	63.64	116.03	64.25	149.84	33.81
	186.15	115.96	185.88	125.98	10.02
	168.21	117.00	167.68	125.95	8.97
	181.15	117.01	181.25	125.96	8.95
	110.04	118.99	109.66	129.99	11.01
	54.84	125.00	54.80	139.00	14.00
	18.94	141.00	19.90	124.92	16.10
	142.70	121.21	143.16	131.73	10.53
	131.48	122.00	131.52	145.04	23.04
	138.63	122.02	138.65	127.98	5.95
	13.07	124.00	12.62	132.42	8.44
	286.17	123.68	286.52	132.01	8.34
	492.22	124.10	491.68	176.51	52.41
	500.04	127.04	500.41	170.40	43.36
	520.74	160.93	520.04	139.00	21.94
	589.36	134.26	589.60	143.94	9.68
	386.43	130.99	386.44	180.02	49.03
	391.67	144.01	392.66	174.03	30.03
	508.98	136.01	508.81	150.28	14.27
	292.18	136.97	290.92	183.94	46.99
	486.16	136.98	484.70	172.14	35.19
	557.74	138.03	557.61	153.19	15.17
	546.28	138.89	546.73	145.95	7.08
	448.68	142.05	448.91	165.00	22.95
	206.62	143.12	207.27	187.05	43.93
	315.27	168.98	315.89	149.98	19.01
	380.90	142.99	380.62	164.78	21.78
	228.56	173.00	229.36	153.91	19.10
	277.73	153.03	277.64	164.97	11.94
	64.48	159.99	62.75	192.09	32.14
	589.44	149.97	589.26	156.92	6.95
	194.95	156.03	195.31	173.93	17.90
	152.01	178.99	151.86	157.92	21.07
	215.55	155.09	215.69	180.81	25.72
	82.43	182.07	83.93	160.85	21.27
	131.47	158.01	132.20	189.92	31.92
	183.54	157.96	183.06	168.00	10.05
	286.79	159.93	286.40	168.88	8.96
	238.30	161.13	237.95	167.00	5.88
	7.72	171.89	7.97	164.99	6.91
	53.97	164.02	54.04	180.00	15.98
	306.07	162.00	305.46	173.10	11.12
	99.06	163.99	98.92	171.94	7.95
	139.46	165.01	139.05	182.86	17.86
	48.99	167.01	48.70	172.17	5.16
	64.50	166.98	64.53	172.01	5.02
	117.17	169.97	116.79	175.16	5.21
	220.06	172.06	219.94	179.00	6.94
	493.49	177.94	493.26	232.10	54.17
	499.63	224.00	499.18	186.00	38.01
	387.07	182.99	385.70	232.76	49.79
	392.73	225.98	392.33	190.00	35.98
	290.82	187.10	292.00	233.00	45.91
	590.04	191.99	590.62	210.01	18.03
	521.47	217.02	521.75	192.17	24.85
	207.26	189.97	207.30	234.06	44.09
	131.32	192.96	131.10	234.00	41.04
	412.32	218.03	412.03	199.00	19.04
	486.78	191.97	485.62	229.09	37.14
	587.18	192.00	587.10	205.04	13.04
	534.74	195.90	535.18	203.01	7.13
	62.69	195.01	62.66	234.06	39.05
	316.01	221.00	315.18	201.01	20.00
	448.36	194.93	448.51	218.98	24.05
	523.71	195.03	523.88	201.00	5.97
	278.00	201.00	277.82	219.00	18.00
	228.93	220.00	230.03	200.03	20.01
	361.76	197.99	361.55	203.98	6.00
	381.36	198.11	380.04	217.02	18.96
	301.66	199.06	301.81	209.98	10.93
	195.02	201.99	195.08	221.01	19.02
	152.19	223.88	152.29	202.83	21.05
	221.41	200.62	220.19	225.03	24.44
	144.63	202.87	144.00	212.00	9.15
	7.86	228.01	7.68	212.91	15.10
	18.35	223.01	18.20	210.99	12.02
	191.73	203.95	191.37	209.00	5.07
	259.44	204.15	259.15	209.97	5.82
	533.01	218.00	532.32	206.79	11.23
	178.94	205.00	178.97	210.02	5.02
	92.11	207.01	92.08	212.84	5.83
	116.54	208.01	116.75	213.20	5.19
	69.63	209.00	69.45	218.97	9.97
	431.58	210.99	431.99	218.00	7.03
	201.91	211.79	201.91	218.01	6.22
	462.92	213.02	462.73	219.08	6.06
	74.94	215.99	74.30	228.01	12.04
	206.05	234.42	205.94	280.96	46.54
	387.20	234.96	386.37	284.99	50.04
	493.44	235.00	493.85	288.02	53.02
	292.08	235.96	291.58	283.04	47.09
	499.55	241.00	499.23	280.98	39.98
	130.66	237.09	131.43	279.06	41.98
	64.49	241.96	62.76	277.05	35.14
	392.08	242.00	391.59	259.00	17.00
	13.92	244.88	13.31	254.80	9.93
	139.86	264.03	139.55	247.99	16.03
	53.58	250.90	52.96	266.97	16.08
	193.09	246.40	194.13	270.13	23.75
	150.69	266.02	152.00	247.00	19.07
	275.69	261.90	274.95	272.27	10.40
	228.72	268.04	228.99	247.99	20.04
	370.62	254.98	369.58	270.01	15.06
	380.72	245.83	380.92	251.01	5.18
	472.83	256.01	471.58	274.55	18.59
	412.39	271.03	414.07	247.10	24.00
	486.61	246.00	487.21	267.94	21.95
	520.59	270.00	520.32	252.00	17.99
	70.44	246.87	70.17	254.90	8.03
	215.68	246.93	215.56	273.86	26.93
	587.00	250.00	587.22	274.04	24.05
	335.98	253.53	336.10	260.01	6.48
	74.31	253.11	73.89	270.04	16.93
	380.67	252.96	381.90	280.10	27.17
	168.28	254.95	168.45	268.00	13.06
	190.75	255.90	191.30	268.01	12.12
	143.09	256.97	143.10	265.01	8.04
	182.17	258.11	181.78	266.03	7.93
	422.69	257.83	423.00	264.00	6.17
	450.39	257.84	450.39	265.13	7.29
	91.89	266.04	92.29	260.29	5.76
	111.44	261.00	111.31	266.50	5.50
	286.00	259.00	285.93	266.93	7.93
	467.25	258.96	467.41	268.95	9.99
	539.05	260.85	539.37	274.30	13.46
	11.62	261.05	11.72	269.92	8.87
	300.46	261.94	300.32	274.98	13.04
	323.07	269.98	323.29	263.19	6.79
	391.89	263.01	392.59	278.94	15.94
	286.39	270.93	286.34	279.09	8.16
	130.71	282.02	132.35	323.75	41.76
	206.79	283.87	205.83	327.86	44.00
	62.73	284.98	62.76	319.09	34.11
	53.20	288.21	53.00	309.00	20.80
	19.94	307.06	20.07	286.71	20.35
	290.70	286.16	292.42	333.04	46.91
	81.54	308.00	81.17	294.01	14.00
	386.20	288.09	387.08	483.00	194.92
	391.63	320.01	391.96	297.00	23.02
	493.69	290.00	492.47	343.41	53.42
	150.91	308.00	152.08	292.05	16.00
	143.72	292.06	144.24	317.16	25.11
	499.72	297.00	500.45	337.94	40.95
	11.15	293.95	11.24	310.15	16.21
	278.04	298.99	276.97	319.97	21.01
	228.77	313.00	230.01	295.00	18.03
	138.31	297.10	138.50	305.03	7.93
	471.01	300.99	472.19	325.04	24.09
	488.67	300.02	487.47	336.84	36.84
	272.38	300.98	272.60	307.12	6.14
	381.07	303.96	382.02	335.00	31.05
	591.00	319.00	591.01	331.00	12.00
	520.95	328.01	520.85	305.97	22.04
	586.97	304.05	586.38	333.41	29.37
	7.36	302.78	7.41	310.96	8.19
	356.47	303.00	356.31	308.98	5.98
	342.41	311.08	342.34	304.90	6.18
	459.40	304.00	460.09	314.97	11.00
	215.15	304.99	214.56	319.02	14.05
	431.57	304.81	432.12	316.99	12.19
	419.79	316.15	420.03	310.04	6.12
	306.78	314.00	306.51	325.04	11.05
	553.90	318.05	554.05	328.03	9.98
	285.89	320.04	285.57	329.06	9.02
	64.38	325.86	63.42	361.74	35.89
	392.38	324.05	392.48	331.95	7.91
	52.78	329.20	53.37	349.90	20.71
	20.12	347.82	19.05	328.03	19.82
	62.62	327.97	62.41	341.01	13.04
	33.86	330.04	34.15	346.99	16.96
	206.80	330.06	208.74	375.32	45.31
	75.80	333.01	74.67	355.90	22.92
	86.58	335.00	86.35	341.02	6.02
	7.67	336.14	6.78	350.77	14.65
	193.82	339.17	194.90	360.95	21.80
	151.09	355.98	151.98	336.99	19.01
	292.05	336.00	292.27	432.05	96.05
	142.96	339.98	142.08	355.21	15.26
	277.44	348.01	277.04	367.02	19.01
	228.70	362.04	229.10	343.04	19.00
	392.87	345.96	391.37	374.92	29.00
	493.15	345.95	493.39	507.97	162.02
	138.66	348.98	138.04	363.04	14.07
	380.71	349.33	380.23	386.11	36.79
	500.30	392.01	499.91	353.00	39.01
	355.41	352.01	355.30	362.98	10.97
	472.31	360.00	470.68	383.56	23.62
	300.68	356.01	300.76	362.97	6.96
	431.54	356.01	431.69	365.07	9.07
	487.65	358.09	486.45	391.99	33.93
	535.44	366.11	535.28	360.96	5.15
	64.32	368.93	62.48	403.04	34.17
	547.82	365.09	548.47	378.05	12.98
	467.57	366.05	466.95	380.01	13.98
	52.46	370.46	52.03	392.45	22.00
	7.84	367.94	6.50	388.86	20.97
	12.01	369.00	11.65	389.07	20.07
	286.83	369.94	286.72	378.71	8.77
	130.98	371.00	131.11	412.00	41.00
	47.68	372.99	47.60	378.00	5.01
	119.91	378.06	118.95	400.32	22.28
	82.20	394.86	81.87	374.94	19.92
	592.68	373.10	592.67	381.89	8.80
	63.71	378.00	63.59	383.02	5.02
	207.01	378.00	208.20	421.89	43.91
	132.51	379.98	132.57	386.99	7.01
	143.62	406.54	143.07	388.00	18.55
	193.79	385.17	192.96	408.91	23.76
	47.80	381.92	47.90	389.96	8.04
	139.25	383.83	139.04	392.00	8.18
	231.18	412.71	229.78	389.17	23.59
	219.47	390.98	219.77	414.97	23.99
	214.80	398.98	213.75	415.82	16.87
	369.47	404.01	369.14	424.02	20.01
	315.42	419.02	315.18	400.01	19.01
	392.77	435.92	392.90	398.97	36.94
	306.51	399.73	305.88	420.23	20.52
	381.15	399.89	380.49	438.86	38.98
	400.34	408.97	400.97	424.99	16.03
	7.70	407.94	7.65	419.81	11.87
	286.58	404.67	286.71	412.16	7.49
	412.19	428.95	412.16	409.02	19.94
	470.84	410.21	471.91	433.99	23.79
	485.18	404.70	486.88	429.99	25.35
	499.84	448.98	499.85	408.99	39.99
	52.72	412.31	53.83	431.01	18.74
	439.28	409.97	440.63	430.99	21.06
	522.22	442.78	520.82	421.00	21.82
	586.84	420.21	587.90	445.98	25.79
	80.83	436.03	81.93	416.95	19.11
	286.01	415.99	286.24	425.96	9.97
	69.70	419.00	69.81	427.93	8.93
	111.11	423.03	110.89	428.88	5.85
	206.35	423.38	207.39	455.99	32.64
	195.52	437.00	194.50	453.03	16.06
	62.28	426.00	62.56	433.01	7.02
	151.69	426.07	151.04	445.99	19.92
	132.73	427.00	132.53	439.00	12.00
	229.19	457.90	228.76	437.99	19.91
	291.80	434.99	292.06	467.00	32.01
	190.26	437.99	190.57	450.00	12.02
	296.21	444.01	296.36	455.97	11.96
	315.44	470.05	315.98	446.99	23.06
	369.59	454.99	370.00	476.00	21.01
	273.21	447.93	273.47	460.98	13.05
	286.98	448.01	286.83	453.06	5.05
	381.02	447.97	381.52	469.34	21.37
	392.39	485.03	392.89	450.94	34.09
	300.66	450.00	300.32	458.79	8.79
	323.11	464.96	323.18	458.10	6.86
	363.40	456.99	363.53	475.00	18.01
	411.96	481.01	412.00	461.00	20.01
	296.44	461.00	296.30	468.87	7.88
	499.67	503.86	499.78	463.92	39.94
	310.26	462.87	310.15	467.90	5.03
	457.51	466.01	458.11	488.00	21.99
	379.98	469.99	380.51	482.04	12.06
	520.68	494.98	520.62	474.00	20.98
	473.77	474.03	473.29	487.06	13.05
	579.27	478.95	579.38	506.13	27.18
	594.25	479.00	594.32	488.08	9.08
	586.64	479.67	585.97	500.60	20.94
	593.43	490.48	592.89	509.82	19.35
	473.05	521.99	471.86	540.98	19.02
	493.05	512.99	494.40	634.00	121.02
	500.07	560.96	500.80	518.81	42.16
	442.66	521.24	442.49	527.30	6.06
	520.74	551.02	520.81	529.97	21.05
	471.44	584.33	471.93	601.85	17.53
	412.25	586.94	411.91	565.99	20.95
	401.56	564.00	401.55	583.00	19.00
	391.86	564.99	392.25	594.90	29.92
	432.29	569.95	432.08	577.02	7.08
	500.24	615.98	499.75	577.00	38.99
	421.95	580.97	421.65	589.18	8.22
	487.29	582.02	487.40	600.10	18.09
	532.67	595.99	532.65	606.80	10.81
	368.94	607.04	369.84	627.01	19.99
	386.62	601.93	386.94	634.00	32.07
	392.01	634.00	392.22	610.02	23.98
	588.25	613.70	588.00	619.00	5.31
	568.96	615.00	568.90	620.01	5.01
	400.53	618.74	401.20	633.94	15.22
172
	394.93	28.49	404.01	29.47	9.13
	113.98	29.32	121.08	29.95	7.13
	165.07	29.87	186.00	33.50	21.24
	548.96	30.94	557.09	32.89	8.35
	46.99	39.43	54.79	40.15	7.84
	301.01	40.68	307.91	41.65	6.96
	30.98	45.96	36.36	46.80	5.44
	270.88	46.36	284.01	47.97	13.23
	237.96	82.59	229.98	82.02	8.00
	197.89	58.12	202.97	58.96	5.15
	547.01	69.85	556.04	71.56	9.19
	92.00	97.99	83.26	97.76	8.74
	103.97	76.44	121.00	77.95	17.10
	47.00	80.47	54.50	81.41	7.56
	94.05	97.46	102.99	97.87	8.95
	556.88	99.68	566.77	100.40	9.93
	28.92	100.85	35.99	101.04	7.06
	263.99	101.45	277.50	102.97	13.59
	269.06	128.22	229.89	128.06	39.17
	198.00	111.39	203.13	111.96	5.17
	111.99	115.42	120.71	116.23	8.76
	256.95	121.73	268.99	121.78	12.04
	322.98	119.54	341.77	121.67	18.91
	258.40	125.31	270.89	126.11	12.51
	491.01	177.33	390.04	181.39	101.05
	231.99	125.91	236.99	125.98	5.00
	507.05	125.51	513.92	126.33	6.92
	155.02	130.39	192.76	131.39	37.75
	512.02	132.10	519.07	132.55	7.06
	575.91	133.45	585.16	133.76	9.26
	591.92	135.56	598.01	135.95	6.10
	85.02	137.49	93.15	137.67	8.13
	465.00	137.50	471.11	137.85	6.12
	574.01	141.79	581.01	142.03	7.00
	570.93	145.33	577.15	145.48	6.22
	269.00	175.62	231.97	177.22	37.07
	538.01	149.06	552.80	150.60	14.86
	65.00	151.08	70.00	151.03	5.01
	196.14	151.54	202.99	152.14	6.87
	261.05	152.28	269.11	152.91	8.09
	244.78	153.42	256.97	153.49	12.19
	182.00	154.48	194.58	155.43	12.62
	192.02	179.09	152.45	179.52	39.57
	592.01	154.36	601.05	154.67	9.04
	529.07	154.64	580.99	156.07	51.94
	416.01	157.02	446.01	157.52	30.01
	118.01	182.10	83.11	182.86	34.91
	450.95	158.64	469.99	159.33	19.05
	417.00	161.00	432.01	161.61	15.02
	475.98	161.29	482.00	161.28	6.02
	46.01	185.61	20.96	186.14	25.05
	89.01	162.73	97.04	162.64	8.04
	231.99	167.93	254.77	169.60	22.83
	101.03	168.95	108.97	169.26	7.95
	159.87	172.56	194.01	173.24	34.14
	30.96	172.59	44.01	173.26	13.08
	496.13	177.67	602.01	173.52	105.96
	85.08	177.49	98.06	177.80	12.99
	22.04	178.53	52.00	179.50	29.98
	385.02	181.43	295.00	185.09	90.10
	502.99	181.75	519.99	182.06	17.00
	385.08	233.80	294.02	234.67	91.07
	208.98	187.02	290.02	185.23	81.06
	471.99	187.49	484.00	187.36	12.01
	438.00	188.72	444.03	188.68	6.03
	574.01	188.43	584.99	188.09	10.99
	584.93	219.74	536.00	220.38	48.94
	523.06	191.09	573.01	188.53	50.02
	132.90	191.13	206.04	188.74	73.18
	370.99	191.07	381.74	191.83	10.77
	63.91	193.66	128.00	191.43	64.13
	469.04	221.21	416.04	221.74	53.00
	61.78	192.57	4.00	195.92	57.88
	64.03	235.60	129.95	236.27	65.93
	278.97	195.69	286.83	195.66	7.86
	365.98	222.85	316.41	221.67	49.59
	320.00	196.15	366.01	194.89	46.03
	11.02	197.45	4.92	197.61	6.09
	195.00	197.15	202.06	197.54	7.07
	273.02	224.25	234.01	224.71	39.01
	230.85	199.32	271.00	197.51	40.19
	176.00	200.47	194.56	201.36	18.58
	191.01	225.30	152.58	224.35	38.44
	153.04	202.05	175.00	200.57	22.01
	117.98	225.90	85.99	226.26	31.99
	85.02	203.14	116.00	201.90	31.01
	571.98	203.25	585.92	202.79	13.94
	15.89	230.39	9.07	230.13	6.82
	50.99	226.85	23.00	227.12	27.99
	20.99	204.96	50.00	203.73	29.04
	462.90	204.32	470.01	203.80	7.13
	532.06	205.52	546.96	204.49	14.94
	523.99	205.95	531.06	205.41	7.09
	416.07	207.20	446.01	206.33	29.96
	92.93	213.20	111.87	213.71	18.95
	31.00	207.82	47.03	208.69	16.05
	593.02	213.47	601.00	213.27	7.98
	84.30	215.64	90.99	215.30	6.69
	102.03	216.42	107.06	216.40	5.04
	19.02	231.35	26.96	231.06	7.94
	491.95	232.33	389.00	233.96	102.96
	495.08	232.57	602.00	232.28	106.92
	208.94	234.07	290.07	234.81	81.13
	136.99	237.84	204.01	235.52	67.06
	4.00	236.10	61.05	236.46	57.05
	132.97	235.67	142.00	235.68	9.03
	213.98	237.46	219.02	237.26	5.05
	67.95	237.60	74.02	237.64	6.07
	73.07	245.80	79.07	245.29	6.03
	140.95	244.44	149.91	244.62	8.96
	513.91	244.85	519.80	244.51	5.90
	35.06	247.29	22.93	247.51	12.13
	85.00	245.50	101.00	245.38	16.01
	278.96	245.49	284.99	245.08	6.05
	152.84	246.30	191.98	246.08	39.14
	229.42	247.45	273.98	246.12	44.58
	320.00	246.48	366.96	246.16	46.96
	414.97	246.49	468.01	245.77	53.04
	524.04	246.15	582.99	245.73	58.96
	105.97	249.73	111.02	249.72	5.05
	193.00	251.46	154.00	252.87	39.03
	550.01	258.33	574.92	256.49	24.98
	30.08	260.13	47.97	259.58	17.90
	92.93	259.76	106.00	259.43	13.08
	261.03	261.23	273.97	261.08	12.94
	341.89	262.96	355.97	262.03	14.10
	355.00	269.44	343.00	270.00	12.01
	239.02	262.11	252.01	261.89	12.99
	373.00	270.01	378.13	269.75	5.14
	48.90	272.51	54.21	272.22	5.31
	73.05	280.50	67.98	280.55	5.07
	155.08	286.83	163.32	286.26	8.26
	30.97	295.33	46.99	293.82	16.10
	306.98	295.96	311.98	295.73	5.01
	110.95	302.92	94.01	304.84	17.05
	92.44	298.25	109.00	296.34	16.67
	31.05	300.71	47.94	299.71	16.92
	343.00	303.99	355.00	303.13	12.03
	360.78	308.82	368.06	308.33	7.30
	523.56	322.16	534.67	319.79	11.36
	539.02	309.09	544.00	308.17	5.06
	153.85	311.41	168.94	310.36	15.13
	307.11	326.45	302.02	327.08	5.13
	261.91	318.52	275.01	317.86	13.11
	279.98	319.10	286.94	317.80	7.08
	73.06	322.33	67.99	322.73	5.08
	143.06	327.46	135.93	328.37	7.19
	344.98	330.82	355.99	329.94	11.05
	110.90	339.29	93.00	341.93	18.09
	269.01	347.05	260.17	348.55	8.97
	373.00	349.13	382.05	347.03	9.29
	500.10	352.03	511.09	350.12	11.16
	324.11	358.74	336.98	355.86	13.18
	434.64	357.53	440.98	356.68	6.39
	196.95	361.38	203.01	360.67	6.10
	93.02	379.78	106.80	377.59	13.94
	565.05	381.38	570.89	379.77	6.05
	220.13	387.13	225.90	386.05	5.87
	239.00	394.23	249.94	391.79	11.21
	13.11	400.46	3.92	401.91	9.30
	66.22	410.16	77.08	408.40	11.00
	134.91	418.93	144.11	417.32	9.34
	97.96	424.39	108.93	422.69	11.10
	343.97	421.97	353.97	420.00	10.19
	30.01	424.69	37.96	423.31	8.06
	110.02	429.51	92.36	433.42	18.09
	211.40	428.92	222.04	426.75	10.86
	228.93	436.98	237.00	435.46	8.21
	281.20	440.48	286.11	439.50	5.01
	548.08	500.20	553.98	498.06	6.28
	521.08	529.02	526.04	527.30	5.25
	419.02	574.99	424.03	572.51	5.59
