vx	vy	vz	score	numLines
0.54936157	0.83558385	0.00122078	9762.18	310
-0.99968199	0.02521719	0.00008334	6964.97	779
-0.97871426	0.20522284	0.00140838	909.16	568

nLines	x1	y1	x2	y2	length
310
	398.90	3.98	400.04	33.99	30.03
	423.16	4.04	424.61	33.90	29.89
	491.85	3.96	490.03	37.00	33.09
	495.41	4.02	488.91	105.02	101.21
	516.91	3.98	515.74	14.07	10.16
	634.51	4.11	631.39	16.11	12.40
	447.04	6.01	445.84	37.98	31.99
	610.28	6.96	606.40	23.46	16.96
	44.48	10.55	49.25	18.11	8.95
	470.70	13.01	469.03	37.00	24.05
	634.02	14.00	630.43	28.88	15.30
	630.71	18.15	629.41	23.12	5.14
	34.16	29.85	38.62	37.91	9.21
	531.46	73.02	536.40	42.00	31.41
	625.40	47.85	627.76	39.93	8.27
	447.21	73.02	445.06	40.95	32.14
	510.79	73.03	514.53	42.01	31.25
	468.41	73.03	469.64	41.05	32.00
	489.77	41.02	488.08	74.03	33.06
	401.35	41.90	404.85	73.01	31.31
	424.41	41.98	425.87	67.01	25.07
	558.27	41.98	553.55	72.00	30.39
	42.71	43.37	58.29	66.08	27.55
	581.30	44.89	574.48	72.02	27.97
	622.66	57.91	608.07	105.04	49.33
	26.64	51.93	30.49	58.00	7.19
	598.66	61.56	596.10	71.01	9.79
	34.50	64.00	41.18	75.14	12.99
	574.56	75.99	567.64	104.86	29.69
	528.38	104.04	531.26	77.99	26.20
	519.72	159.13	527.02	110.01	49.66
	548.46	102.99	552.90	76.99	26.38
	448.32	76.45	446.70	103.99	27.59
	488.04	75.99	485.49	104.92	29.04
	507.54	105.01	510.59	75.91	29.27
	426.30	103.99	425.89	76.94	27.06
	466.69	103.99	467.98	76.94	27.09
	383.51	77.97	385.98	105.00	27.14
	403.98	77.89	406.17	104.99	27.20
	594.52	78.50	589.21	99.07	21.25
	19.69	103.91	23.41	109.05	6.35
	507.40	108.99	499.39	183.03	74.47
	580.42	133.30	587.75	108.03	26.31
	543.54	135.97	547.41	111.11	25.16
	609.52	105.77	592.57	159.07	55.93
	527.48	303.02	568.54	106.51	200.76
	628.35	107.05	619.59	132.06	26.50
	489.44	107.89	487.10	133.97	26.19
	485.72	108.97	483.45	132.92	24.05
	44.94	112.09	49.34	118.06	7.42
	7.60	114.94	13.29	123.13	9.98
	34.73	123.90	40.11	132.18	9.87
	41.53	133.00	44.37	137.25	5.11
	484.44	139.00	481.52	183.01	44.11
	481.14	184.02	480.69	230.02	46.00
	480.68	231.01	469.17	393.02	162.42
	580.96	135.99	559.44	224.04	90.64
	619.10	136.01	612.30	156.94	22.01
	542.31	136.98	537.21	159.25	22.85
	25.84	137.78	31.49	146.00	9.97
	428.03	138.00	429.81	160.15	22.22
	447.01	138.00	447.28	160.11	22.11
	465.92	138.00	464.21	184.11	46.14
	389.70	138.98	392.04	160.00	21.15
	408.83	139.01	410.09	160.00	21.03
	7.97	140.06	19.33	154.10	18.06
	47.66	141.92	58.41	155.03	16.95
	35.62	150.92	108.47	245.03	119.01
	20.57	154.96	26.32	162.10	9.16
	3.84	157.19	7.88	162.09	6.35
	529.41	204.61	539.35	161.24	44.49
	593.78	160.92	580.63	203.02	44.11
	579.95	203.99	530.84	392.93	195.22
	520.44	161.93	513.39	205.02	43.67
	610.88	161.98	604.64	181.04	20.06
	628.74	161.95	621.50	181.02	20.40
	447.46	162.96	447.54	183.89	20.93
	392.13	163.96	394.55	184.02	20.21
	410.78	163.96	411.96	184.01	20.08
	428.90	164.00	428.83	183.96	19.96
	11.52	167.30	29.67	187.37	27.06
	29.35	166.67	45.50	185.97	25.16
	357.03	170.99	373.48	262.40	92.89
	248.97	172.02	254.89	184.91	14.18
	285.65	171.95	290.18	184.87	13.68
	308.11	188.97	333.35	278.07	92.60
	303.00	172.00	307.44	185.38	14.10
	320.92	172.02	325.01	185.00	13.61
	338.96	172.01	346.35	206.16	34.94
	375.41	171.99	383.50	226.02	54.63
	3.70	178.30	12.47	187.44	12.67
	430.03	205.00	429.64	186.93	18.07
	604.02	185.01	597.21	202.96	19.20
	621.31	184.85	613.74	202.87	19.55
	150.50	187.51	163.17	206.93	23.19
	271.37	227.66	255.76	188.92	41.77
	448.14	186.18	446.93	205.01	18.86
	499.27	186.01	495.69	223.01	37.17
	46.77	187.27	63.46	207.04	25.87
	394.44	186.96	398.97	225.00	38.31
	411.62	186.89	413.37	205.01	18.21
	29.40	207.06	13.48	190.40	23.04
	187.29	189.86	255.31	319.74	146.62
	324.84	188.03	329.76	206.00	18.63
	347.05	209.99	367.77	304.98	97.22
	238.55	188.97	246.21	206.15	18.81
	290.60	188.97	296.33	205.92	17.89
	30.73	190.20	63.96	228.03	50.36
	82.53	189.93	96.64	206.96	22.11
	99.45	189.59	113.56	207.41	22.73
	130.93	209.11	155.20	246.71	44.75
	117.36	190.04	130.13	206.93	21.18
	203.51	189.95	268.00	320.00	145.16
	221.56	189.98	229.25	206.08	17.84
	634.44	194.17	623.99	222.00	29.73
	3.43	197.43	14.08	208.90	15.65
	589.58	275.42	613.15	207.03	72.34
	527.71	226.11	529.34	212.96	13.25
	489.88	392.96	513.30	209.96	184.49
	329.76	208.20	339.73	244.99	38.12
	596.36	206.68	541.06	391.01	192.45
	229.82	208.21	247.35	245.15	40.89
	146.98	208.52	170.76	246.21	44.57
	163.79	209.22	229.45	319.67	128.49
	414.11	208.99	415.01	225.00	16.03
	430.38	208.95	431.64	225.10	16.21
	447.07	209.00	446.90	224.99	15.99
	463.63	208.97	463.10	224.00	15.04
	247.06	209.98	288.55	308.45	106.86
	296.82	209.86	319.44	279.42	73.15
	65.51	211.50	79.62	228.03	21.73
	98.01	210.99	111.38	227.13	20.95
	114.38	210.64	127.47	227.46	21.31
	16.46	211.99	48.66	247.33	47.80
	33.29	212.09	63.58	245.98	45.45
	3.65	215.21	16.54	228.52	18.52
	284.70	218.87	319.50	319.02	106.03
	490.00	276.00	495.05	229.00	47.27
	540.39	304.02	559.57	226.18	80.17
	527.40	226.89	510.51	328.03	102.54
	622.72	227.05	616.47	241.02	15.30
	382.09	227.97	394.39	306.04	79.03
	386.12	228.99	387.95	238.03	9.23
	404.97	229.00	406.00	242.00	13.04
	422.50	228.97	422.72	236.01	7.04
	271.53	229.95	278.11	244.95	16.38
	3.58	231.26	89.59	321.50	124.66
	128.43	230.58	140.01	245.99	19.27
	18.36	232.06	33.50	246.53	20.95
	65.22	231.81	79.08	247.36	20.83
	81.49	231.99	94.15	245.90	18.81
	114.55	232.96	124.49	245.02	15.63
	634.25	236.11	631.89	240.96	5.40
	339.47	246.53	354.72	306.05	61.44
	615.65	244.90	604.42	276.38	33.43
	631.24	244.81	618.30	273.97	31.90
	109.55	245.98	195.34	359.10	141.97
	248.06	246.93	280.47	319.06	79.08
	278.25	246.73	282.30	258.87	12.80
	401.56	246.94	408.17	305.10	58.53
	432.22	246.98	432.72	260.01	13.04
	447.37	246.93	446.79	276.90	29.97
	462.70	246.98	461.53	276.06	29.11
	4.17	250.80	37.19	282.20	45.57
	416.89	248.01	422.28	305.86	58.10
	156.42	248.61	203.67	320.33	85.88
	171.91	249.05	216.24	319.82	83.51
	80.85	250.11	93.03	262.98	17.72
	96.41	249.69	107.78	264.28	18.49
	142.45	249.76	191.34	319.70	85.33
	36.47	251.42	63.81	280.23	39.71
	65.90	251.09	92.15	280.77	39.62
	127.50	251.00	148.63	279.38	35.38
	3.88	263.13	21.22	279.75	24.01
	373.49	263.83	378.75	292.02	28.68
	432.98	264.00	433.10	277.01	13.01
	285.51	264.73	290.76	277.95	14.23
	109.14	266.86	120.16	278.88	16.31
	65.86	268.12	90.78	293.28	35.41
	96.69	268.87	106.06	278.94	13.76
	618.69	276.54	607.09	304.12	29.91
	589.90	276.94	551.00	392.00	121.46
	479.68	392.87	490.58	277.52	115.86
	632.36	277.87	619.96	302.96	27.98
	461.68	278.92	460.96	305.00	26.09
	333.52	280.21	341.46	306.05	27.03
	381.42	307.55	383.27	317.99	10.60
	433.33	279.96	434.33	291.88	11.97
	319.58	280.81	329.35	307.79	28.69
	291.26	282.04	306.60	319.96	40.90
	65.89	283.13	77.99	296.02	17.68
	93.73	283.28	104.71	294.41	15.64
	150.34	283.04	180.48	323.99	50.84
	9.97	284.05	23.20	295.22	17.31
	23.90	284.12	51.02	308.45	36.43
	38.04	283.96	62.92	307.07	33.96
	122.12	283.90	193.49	371.01	112.62
	3.75	290.28	9.67	295.45	7.86
	378.67	294.19	381.48	306.07	12.20
	433.87	294.02	434.28	303.99	9.99
	447.74	293.89	447.54	305.03	11.15
	23.97	296.55	37.82	308.25	18.14
	79.44	298.50	103.03	322.46	33.62
	93.11	298.89	115.00	321.48	31.46
	108.64	299.89	147.17	342.84	57.70
	634.61	301.29	590.54	394.02	102.67
	540.61	306.20	531.87	338.95	33.91
	593.44	305.90	561.12	392.05	92.01
	606.51	305.93	601.38	316.39	11.65
	128.55	306.98	166.45	352.04	58.88
	393.75	308.08	411.39	420.00	113.31
	427.27	307.93	427.47	318.04	10.11
	441.50	308.03	441.66	317.04	9.01
	456.53	307.90	456.19	317.03	9.13
	471.15	308.00	470.16	317.05	9.11
	526.90	307.99	521.92	327.98	20.60
	328.91	310.03	332.39	318.85	9.48
	368.43	309.98	370.93	319.05	9.41
	34.34	311.65	38.07	315.40	5.29
	62.48	312.51	67.81	318.25	7.84
	4.07	315.92	130.72	420.32	164.13
	435.01	318.87	436.45	361.04	42.20
	384.15	322.98	401.82	420.06	98.68
	422.38	321.99	425.05	360.00	38.10
	447.67	361.05	447.78	320.90	40.15
	460.65	320.96	459.47	361.03	40.09
	75.97	323.22	109.46	353.45	45.12
	90.47	323.48	130.40	363.09	56.24
	103.86	323.71	123.23	342.75	27.16
	116.71	324.35	195.42	408.67	115.35
	181.54	324.97	195.82	342.77	22.82
	3.49	325.53	28.02	344.45	30.98
	28.07	325.92	71.58	361.48	56.19
	40.98	326.02	62.99	343.01	27.80
	53.44	325.51	88.80	356.87	47.26
	66.22	325.78	87.46	343.49	27.65
	634.36	326.22	604.29	387.25	68.04
	500.21	393.09	508.77	333.98	59.73
	608.74	330.05	581.63	392.09	67.70
	595.91	330.97	571.37	391.97	65.75
	410.32	332.14	412.82	351.03	19.06
	3.97	335.09	16.03	344.43	15.25
	511.75	387.05	519.68	342.99	44.77
	63.95	344.56	74.63	353.44	13.89
	87.96	344.54	99.01	355.49	15.56
	123.95	344.58	142.24	363.15	26.07
	147.96	344.55	174.07	374.41	39.66
	7.20	347.67	29.99	364.48	28.33
	19.01	347.51	63.99	382.50	56.98
	31.49	348.50	121.02	419.96	114.56
	634.40	350.43	618.86	379.89	33.30
	4.00	353.00	18.04	363.43	17.49
	167.55	352.99	196.38	386.03	43.85
	197.12	409.90	205.70	420.40	13.56
	412.60	353.42	413.79	360.02	6.71
	430.04	364.00	430.51	370.03	6.05
	142.87	364.74	159.04	380.96	22.90
	417.53	364.97	417.89	370.00	5.04
	132.49	366.51	186.63	420.41	76.39
	21.94	367.62	30.99	373.50	10.79
	32.92	367.64	84.08	405.35	63.56
	4.01	370.48	23.01	384.48	23.60
	634.52	370.47	625.76	387.36	19.03
	439.44	404.14	437.06	374.00	30.23
	447.81	393.05	447.98	375.00	18.05
	459.06	393.01	458.86	375.00	18.02
	415.06	373.99	419.04	402.00	28.28
	426.04	374.00	429.65	404.10	30.32
	101.87	378.14	134.20	405.87	42.59
	108.00	375.00	117.05	382.40	11.69
	123.03	377.97	146.91	401.11	33.25
	132.78	377.19	164.01	404.99	41.81
	20.97	374.55	32.07	382.37	13.57
	31.95	374.58	43.96	384.06	15.30
	174.92	376.07	195.51	397.46	29.69
	522.76	381.00	520.20	392.05	11.34
	159.98	382.52	196.01	419.99	51.98
	64.98	383.54	104.12	414.31	49.79
	96.97	383.55	118.55	402.44	28.68
	117.98	383.55	136.84	401.18	25.82
	52.20	389.82	85.10	414.33	41.02
	602.67	390.31	590.85	414.93	27.31
	375.46	390.51	383.55	418.03	28.69
	598.26	419.89	611.81	396.21	27.28
	51.92	397.08	74.00	412.49	26.92
	619.45	397.88	607.42	419.96	25.14
	630.31	398.20	616.59	420.05	25.80
	51.83	404.20	64.01	412.48	14.73
	433.51	405.96	433.59	410.99	5.03
	634.56	406.30	625.76	420.15	16.41
	207.01	410.99	214.81	420.16	12.04
	216.70	411.26	223.67	420.29	11.40
	226.56	410.97	233.58	420.49	11.83
	246.23	411.19	252.17	419.83	10.49
	255.68	410.87	261.72	420.30	11.20
	265.49	411.01	271.12	419.84	10.47
	284.74	410.87	289.85	420.13	10.58
	294.45	411.03	299.09	419.94	10.05
	304.36	411.08	308.65	419.92	9.83
	313.62	410.95	318.03	419.97	10.05
	323.56	410.98	327.29	419.79	9.57
	333.03	410.99	336.74	420.15	9.89
	342.68	410.94	346.05	419.97	9.64
	352.42	411.03	355.32	420.07	9.49
	362.29	411.10	364.71	420.14	9.37
	371.76	410.96	374.08	419.95	9.29
	420.25	413.98	421.15	419.98	6.07
	64.96	413.55	74.05	419.92	11.10
	93.86	413.78	102.82	420.32	11.10
	170.91	414.79	177.03	419.95	8.01
779
	608.04	3.42	590.88	4.31	17.19
	520.06	5.14	538.00	4.00	17.98
	543.95	4.43	561.85	4.62	17.91
	567.99	4.09	585.03	3.83	17.04
	449.03	5.95	466.96	5.79	17.93
	472.99	5.35	489.99	5.12	17.01
	497.01	5.04	513.99	4.68	16.99
	380.98	6.26	396.00	6.13	15.02
	402.00	6.03	419.00	5.86	17.00
	425.99	5.75	443.00	5.58	17.01
	4.01	10.23	19.09	10.67	15.09
	628.98	10.42	613.00	11.04	15.99
	520.00	11.80	537.01	11.55	17.01
	542.96	11.61	559.99	11.08	17.04
	566.99	11.20	584.02	10.91	17.04
	590.00	11.06	607.01	10.94	17.01
	449.00	13.00	467.00	11.97	18.03
	473.00	12.28	489.00	12.04	16.00
	497.00	12.04	513.84	12.50	16.84
	381.00	13.22	399.12	13.98	18.14
	402.06	13.21	420.06	13.40	18.00
	425.99	12.90	443.01	12.76	17.02
	8.01	17.13	23.04	17.35	15.03
	583.12	17.40	565.05	18.44	18.09
	606.00	16.93	589.00	17.94	17.02
	611.98	17.62	627.97	17.19	16.00
	518.99	18.87	535.98	18.28	17.00
	541.94	18.58	558.99	18.05	17.07
	425.99	19.89	443.00	19.61	17.02
	449.01	19.85	466.95	19.44	17.95
	472.02	19.38	489.00	18.99	16.98
	496.02	19.16	513.01	18.69	16.99
	381.00	20.22	397.03	20.54	16.03
	403.01	20.07	420.01	19.92	17.00
	587.02	25.08	603.97	24.67	16.96
	609.98	24.71	626.00	23.94	16.05
	489.12	25.46	471.83	26.29	17.31
	495.99	25.59	512.99	24.88	17.01
	518.00	25.02	535.00	25.04	17.00
	540.92	25.57	558.02	24.84	17.11
	565.01	24.87	580.99	24.69	15.99
	402.98	26.46	420.01	26.42	17.03
	426.01	26.76	442.99	26.24	16.98
	449.01	26.14	466.00	26.03	16.99
	381.00	26.85	397.00	26.74	16.00
	562.92	31.77	580.00	31.02	17.09
	585.97	31.49	602.96	31.17	17.00
	607.66	31.62	624.00	31.03	16.35
	471.98	32.75	487.99	32.31	16.01
	496.00	32.23	512.02	31.80	16.03
	518.00	31.99	534.82	32.58	16.83
	541.00	31.87	557.00	31.63	16.00
	381.02	33.09	398.01	33.23	16.99
	404.01	33.12	420.96	33.25	16.96
	426.04	33.19	443.00	32.90	16.96
	449.03	33.12	466.03	32.67	17.00
	41.03	35.50	57.03	36.14	16.02
	561.98	38.87	580.95	37.82	18.99
	582.93	39.96	623.87	38.32	40.97
	43.97	42.12	57.98	42.30	14.02
	444.95	40.14	488.94	40.13	43.98
	494.96	39.39	512.08	39.35	17.12
	20.62	43.43	41.17	42.68	20.57
	381.10	40.20	422.04	40.52	40.94
	425.74	40.72	444.02	39.89	18.30
	4.00	43.23	18.81	43.37	14.81
	560.82	44.49	576.99	44.15	16.16
	583.98	44.36	599.99	44.04	16.01
	605.96	44.44	620.00	44.05	14.05
	426.92	45.40	442.99	45.47	16.08
	450.01	45.47	465.99	44.94	16.00
	471.98	45.36	487.00	45.17	15.02
	494.99	45.27	510.99	45.09	15.99
	517.00	45.08	533.02	44.87	16.02
	538.99	44.88	554.98	44.72	15.99
	383.00	46.03	399.00	45.97	16.00
	404.98	45.84	420.99	45.79	16.01
	7.05	49.42	20.98	49.65	13.93
	29.05	49.44	43.02	49.36	13.97
	52.00	49.07	57.01	48.80	5.01
	561.00	50.67	575.98	50.19	14.99
	582.99	50.41	598.00	50.00	15.01
	604.98	50.23	619.00	50.07	14.02
	627.99	50.25	634.00	50.17	6.02
	450.01	51.64	466.01	51.07	16.01
	471.99	51.45	486.99	51.18	15.01
	495.00	51.24	510.00	51.02	15.00
	516.02	51.20	532.02	50.76	16.00
	538.12	51.45	553.99	50.59	15.89
	383.02	52.14	400.00	52.01	16.98
	405.15	52.55	421.00	51.91	15.86
	428.00	51.82	442.99	51.68	14.99
	494.00	56.49	509.00	56.97	15.01
	552.97	56.35	538.00	56.81	14.97
	560.00	56.55	575.02	55.87	15.03
	581.99	56.27	597.00	56.02	15.01
	603.00	56.14	617.92	55.57	14.93
	627.00	56.18	634.00	56.07	7.00
	449.99	57.58	466.01	57.06	16.02
	472.00	57.34	487.00	57.13	15.00
	516.00	57.04	531.01	56.81	15.01
	383.99	57.89	400.00	58.08	16.01
	406.00	57.98	422.00	57.91	16.01
	427.99	57.77	444.04	57.85	16.05
	596.04	61.25	580.00	61.84	16.05
	530.99	61.92	515.05	63.24	16.00
	536.97	62.52	551.98	62.21	15.01
	558.99	62.25	573.98	62.10	14.99
	601.99	62.18	615.97	61.62	13.99
	624.99	62.15	634.00	62.12	9.01
	427.97	63.67	444.08	63.37	16.12
	449.99	63.42	465.97	62.80	15.99
	471.00	63.00	486.98	63.27	15.99
	494.00	63.18	509.02	62.82	15.03
	385.00	63.99	400.97	64.20	15.97
	406.99	63.83	422.00	63.74	15.01
	536.06	67.34	551.01	67.90	14.96
	601.01	67.79	614.96	67.29	13.96
	4.00	68.05	12.15	68.34	8.15
	494.03	68.70	507.99	68.53	13.96
	515.00	68.61	529.99	68.11	15.00
	557.99	68.09	572.00	67.86	14.01
	578.99	68.26	593.98	67.62	15.00
	622.97	68.29	633.99	67.84	11.03
	406.97	69.60	421.99	69.38	15.02
	428.01	68.96	444.00	69.12	16.00
	450.00	69.09	465.00	68.93	15.00
	471.02	69.15	486.00	68.81	14.99
	385.99	69.86	401.04	69.70	15.05
	614.90	72.41	576.04	75.04	38.94
	45.01	73.25	57.00	73.01	11.99
	620.00	74.00	634.00	73.23	14.02
	514.00	74.90	529.81	75.28	15.82
	381.14	76.21	422.00	75.42	40.86
	448.95	75.47	467.00	75.08	18.06
	469.98	75.62	486.93	75.34	16.95
	493.00	75.02	509.07	74.59	16.08
	633.97	78.22	619.99	79.11	14.02
	535.01	79.81	548.98	79.22	13.99
	556.03	79.36	569.98	79.18	13.96
	576.98	79.33	591.84	79.67	14.87
	449.99	80.54	465.05	80.36	15.06
	470.96	80.29	485.00	80.05	14.04
	492.99	80.25	507.01	79.93	14.02
	514.00	79.95	528.02	79.77	14.02
	387.01	81.12	402.00	81.11	14.99
	408.00	80.98	423.19	81.16	15.19
	429.00	80.84	444.04	80.68	15.04
	568.95	84.45	554.99	85.09	13.97
	576.02	84.77	589.99	84.06	13.99
	597.01	84.40	609.99	84.11	12.99
	618.99	84.19	633.12	83.64	14.14
	31.16	85.62	45.07	85.71	13.91
	484.98	85.39	471.00	85.83	13.99
	493.01	85.36	507.00	85.10	14.00
	512.98	85.40	527.99	85.09	15.02
	533.99	85.13	548.02	84.72	14.03
	407.98	86.59	423.04	86.29	15.07
	429.01	86.22	443.99	86.13	14.99
	450.00	86.08	465.03	85.84	15.03
	386.98	86.90	402.02	86.63	15.04
	511.94	90.83	526.99	90.27	15.05
	532.92	90.43	546.98	90.18	14.07
	553.97	90.38	568.01	89.94	14.04
	574.99	90.19	588.00	89.93	13.02
	595.02	90.22	607.99	89.87	12.98
	428.99	91.57	444.05	91.42	15.06
	450.00	91.27	464.99	91.10	14.99
	470.02	91.16	484.00	90.90	13.99
	492.00	91.07	506.01	90.88	14.01
	388.01	92.07	402.87	92.52	14.87
	407.98	91.92	423.02	91.77	15.03
	532.10	96.29	545.97	95.38	13.90
	552.98	95.60	566.99	95.05	14.02
	573.99	95.19	587.00	95.01	13.01
	593.97	95.30	607.00	95.13	13.03
	616.01	94.87	629.01	94.66	13.01
	428.99	96.90	444.07	96.51	15.09
	450.01	96.37	464.00	96.15	13.99
	470.00	96.22	484.00	95.86	14.01
	491.99	96.14	505.00	95.89	13.01
	512.00	95.94	525.99	95.69	13.99
	387.99	96.83	403.00	97.13	15.01
	408.08	97.34	423.00	96.83	14.94
	532.00	100.94	546.00	100.05	14.03
	552.00	100.98	565.99	100.12	14.02
	572.99	100.31	585.99	100.06	13.00
	592.98	100.25	605.00	100.13	12.02
	613.98	100.25	627.00	99.99	13.03
	450.01	101.94	464.01	101.17	14.02
	469.99	101.33	483.00	101.18	13.01
	492.00	101.09	505.01	100.81	13.02
	510.98	100.63	525.01	100.79	14.04
	389.01	102.23	403.01	102.19	13.99
	409.00	102.02	423.00	102.03	14.00
	428.97	101.71	443.01	101.77	14.04
	571.00	105.99	587.16	104.63	16.22
	564.99	134.43	579.03	133.39	14.07
	612.00	105.38	634.00	105.14	22.00
	381.02	107.21	485.02	106.25	104.00
	551.00	106.04	565.02	105.76	14.02
	619.28	133.24	603.99	134.15	15.32
	382.00	112.96	462.94	109.74	81.00
	612.01	109.70	623.00	109.80	10.98
	570.00	111.07	583.99	110.09	14.02
	491.00	111.17	504.00	111.08	13.00
	509.99	111.19	524.01	110.91	14.02
	530.00	111.22	544.03	110.75	14.04
	549.91	111.22	564.00	110.77	14.10
	435.66	116.39	480.00	114.01	44.40
	405.01	113.89	413.80	113.71	8.79
	621.95	114.40	611.00	114.84	10.96
	562.97	115.42	549.05	116.38	13.96
	569.00	116.08	583.00	114.98	14.04
	588.98	115.56	601.00	115.20	12.03
	491.00	116.28	504.01	115.83	13.02
	510.00	116.11	523.00	115.91	13.01
	529.05	116.45	543.02	115.82	13.98
	404.02	118.57	413.01	118.53	8.99
	439.00	120.60	470.02	119.32	31.05
	627.99	119.57	634.00	119.39	6.01
	587.97	120.29	600.00	120.01	12.03
	21.00	121.81	27.01	121.82	6.01
	489.99	121.30	503.00	121.03	13.01
	509.00	121.25	522.97	121.13	13.98
	529.00	120.92	541.98	120.70	12.98
	608.00	124.23	618.99	124.07	11.00
	627.00	124.12	634.00	124.07	7.01
	547.99	125.32	560.96	125.34	12.97
	21.02	126.12	31.01	126.17	10.00
	39.97	125.85	51.07	126.38	11.11
	381.99	128.56	407.99	127.66	26.01
	436.76	126.50	460.00	125.94	23.24
	490.00	125.98	502.00	125.77	12.00
	509.00	125.88	522.00	125.69	13.00
	420.10	127.28	435.00	127.32	14.89
	461.99	126.93	479.96	126.70	17.97
	605.97	129.29	617.00	129.01	11.03
	624.98	129.18	633.02	129.56	8.04
	489.08	131.44	502.03	130.48	12.99
	507.95	130.49	521.00	130.01	13.06
	527.99	130.15	540.97	130.15	12.98
	546.98	130.35	559.00	129.94	12.03
	565.97	130.64	578.02	130.58	12.05
	620.35	134.27	634.00	133.82	13.66
	9.02	135.45	17.01	135.32	8.00
	29.00	135.46	38.07	135.55	9.07
	46.99	134.95	57.02	135.21	10.03
	381.04	136.64	481.99	135.90	100.96
	487.92	135.50	502.03	135.92	14.12
	506.98	135.30	521.00	134.92	14.03
	621.99	138.14	631.99	137.40	10.04
	576.00	138.37	565.00	138.94	11.01
	451.00	139.32	463.01	139.77	12.02
	499.99	139.44	489.00	140.05	11.01
	525.98	139.24	539.06	138.60	13.09
	544.99	139.36	557.00	138.90	12.02
	544.92	140.67	557.00	141.01	12.09
	392.99	140.83	406.00	141.04	13.01
	411.99	140.77	425.02	140.83	13.03
	525.93	140.60	538.00	141.01	12.07
	545.00	143.20	557.03	142.75	12.04
	603.00	142.90	611.01	143.24	8.01
	26.00	146.06	20.00	146.07	6.00
	449.99	144.35	462.98	143.86	12.99
	469.00	144.08	480.00	144.00	11.00
	489.00	144.03	500.00	143.98	11.00
	507.00	144.06	519.01	143.69	12.02
	574.00	147.01	563.00	147.28	11.01
	381.99	145.26	387.01	145.46	5.02
	394.02	145.29	406.01	145.42	11.99
	413.00	145.19	425.01	145.48	12.01
	489.00	146.14	500.03	146.26	11.03
	545.01	147.62	556.00	146.97	11.01
	591.00	149.10	582.00	148.78	9.01
	600.98	147.21	608.00	147.03	7.02
	620.00	146.80	631.06	146.76	11.05
	49.02	149.91	41.99	150.22	7.03
	469.01	148.72	479.99	148.22	11.00
	488.00	148.25	500.01	147.80	12.02
	505.99	148.34	519.05	147.61	13.09
	524.99	148.15	537.01	147.81	12.02
	394.01	149.76	406.00	149.32	12.00
	412.04	148.84	425.00	149.08	12.97
	430.99	148.85	444.00	149.01	13.01
	450.00	148.95	462.00	148.95	12.00
	507.00	149.91	512.99	149.61	6.00
	600.99	148.82	608.00	148.61	7.01
	524.96	149.59	537.04	150.19	12.10
	432.00	151.10	437.01	151.17	5.01
	581.00	150.73	591.00	150.95	10.00
	600.00	151.05	611.03	150.77	11.04
	617.99	151.15	629.01	150.91	11.02
	489.01	152.79	499.98	151.89	11.01
	505.99	152.29	514.00	152.03	8.01
	533.99	153.28	523.85	153.42	10.14
	525.00	152.08	537.08	151.51	12.10
	542.99	152.24	555.03	151.75	12.05
	622.00	152.46	616.93	152.74	5.07
	425.00	153.48	412.99	153.87	12.01
	431.01	152.77	443.00	153.17	11.99
	542.99	153.87	553.99	153.83	11.00
	600.01	153.33	609.00	152.80	9.00
	610.08	154.41	600.00	155.04	10.10
	381.00	154.20	388.00	154.15	7.00
	393.97	153.82	407.07	154.39	13.12
	471.98	154.44	477.00	154.71	5.02
	381.00	155.93	388.02	155.75	7.02
	506.01	156.38	517.02	155.70	11.03
	542.99	156.47	554.00	156.04	11.02
	560.99	156.16	572.00	155.95	11.01
	450.00	157.18	462.00	157.24	12.00
	467.99	157.43	480.00	157.12	12.01
	561.99	158.33	572.07	158.27	10.08
	595.91	160.45	634.00	159.34	38.11
	500.11	160.26	486.00	161.01	14.13
	518.04	160.45	503.97	161.57	14.11
	521.89	161.40	536.09	160.29	14.24
	558.98	160.27	571.02	159.70	12.05
	577.99	160.10	590.02	159.70	12.03
	468.00	161.20	480.00	160.99	12.00
	381.00	162.51	391.03	162.81	10.03
	393.03	161.91	445.14	162.74	52.11
	10.93	165.16	44.23	165.35	33.30
	559.99	164.17	570.00	164.06	10.00
	492.00	166.35	497.00	166.16	5.00
	533.02	167.60	526.99	167.54	6.03
	541.02	166.29	551.00	165.96	9.98
	560.00	166.35	569.00	165.93	9.01
	469.00	166.80	479.01	167.35	10.03
	415.00	168.47	421.00	168.11	6.01
	468.00	174.96	477.99	174.41	10.01
	469.00	169.15	479.01	168.72	10.02
	486.99	169.29	497.00	168.81	10.02
	413.99	169.89	426.00	170.38	12.01
	431.99	169.91	443.96	170.34	11.98
	415.00	172.16	424.99	171.56	10.02
	539.98	172.37	550.00	171.94	10.03
	77.99	172.43	84.05	172.32	6.06
	90.99	171.94	103.05	172.09	12.05
	108.94	171.74	120.94	171.80	12.00
	346.85	207.18	361.04	207.83	14.21
	584.00	173.92	576.02	174.47	8.00
	610.97	172.83	621.06	173.41	10.11
	60.02	174.45	67.98	174.07	7.97
	468.00	173.11	477.00	172.92	9.00
	189.01	175.07	205.00	173.82	16.04
	413.97	173.74	425.00	174.03	11.03
	454.00	176.67	461.89	176.33	7.90
	461.00	175.14	454.99	175.46	6.02
	540.01	174.49	549.01	174.62	9.00
	230.99	187.52	191.05	187.75	39.94
	326.01	176.77	336.00	176.27	10.00
	149.01	177.92	157.01	177.48	8.01
	344.00	175.97	354.01	175.86	10.01
	396.99	176.27	406.00	175.66	9.03
	79.03	178.83	87.98	178.14	8.98
	468.00	176.90	478.00	176.86	10.00
	592.99	177.90	602.02	177.18	9.06
	396.98	177.51	408.00	178.10	11.04
	540.00	177.51	549.00	178.01	9.02
	449.99	178.91	460.98	178.61	11.00
	467.98	178.77	473.00	178.63	5.02
	134.02	181.87	142.97	181.39	8.97
	308.99	181.04	319.02	180.80	10.03
	30.01	182.92	37.95	182.33	7.96
	102.99	181.42	108.76	181.64	5.77
	72.96	182.28	65.99	182.59	6.98
	85.00	181.76	91.05	181.82	6.05
	590.04	183.62	634.00	182.93	43.96
	501.91	184.67	514.00	184.13	12.10
	553.97	184.70	565.00	184.32	11.04
	430.99	185.63	462.00	184.93	31.02
	467.00	185.00	478.01	184.71	11.01
	612.90	203.84	582.95	205.76	30.01
	255.09	187.93	269.00	187.04	13.94
	48.95	187.34	58.95	187.33	10.00
	66.95	187.23	115.99	188.02	49.05
	241.00	188.43	253.08	187.68	12.10
	590.00	188.03	598.03	188.33	8.04
	605.95	187.79	615.01	188.07	9.06
	624.00	188.02	631.99	187.86	7.99
	115.03	208.40	129.99	209.02	14.97
	156.04	247.45	169.00	248.00	12.97
	347.01	191.85	356.98	191.33	9.98
	363.99	191.27	373.01	191.39	9.02
	450.99	191.64	460.00	192.18	9.03
	123.95	193.26	132.02	192.91	8.07
	209.99	192.25	218.98	192.06	9.00
	226.98	192.34	235.99	192.08	9.01
	260.98	192.12	269.00	192.11	8.02
	75.00	193.16	80.96	193.33	5.96
	90.04	193.79	97.98	193.26	7.96
	107.99	193.24	114.99	193.32	7.00
	399.01	192.70	409.00	193.25	10.01
	437.00	193.68	442.98	193.70	5.97
	502.00	193.79	512.06	194.25	10.07
	485.99	198.23	493.99	197.82	8.01
	9.07	197.67	14.99	197.46	5.92
	77.02	196.72	84.02	196.87	7.00
	160.99	196.25	168.04	195.71	7.07
	604.02	196.39	612.00	196.37	7.99
	621.98	195.71	629.02	195.72	7.04
	14.08	209.80	46.10	210.43	32.03
	285.05	202.39	291.03	202.58	5.98
	501.99	197.51	511.00	197.94	9.02
	553.00	198.09	559.01	197.67	6.02
	569.01	197.86	578.01	197.31	9.02
	527.97	200.87	520.98	200.45	7.00
	196.06	199.73	204.96	199.19	8.92
	230.01	199.50	239.02	198.89	9.03
	384.00	199.65	393.01	200.14	9.02
	400.01	199.17	409.00	199.14	8.99
	415.97	199.36	427.02	199.71	11.05
	433.00	199.27	443.00	198.98	10.01
	602.93	199.29	611.02	199.20	8.09
	552.00	200.55	559.01	200.37	7.02
	403.99	201.26	409.01	201.37	5.02
	450.98	201.49	459.99	201.59	9.01
	468.00	201.50	476.00	201.53	8.01
	484.99	201.60	494.00	201.76	9.01
	501.01	201.12	511.05	201.32	10.05
	534.99	200.58	544.00	200.59	9.01
	307.97	202.17	298.99	202.65	8.99
	348.99	202.58	358.01	202.71	9.02
	384.01	201.62	391.00	201.70	6.99
	49.00	203.56	55.03	203.84	6.04
	100.99	203.40	106.10	203.33	5.10
	148.04	203.66	155.99	203.10	7.97
	215.00	203.05	223.01	202.78	8.01
	230.98	203.08	240.01	202.85	9.04
	248.00	202.99	257.01	202.63	9.02
	265.00	202.96	273.01	202.85	8.00
	366.00	202.67	374.00	202.69	8.00
	21.02	204.34	15.99	204.65	5.04
	32.03	204.53	37.98	204.42	5.95
	498.71	205.45	512.01	205.30	13.30
	398.97	206.45	477.01	206.38	78.04
	482.96	206.52	495.13	206.47	12.17
	517.00	205.99	528.04	205.62	11.05
	231.92	207.32	261.04	208.57	29.15
	284.04	207.30	309.99	207.88	25.95
	382.90	207.22	395.08	207.35	12.18
	82.72	208.67	114.01	208.97	31.29
	218.12	209.62	228.09	208.85	10.00
	247.50	246.48	260.96	247.25	13.48
	53.00	210.53	75.98	209.85	23.00
	170.99	247.01	184.03	247.76	13.06
	616.06	209.49	624.97	209.82	8.92
	4.01	210.17	13.03	210.72	9.03
	516.98	210.49	526.06	210.50	9.08
	533.98	210.36	542.02	210.16	8.04
	550.00	210.19	558.00	210.34	8.01
	79.56	229.34	93.00	230.13	13.46
	433.99	211.51	443.02	211.51	9.03
	451.00	211.78	460.04	211.54	9.04
	485.01	211.33	493.05	211.55	8.04
	501.01	211.74	509.01	212.14	8.01
	49.08	247.88	78.10	248.59	29.03
	287.00	212.66	294.00	212.61	7.01
	302.08	212.70	310.98	212.20	8.91
	318.97	212.38	327.02	212.45	8.05
	343.93	212.38	335.00	213.00	8.95
	386.01	212.27	392.01	212.56	6.01
	417.99	211.72	427.01	211.57	9.03
	187.99	213.49	195.00	213.91	7.02
	351.98	212.58	360.01	212.68	8.04
	220.98	213.76	227.98	213.74	7.00
	533.00	214.97	541.00	215.13	8.00
	500.97	214.67	508.03	214.55	7.06
	43.99	218.07	50.01	217.91	6.02
	109.00	217.04	114.99	217.04	5.99
	157.01	216.43	164.11	216.52	7.10
	386.00	217.07	394.99	216.83	8.99
	402.00	216.93	411.00	216.66	9.01
	418.02	216.65	426.98	216.64	8.96
	434.00	216.77	442.98	216.46	8.99
	305.00	218.65	312.00	218.92	7.01
	337.03	218.69	345.00	218.93	7.98
	533.00	218.04	541.00	217.91	8.00
	548.99	217.81	557.05	217.56	8.06
	484.02	219.61	491.99	219.12	7.99
	612.98	219.45	620.98	219.59	8.00
	628.99	219.47	634.00	219.67	5.02
	597.00	220.07	604.98	219.71	7.99
	402.00	222.03	411.02	221.53	9.04
	418.99	221.66	427.03	221.64	8.04
	434.99	221.35	443.02	221.59	8.04
	450.98	221.39	459.00	221.24	8.03
	466.95	221.28	475.07	221.53	8.12
	129.03	223.33	136.07	223.56	7.05
	177.01	222.94	182.99	222.85	5.99
	346.06	222.46	337.99	222.78	8.08
	563.99	223.34	570.99	222.89	7.01
	97.99	223.10	104.16	223.42	6.18
	144.94	223.44	151.01	223.42	6.07
	160.98	223.22	167.00	223.09	6.03
	193.99	223.56	200.01	223.43	6.02
	209.00	223.98	216.00	223.46	7.02
	241.99	223.57	248.96	223.18	6.98
	264.03	223.36	257.98	223.57	6.06
	272.82	223.65	280.97	223.97	8.15
	291.00	222.92	297.00	222.99	6.00
	354.00	222.85	361.01	222.65	7.01
	589.18	224.48	578.98	225.16	10.22
	609.20	225.68	634.00	224.33	24.83
	385.00	226.39	414.00	226.01	29.01
	416.02	225.96	477.04	225.50	61.02
	514.00	225.86	525.07	225.53	11.07
	209.89	227.42	217.98	227.56	8.09
	272.91	227.28	282.00	227.70	9.10
	304.94	227.18	315.96	227.17	11.02
	368.88	226.69	380.01	227.24	11.15
	98.95	228.36	141.09	229.62	42.16
	176.89	228.29	186.96	228.75	10.09
	195.01	228.09	203.00	227.74	8.00
	394.59	307.02	418.93	306.78	24.35
	474.00	233.35	459.97	233.56	14.04
	51.01	228.92	78.00	230.18	27.02
	609.97	229.43	617.02	229.42	7.05
	625.99	229.39	633.11	229.50	7.12
	498.99	230.33	506.00	230.22	7.01
	515.02	230.35	522.03	230.31	7.01
	530.99	230.66	538.02	230.25	7.04
	140.05	247.33	153.99	248.03	13.96
	34.08	248.29	42.99	248.45	8.91
	80.02	247.96	108.16	248.51	28.15
	245.96	232.37	252.00	232.47	6.05
	261.95	232.45	268.02	232.41	6.07
	276.99	232.50	283.01	232.70	6.02
	294.00	232.39	299.99	232.41	5.99
	308.99	232.09	316.00	232.38	7.01
	324.99	232.11	331.96	232.44	6.97
	341.00	232.36	347.99	232.08	7.00
	182.98	233.19	188.00	233.43	5.03
	408.01	232.62	420.09	233.20	12.09
	426.01	233.41	436.99	233.08	10.99
	442.98	233.23	455.00	233.49	12.02
	609.01	233.17	615.99	232.82	6.99
	625.01	233.33	630.99	233.39	5.98
	135.97	233.76	142.03	233.66	6.07
	167.98	233.79	172.98	233.68	5.00
	391.99	233.98	402.00	233.86	10.01
	531.00	233.95	537.00	233.94	6.00
	546.01	234.11	553.00	233.91	7.00
	561.04	234.65	567.99	234.55	6.96
	201.00	235.12	206.00	235.37	5.01
	231.98	235.38	237.02	235.39	5.05
	356.98	235.30	364.00	235.63	7.02
	624.00	235.31	630.01	235.65	6.02
	295.01	236.12	301.00	236.10	5.99
	310.02	236.15	317.01	235.92	6.99
	340.96	235.65	348.00	235.95	7.05
	513.98	236.38	521.02	236.78	7.05
	262.99	236.91	271.00	237.42	8.02
	591.99	238.52	598.00	238.40	6.01
	373.01	239.39	379.98	239.67	6.98
	390.02	239.20	403.91	239.34	13.89
	410.00	239.72	421.01	239.58	11.01
	441.05	239.40	456.02	239.87	14.97
	458.10	239.55	473.96	239.47	15.86
	497.99	239.88	505.97	239.60	7.98
	297.00	241.07	302.99	240.78	6.00
	250.00	241.98	256.00	242.17	6.00
	265.99	241.79	272.03	241.76	6.03
	603.99	243.08	634.01	242.93	30.01
	204.99	242.70	210.01	242.60	5.03
	220.01	243.13	225.02	242.76	5.02
	543.01	243.60	550.99	243.27	7.99
	574.99	242.75	582.99	242.79	8.00
	482.05	244.52	491.05	244.35	9.00
	495.94	244.43	507.00	243.88	11.07
	510.94	244.39	522.15	243.63	11.24
	4.03	245.76	12.05	245.34	8.03
	371.77	245.45	381.99	245.73	10.23
	389.01	246.13	460.99	245.62	71.98
	464.15	245.78	475.86	245.43	11.71
	298.02	246.24	305.94	246.16	7.92
	311.99	245.94	322.16	246.47	10.19
	341.92	245.56	352.00	246.00	10.09
	356.72	245.59	367.94	246.22	11.24
	111.87	247.33	139.00	247.98	27.15
	188.92	246.56	197.00	247.09	8.10
	461.35	277.05	473.04	277.27	11.70
	589.00	247.48	595.03	247.53	6.03
	619.03	247.37	625.03	247.38	6.00
	24.00	248.02	32.95	248.51	8.96
	512.00	248.44	519.02	248.51	7.03
	527.97	248.77	534.03	248.49	6.06
	436.00	249.08	443.00	248.96	7.00
	450.97	248.68	459.00	249.15	8.05
	467.00	249.03	472.99	248.84	5.99
	107.99	265.02	120.04	265.58	12.06
	285.03	250.71	290.04	250.54	5.01
	300.99	250.07	306.02	249.90	5.03
	314.97	250.34	320.99	250.33	6.02
	329.98	250.47	336.01	250.38	6.04
	603.00	250.37	609.03	250.58	6.04
	93.07	281.39	130.93	281.52	37.86
	178.96	251.65	184.01	251.81	5.05
	223.95	251.45	229.99	251.20	6.05
	254.00	251.02	260.00	251.09	6.00
	452.00	250.85	457.98	250.69	5.98
	587.98	250.68	594.04	250.62	6.06
	375.99	252.18	382.01	252.58	6.04
	512.00	251.97	519.02	251.66	7.03
	166.00	254.04	171.12	254.34	5.13
	302.00	253.89	307.00	253.60	5.01
	315.98	253.76	322.02	253.63	6.04
	466.98	254.24	473.01	254.15	6.03
	496.98	254.29	503.01	254.55	6.03
	586.94	253.65	593.03	253.68	6.09
	392.00	255.66	398.00	255.95	6.01
	406.99	255.37	413.00	255.11	6.02
	540.89	256.32	547.01	256.67	6.12
	332.01	257.14	338.00	257.06	5.99
	347.00	257.12	352.95	257.43	5.96
	512.00	256.99	517.99	256.71	6.00
	556.97	256.77	562.01	256.80	5.04
	383.02	258.47	377.00	258.51	6.03
	407.02	258.67	413.01	258.49	5.99
	421.99	257.87	427.99	257.74	6.00
	452.00	257.61	458.02	257.69	6.01
	466.97	257.76	472.01	257.82	5.04
	279.09	259.46	272.99	259.72	6.11
	318.00	259.20	322.99	258.89	5.00
	332.99	258.72	338.00	258.84	5.01
	347.01	258.81	353.00	258.71	5.99
	362.02	258.67	368.02	258.71	6.00
	393.00	258.68	398.02	258.71	5.01
	243.96	259.55	249.02	259.69	5.07
	258.00	260.00	264.01	259.73	6.02
	285.91	263.19	295.98	263.85	10.09
	303.98	259.59	309.02	259.53	5.04
	560.91	260.48	554.01	260.91	6.92
	570.96	259.75	577.00	260.07	6.05
	584.10	260.27	592.00	260.06	7.90
	599.00	259.76	607.01	259.95	8.00
	481.00	261.46	490.07	261.42	9.07
	510.01	261.17	518.99	260.90	8.98
	523.99	261.10	533.01	260.85	9.02
	539.00	260.92	548.04	260.55	9.05
	419.95	262.45	431.84	263.21	11.92
	448.96	262.22	460.00	261.93	11.04
	271.79	263.40	281.99	263.72	10.21
	332.00	262.95	341.01	263.27	9.02
	347.00	263.01	356.03	263.19	9.03
	361.01	262.78	371.01	263.10	10.01
	375.97	262.78	385.00	263.01	9.03
	392.03	262.59	401.01	262.97	8.98
	405.96	262.54	416.07	262.82	10.12
	139.92	264.32	147.96	264.51	8.05
	186.02	264.22	191.95	264.42	5.93
	304.01	263.55	310.99	263.72	6.98
	378.94	293.04	388.97	293.62	10.04
	583.99	264.22	589.02	264.18	5.03
	53.99	264.94	76.97	266.15	23.01
	81.01	264.88	107.16	265.50	26.16
	511.00	265.50	516.02	265.19	5.03
	540.00	265.00	545.00	264.82	5.00
	320.98	267.36	326.00	267.48	5.02
	334.95	267.41	340.01	267.44	5.06
	407.99	266.87	414.00	267.04	6.01
	363.96	267.68	369.94	267.69	5.98
	306.99	270.75	312.02	270.67	5.03
	610.96	269.66	616.00	269.91	5.04
	309.00	275.64	314.02	275.44	5.02
	606.84	304.81	629.01	303.93	22.18
	536.01	276.69	544.00	276.32	8.00
	549.94	276.36	557.00	276.24	7.06
	580.99	275.93	587.01	275.89	6.01
	591.96	276.41	602.08	275.70	10.14
	8.98	282.06	33.98	282.33	25.00
	480.00	277.07	488.01	277.09	8.01
	492.99	277.16	501.00	276.93	8.01
	508.00	276.92	516.01	276.97	8.01
	520.99	276.93	530.03	276.57	9.04
	407.98	278.44	416.00	278.28	8.02
	422.01	278.19	432.14	278.21	10.13
	449.00	278.00	457.99	277.66	8.99
	278.80	279.56	301.00	280.01	22.20
	336.01	278.95	345.05	279.48	9.05
	351.01	279.10	359.02	279.24	8.01
	365.00	279.00	374.01	279.09	9.01
	377.86	278.61	387.00	278.98	9.14
	395.06	278.56	403.04	278.90	7.99
	139.09	280.49	149.95	281.11	10.88
	151.89	280.42	159.98	280.92	8.11
	265.00	279.77	274.05	280.26	9.07
	310.00	279.99	317.02	279.76	7.02
	341.99	307.01	379.95	308.11	37.98
	434.45	292.60	446.13	292.64	11.67
	79.09	296.36	131.01	296.72	51.92
	52.01	309.40	71.01	309.87	19.01
	586.91	291.36	598.70	290.74	11.81
	527.05	291.42	519.00	291.98	8.07
	532.99	291.45	539.98	291.30	6.99
	546.99	291.13	553.00	291.01	6.01
	600.97	291.22	610.04	290.67	9.09
	459.04	292.47	448.77	292.76	10.27
	462.70	292.58	470.98	292.30	8.29
	478.94	292.44	486.00	292.12	7.07
	492.00	292.08	499.00	291.92	7.00
	506.01	291.85	513.02	291.67	7.02
	397.09	293.29	404.19	293.32	7.11
	408.99	293.19	418.03	293.13	9.04
	422.02	292.89	432.00	292.95	9.98
	271.98	294.12	281.01	294.28	9.03
	315.02	294.19	320.93	293.88	5.92
	326.99	293.87	335.06	294.20	8.08
	341.00	293.96	348.91	293.63	7.92
	354.00	294.13	362.00	294.07	8.00
	368.99	293.76	376.07	293.69	7.08
	244.98	294.71	252.00	295.00	7.02
	4.00	296.91	21.01	297.37	17.02
	116.04	322.43	126.00	323.06	9.98
	516.04	306.20	538.00	304.83	22.00
	542.96	305.51	550.90	305.68	7.95
	423.03	306.33	431.96	306.62	8.94
	449.17	305.70	459.93	305.86	10.76
	462.04	305.91	471.80	305.66	9.77
	489.94	306.32	499.00	306.12	9.06
	503.02	306.23	511.04	305.75	8.03
	318.98	307.89	327.26	308.31	8.28
	330.96	307.70	338.99	307.96	8.04
	4.02	309.84	49.97	309.93	45.94
	459.97	314.70	466.95	314.74	6.98
	38.94	316.55	49.03	317.20	10.11
	398.09	320.05	407.94	320.16	9.85
	615.96	317.66	622.98	317.19	7.03
	527.99	318.07	534.02	317.74	6.03
	436.95	319.74	470.98	319.40	34.03
	424.04	320.12	433.04	319.78	9.01
	29.00	323.07	75.00	323.10	46.00
	78.95	322.74	88.02	322.85	9.06
	100.00	365.03	106.91	364.77	6.92
	550.99	329.23	556.00	328.89	5.02
	401.01	331.24	409.08	331.44	8.07
	414.00	331.04	420.02	331.30	6.03
	424.89	331.37	433.00	331.10	8.11
	438.00	331.06	446.01	330.74	8.01
	450.01	331.11	458.02	330.89	8.02
	462.97	330.77	469.00	330.51	6.03
	487.04	341.55	492.99	341.26	5.96
	511.00	341.12	517.00	340.90	6.00
	548.02	340.78	553.06	340.51	5.05
	413.92	342.38	421.02	342.46	7.09
	425.97	342.16	433.01	342.17	7.04
	438.00	341.99	445.00	342.07	7.00
	450.00	341.96	457.00	341.94	7.00
	463.00	341.90	468.00	341.78	5.00
	3.98	344.51	9.00	344.81	5.03
	520.00	352.21	536.97	351.36	16.99
	555.91	351.43	560.99	351.10	5.08
	498.00	352.04	503.01	351.74	5.02
	405.00	353.00	411.08	353.44	6.10
	413.95	361.01	423.59	361.72	9.67
	427.00	352.93	434.00	353.05	7.00
	440.00	352.84	445.00	352.96	5.00
	451.00	352.88	456.00	352.82	5.01
	90.02	354.83	97.16	355.31	7.15
	87.99	365.04	96.83	365.33	8.84
	438.10	361.87	445.86	361.78	7.76
	461.02	361.94	469.48	362.31	8.47
	495.98	362.26	502.05	362.70	6.08
	446.08	365.47	452.96	365.28	6.88
	500.05	371.45	494.99	371.74	5.07
	436.82	373.01	446.72	372.64	9.91
	373.98	372.55	380.98	373.03	7.02
	417.07	373.26	425.24	373.05	8.17
	99.05	374.27	107.03	374.80	7.99
	450.97	380.54	456.06	380.45	5.08
	375.99	380.88	381.01	381.25	5.04
	377.98	389.10	383.02	389.46	5.05
	612.99	395.30	634.01	396.58	21.06
	431.19	404.50	436.63	404.43	5.44
	154.95	409.35	160.14	409.57	5.20
	153.01	414.32	160.05	414.76	7.05
	162.98	413.91	170.05	414.43	7.09
568
	608.04	3.42	590.88	4.31	17.19
	520.06	5.14	538.00	4.00	17.98
	628.98	10.42	613.00	11.04	15.99
	449.00	13.00	467.00	11.97	18.03
	583.12	17.40	565.05	18.44	18.09
	606.00	16.93	589.00	17.94	17.02
	518.99	18.87	535.98	18.28	17.00
	587.02	25.08	603.97	24.67	16.96
	609.98	24.71	626.00	23.94	16.05
	489.12	25.46	471.83	26.29	17.31
	495.99	25.59	512.99	24.88	17.01
	540.92	25.57	558.02	24.84	17.11
	562.92	31.77	580.00	31.02	17.09
	585.97	31.49	602.96	31.17	17.00
	607.66	31.62	624.00	31.03	16.35
	471.98	32.75	487.99	32.31	16.01
	496.00	32.23	512.02	31.80	16.03
	537.16	40.95	556.99	38.66	19.97
	561.98	38.87	580.95	37.82	18.99
	582.93	39.96	623.87	38.32	40.97
	515.15	40.93	534.02	38.87	18.98
	425.74	40.72	444.02	39.89	18.30
	560.82	44.49	576.99	44.15	16.16
	583.98	44.36	599.99	44.04	16.01
	605.96	44.44	620.00	44.05	14.05
	450.01	45.47	465.99	44.94	16.00
	517.00	45.08	533.02	44.87	16.02
	561.00	50.67	575.98	50.19	14.99
	582.99	50.41	598.00	50.00	15.01
	604.98	50.23	619.00	50.07	14.02
	627.99	50.25	634.00	50.17	6.02
	450.01	51.64	466.01	51.07	16.01
	471.99	51.45	486.99	51.18	15.01
	495.00	51.24	510.00	51.02	15.00
	516.02	51.20	532.02	50.76	16.00
	538.12	51.45	553.99	50.59	15.89
	405.15	52.55	421.00	51.91	15.86
	552.97	56.35	538.00	56.81	14.97
	560.00	56.55	575.02	55.87	15.03
	581.99	56.27	597.00	56.02	15.01
	603.00	56.14	617.92	55.57	14.93
	627.00	56.18	634.00	56.07	7.00
	449.99	57.58	466.01	57.06	16.02
	472.00	57.34	487.00	57.13	15.00
	516.00	57.04	531.01	56.81	15.01
	596.04	61.25	580.00	61.84	16.05
	530.99	61.92	515.05	63.24	16.00
	536.97	62.52	551.98	62.21	15.01
	558.99	62.25	573.98	62.10	14.99
	601.99	62.18	615.97	61.62	13.99
	624.99	62.15	634.00	62.12	9.01
	427.97	63.67	444.08	63.37	16.12
	449.99	63.42	465.97	62.80	15.99
	494.00	63.18	509.02	62.82	15.03
	406.99	63.83	422.00	63.74	15.01
	601.01	67.79	614.96	67.29	13.96
	494.03	68.70	507.99	68.53	13.96
	515.00	68.61	529.99	68.11	15.00
	557.99	68.09	572.00	67.86	14.01
	578.99	68.26	593.98	67.62	15.00
	622.97	68.29	633.99	67.84	11.03
	406.97	69.60	421.99	69.38	15.02
	450.00	69.09	465.00	68.93	15.00
	471.02	69.15	486.00	68.81	14.99
	385.99	69.86	401.04	69.70	15.05
	614.90	72.41	576.04	75.04	38.94
	620.00	74.00	634.00	73.23	14.02
	554.38	75.74	573.07	73.63	18.81
	381.14	76.21	422.00	75.42	40.86
	448.95	75.47	467.00	75.08	18.06
	469.98	75.62	486.93	75.34	16.95
	493.00	75.02	509.07	74.59	16.08
	612.03	77.68	597.99	79.08	14.11
	633.97	78.22	619.99	79.11	14.02
	535.01	79.81	548.98	79.22	13.99
	556.03	79.36	569.98	79.18	13.96
	449.99	80.54	465.05	80.36	15.06
	470.96	80.29	485.00	80.05	14.04
	492.99	80.25	507.01	79.93	14.02
	514.00	79.95	528.02	79.77	14.02
	387.01	81.12	402.00	81.11	14.99
	429.00	80.84	444.04	80.68	15.04
	568.95	84.45	554.99	85.09	13.97
	576.02	84.77	589.99	84.06	13.99
	597.01	84.40	609.99	84.11	12.99
	618.99	84.19	633.12	83.64	14.14
	484.98	85.39	471.00	85.83	13.99
	493.01	85.36	507.00	85.10	14.00
	512.98	85.40	527.99	85.09	15.02
	533.99	85.13	548.02	84.72	14.03
	407.98	86.59	423.04	86.29	15.07
	429.01	86.22	443.99	86.13	14.99
	450.00	86.08	465.03	85.84	15.03
	386.98	86.90	402.02	86.63	15.04
	616.98	90.13	631.01	88.83	14.08
	511.94	90.83	526.99	90.27	15.05
	532.92	90.43	546.98	90.18	14.07
	553.97	90.38	568.01	89.94	14.04
	574.99	90.19	588.00	89.93	13.02
	595.02	90.22	607.99	89.87	12.98
	428.99	91.57	444.05	91.42	15.06
	450.00	91.27	464.99	91.10	14.99
	470.02	91.16	484.00	90.90	13.99
	492.00	91.07	506.01	90.88	14.01
	407.98	91.92	423.02	91.77	15.03
	532.10	96.29	545.97	95.38	13.90
	552.98	95.60	566.99	95.05	14.02
	573.99	95.19	587.00	95.01	13.01
	593.97	95.30	607.00	95.13	13.03
	616.01	94.87	629.01	94.66	13.01
	428.99	96.90	444.07	96.51	15.09
	450.01	96.37	464.00	96.15	13.99
	470.00	96.22	484.00	95.86	14.01
	491.99	96.14	505.00	95.89	13.01
	512.00	95.94	525.99	95.69	13.99
	387.99	96.83	403.00	97.13	15.01
	408.08	97.34	423.00	96.83	14.94
	532.00	100.94	546.00	100.05	14.03
	552.00	100.98	565.99	100.12	14.02
	572.99	100.31	585.99	100.06	13.00
	592.98	100.25	605.00	100.13	12.02
	613.98	100.25	627.00	99.99	13.03
	450.01	101.94	464.01	101.17	14.02
	469.99	101.33	483.00	101.18	13.01
	492.00	101.09	505.01	100.81	13.02
	510.98	100.63	525.01	100.79	14.04
	389.01	102.23	403.01	102.19	13.99
	409.00	102.02	423.00	102.03	14.00
	428.97	101.71	443.01	101.77	14.04
	571.00	105.99	587.16	104.63	16.22
	564.99	134.43	579.03	133.39	14.07
	612.00	105.38	634.00	105.14	22.00
	381.02	107.21	485.02	106.25	104.00
	551.00	106.04	565.02	105.76	14.02
	619.28	133.24	603.99	134.15	15.32
	382.00	112.96	462.94	109.74	81.00
	612.01	109.70	623.00	109.80	10.98
	570.00	111.07	583.99	110.09	14.02
	491.00	111.17	504.00	111.08	13.00
	509.99	111.19	524.01	110.91	14.02
	530.00	111.22	544.03	110.75	14.04
	549.91	111.22	564.00	110.77	14.10
	435.66	116.39	480.00	114.01	44.40
	405.01	113.89	413.80	113.71	8.79
	621.95	114.40	611.00	114.84	10.96
	562.97	115.42	549.05	116.38	13.96
	569.00	116.08	583.00	114.98	14.04
	588.98	115.56	601.00	115.20	12.03
	491.00	116.28	504.01	115.83	13.02
	510.00	116.11	523.00	115.91	13.01
	529.05	116.45	543.02	115.82	13.98
	404.02	118.57	413.01	118.53	8.99
	439.00	120.60	470.02	119.32	31.05
	627.99	119.57	634.00	119.39	6.01
	587.97	120.29	600.00	120.01	12.03
	21.00	121.81	27.01	121.82	6.01
	489.99	121.30	503.00	121.03	13.01
	509.00	121.25	522.97	121.13	13.98
	529.00	120.92	541.98	120.70	12.98
	608.00	124.23	618.99	124.07	11.00
	627.00	124.12	634.00	124.07	7.01
	547.99	125.32	560.96	125.34	12.97
	21.02	126.12	31.01	126.17	10.00
	381.99	128.56	407.99	127.66	26.01
	436.76	126.50	460.00	125.94	23.24
	490.00	125.98	502.00	125.77	12.00
	509.00	125.88	522.00	125.69	13.00
	420.10	127.28	435.00	127.32	14.89
	461.99	126.93	479.96	126.70	17.97
	605.97	129.29	617.00	129.01	11.03
	624.98	129.18	633.02	129.56	8.04
	489.08	131.44	502.03	130.48	12.99
	507.95	130.49	521.00	130.01	13.06
	527.99	130.15	540.97	130.15	12.98
	546.98	130.35	559.00	129.94	12.03
	565.97	130.64	578.02	130.58	12.05
	620.35	134.27	634.00	133.82	13.66
	9.02	135.45	17.01	135.32	8.00
	29.00	135.46	38.07	135.55	9.07
	46.99	134.95	57.02	135.21	10.03
	381.04	136.64	481.99	135.90	100.96
	487.92	135.50	502.03	135.92	14.12
	506.98	135.30	521.00	134.92	14.03
	621.99	138.14	631.99	137.40	10.04
	576.00	138.37	565.00	138.94	11.01
	451.00	139.32	463.01	139.77	12.02
	499.99	139.44	489.00	140.05	11.01
	525.98	139.24	539.06	138.60	13.09
	544.99	139.36	557.00	138.90	12.02
	544.92	140.67	557.00	141.01	12.09
	392.99	140.83	406.00	141.04	13.01
	411.99	140.77	425.02	140.83	13.03
	525.93	140.60	538.00	141.01	12.07
	545.00	143.20	557.03	142.75	12.04
	603.00	142.90	611.01	143.24	8.01
	26.00	146.06	20.00	146.07	6.00
	449.99	144.35	462.98	143.86	12.99
	469.00	144.08	480.00	144.00	11.00
	489.00	144.03	500.00	143.98	11.00
	514.00	145.72	508.00	145.35	6.01
	507.00	144.06	519.01	143.69	12.02
	574.00	147.01	563.00	147.28	11.01
	381.99	145.26	387.01	145.46	5.02
	394.02	145.29	406.01	145.42	11.99
	413.00	145.19	425.01	145.48	12.01
	489.00	146.14	500.03	146.26	11.03
	545.01	147.62	556.00	146.97	11.01
	591.00	149.10	582.00	148.78	9.01
	600.98	147.21	608.00	147.03	7.02
	620.00	146.80	631.06	146.76	11.05
	49.02	149.91	41.99	150.22	7.03
	469.01	148.72	479.99	148.22	11.00
	488.00	148.25	500.01	147.80	12.02
	505.99	148.34	519.05	147.61	13.09
	524.99	148.15	537.01	147.81	12.02
	4.99	149.09	12.10	149.60	7.13
	394.01	149.76	406.00	149.32	12.00
	412.04	148.84	425.00	149.08	12.97
	430.99	148.85	444.00	149.01	13.01
	450.00	148.95	462.00	148.95	12.00
	507.00	149.91	512.99	149.61	6.00
	600.99	148.82	608.00	148.61	7.01
	524.96	149.59	537.04	150.19	12.10
	432.00	151.10	437.01	151.17	5.01
	581.00	150.73	591.00	150.95	10.00
	600.00	151.05	611.03	150.77	11.04
	617.99	151.15	629.01	150.91	11.02
	505.99	152.29	514.00	152.03	8.01
	533.99	153.28	523.85	153.42	10.14
	525.00	152.08	537.08	151.51	12.10
	542.99	152.24	555.03	151.75	12.05
	622.00	152.46	616.93	152.74	5.07
	425.00	153.48	412.99	153.87	12.01
	431.01	152.77	443.00	153.17	11.99
	542.99	153.87	553.99	153.83	11.00
	600.01	153.33	609.00	152.80	9.00
	381.00	154.20	388.00	154.15	7.00
	393.97	153.82	407.07	154.39	13.12
	471.98	154.44	477.00	154.71	5.02
	381.00	155.93	388.02	155.75	7.02
	542.99	156.47	554.00	156.04	11.02
	560.99	156.16	572.00	155.95	11.01
	29.00	157.35	35.00	157.82	6.02
	450.00	157.18	462.00	157.24	12.00
	467.99	157.43	480.00	157.12	12.01
	561.99	158.33	572.07	158.27	10.08
	595.91	160.45	634.00	159.34	38.11
	500.11	160.26	486.00	161.01	14.13
	558.98	160.27	571.02	159.70	12.05
	577.99	160.10	590.02	159.70	12.03
	468.00	161.20	480.00	160.99	12.00
	381.00	162.51	391.03	162.81	10.03
	393.03	161.91	445.14	162.74	52.11
	10.93	165.16	44.23	165.35	33.30
	559.99	164.17	570.00	164.06	10.00
	596.00	165.01	603.01	165.57	7.03
	492.00	166.35	497.00	166.16	5.00
	533.02	167.60	526.99	167.54	6.03
	541.02	166.29	551.00	165.96	9.98
	560.00	166.35	569.00	165.93	9.01
	30.02	188.48	45.02	189.54	15.04
	469.00	166.80	479.01	167.35	10.03
	117.27	187.40	131.03	188.53	13.81
	469.00	169.15	479.01	168.72	10.02
	486.99	169.29	497.00	168.81	10.02
	395.99	169.65	402.00	170.13	6.03
	413.99	169.89	426.00	170.38	12.01
	431.99	169.91	443.96	170.34	11.98
	539.98	172.37	550.00	171.94	10.03
	77.99	172.43	84.05	172.32	6.06
	90.99	171.94	103.05	172.09	12.05
	108.94	171.74	120.94	171.80	12.00
	289.81	186.27	307.59	187.92	17.85
	346.85	207.18	361.04	207.83	14.21
	397.00	171.94	407.02	172.56	10.03
	576.00	172.06	583.01	172.69	7.04
	610.97	172.83	621.06	173.41	10.11
	468.00	173.11	477.00	172.92	9.00
	503.97	173.53	510.00	174.03	6.05
	206.00	173.80	228.03	175.85	22.13
	413.97	173.74	425.00	174.03	11.03
	454.00	176.67	461.89	176.33	7.90
	540.01	174.49	549.01	174.62	9.00
	230.99	187.52	191.05	187.75	39.94
	344.00	175.97	354.01	175.86	10.01
	468.00	176.90	478.00	176.86	10.00
	396.98	177.51	408.00	178.10	11.04
	540.00	177.51	549.00	178.01	9.02
	292.00	179.29	301.97	180.11	10.00
	449.99	178.91	460.98	178.61	11.00
	467.98	178.77	473.00	178.63	5.02
	308.99	181.04	319.02	180.80	10.03
	414.99	179.56	420.00	179.98	5.03
	102.99	181.42	108.76	181.64	5.77
	85.00	181.76	91.05	181.82	6.05
	590.04	183.62	634.00	182.93	43.96
	536.97	184.46	548.76	185.44	11.83
	553.97	184.70	565.00	184.32	11.04
	343.93	185.49	357.06	186.66	13.18
	395.96	185.08	410.13	186.25	14.21
	413.21	184.58	427.99	185.76	14.83
	430.99	185.63	462.00	184.93	31.02
	467.00	185.00	478.01	184.71	11.01
	485.00	184.95	497.03	185.93	12.07
	163.56	208.48	177.20	209.39	13.67
	274.67	185.67	288.94	187.13	14.34
	380.99	185.86	393.02	186.66	12.05
	48.95	187.34	58.95	187.33	10.00
	66.95	187.23	115.99	188.02	49.05
	12.94	188.60	28.08	189.62	15.17
	174.00	188.03	186.47	188.99	12.51
	330.02	206.98	346.58	208.91	16.67
	590.00	188.03	598.03	188.33	8.04
	605.95	187.79	615.01	188.07	9.06
	624.00	188.02	631.99	187.86	7.99
	4.00	188.76	11.12	189.57	7.17
	537.00	189.09	547.01	190.05	10.05
	115.03	208.40	129.99	209.02	14.97
	363.99	191.27	373.01	191.39	9.02
	450.99	191.64	460.00	192.18	9.03
	260.98	192.12	269.00	192.11	8.02
	6.04	193.61	12.00	194.03	5.97
	23.08	193.51	29.01	193.90	5.95
	75.00	193.16	80.96	193.33	5.96
	107.99	193.24	114.99	193.32	7.00
	399.01	192.70	409.00	193.25	10.01
	437.00	193.68	442.98	193.70	5.97
	502.00	193.79	512.06	194.25	10.07
	77.02	196.72	84.02	196.87	7.00
	604.02	196.39	612.00	196.37	7.99
	621.98	195.71	629.02	195.72	7.04
	14.08	209.80	46.10	210.43	32.03
	285.05	202.39	291.03	202.58	5.98
	349.02	196.97	358.00	197.85	9.02
	501.99	197.51	511.00	197.94	9.02
	527.97	200.87	520.98	200.45	7.00
	384.00	199.65	393.01	200.14	9.02
	400.01	199.17	409.00	199.14	8.99
	415.97	199.36	427.02	199.71	11.05
	586.99	199.70	595.04	200.29	8.07
	602.93	199.29	611.02	199.20	8.09
	552.00	200.55	559.01	200.37	7.02
	403.99	201.26	409.01	201.37	5.02
	450.98	201.49	459.99	201.59	9.01
	468.00	201.50	476.00	201.53	8.01
	484.99	201.60	494.00	201.76	9.01
	501.01	201.12	511.05	201.32	10.05
	534.99	200.58	544.00	200.59	9.01
	348.99	202.58	358.01	202.71	9.02
	384.01	201.62	391.00	201.70	6.99
	49.00	203.56	55.03	203.84	6.04
	366.00	202.67	374.00	202.69	8.00
	498.71	205.45	512.01	205.30	13.30
	398.97	206.45	477.01	206.38	78.04
	482.96	206.52	495.13	206.47	12.17
	182.95	207.19	195.25	208.42	12.36
	231.92	207.32	261.04	208.57	29.15
	264.95	207.20	277.23	208.38	12.33
	284.04	207.30	309.99	207.88	25.95
	315.01	206.92	329.07	207.91	14.09
	364.93	206.60	377.07	207.47	12.17
	382.90	207.22	395.08	207.35	12.18
	82.72	208.67	114.01	208.97	31.29
	131.97	208.10	145.12	209.62	13.25
	247.50	246.48	260.96	247.25	13.48
	170.99	247.01	184.03	247.76	13.06
	616.06	209.49	624.97	209.82	8.92
	4.01	210.17	13.03	210.72	9.03
	516.98	210.49	526.06	210.50	9.08
	550.00	210.19	558.00	210.34	8.01
	79.56	229.34	93.00	230.13	13.46
	433.99	211.51	443.02	211.51	9.03
	485.01	211.33	493.05	211.55	8.04
	501.01	211.74	509.01	212.14	8.01
	318.97	212.38	327.02	212.45	8.05
	386.01	212.27	392.01	212.56	6.01
	466.99	211.54	475.99	212.62	9.06
	534.02	212.51	541.02	213.28	7.04
	187.99	213.49	195.00	213.91	7.02
	351.98	212.58	360.01	212.68	8.04
	25.03	214.87	30.02	215.41	5.02
	533.00	214.97	541.00	215.13	8.00
	16.84	229.71	31.04	230.78	14.24
	93.00	217.08	98.01	217.64	5.04
	125.00	216.48	131.01	216.88	6.02
	140.99	216.19	147.00	217.04	6.07
	190.00	215.96	197.01	216.90	7.07
	418.02	216.65	426.98	216.64	8.96
	565.01	216.64	573.02	217.36	8.04
	581.99	216.51	590.00	217.04	8.03
	288.05	217.53	296.01	218.30	7.99
	305.00	218.65	312.00	218.92	7.01
	337.03	218.69	345.00	218.93	7.98
	499.99	220.13	508.00	220.76	8.03
	612.98	219.45	620.98	219.59	8.00
	628.99	219.47	634.00	219.67	5.02
	434.99	221.35	443.02	221.59	8.04
	466.95	221.28	475.07	221.53	8.12
	129.03	223.33	136.07	223.56	7.05
	97.99	223.10	104.16	223.42	6.18
	113.13	223.46	119.01	223.92	5.90
	272.82	223.65	280.97	223.97	8.15
	291.00	222.92	297.00	222.99	6.00
	225.96	227.37	237.19	228.47	11.28
	240.78	227.50	253.14	228.50	12.40
	256.92	227.28	269.14	228.38	12.27
	272.91	227.28	282.00	227.70	9.10
	289.97	227.37	301.00	228.14	11.06
	321.11	226.75	332.01	227.48	10.92
	337.04	226.85	349.00	227.99	12.02
	352.87	226.62	365.02	227.95	12.22
	368.88	226.69	380.01	227.24	11.15
	144.89	228.34	157.09	229.66	12.28
	162.04	227.75	173.26	229.34	11.34
	176.89	228.29	186.96	228.75	10.09
	4.95	229.35	15.01	230.92	10.18
	34.97	229.20	46.02	230.69	11.15
	51.01	228.92	78.00	230.18	27.02
	609.97	229.43	617.02	229.42	7.05
	625.99	229.39	633.11	229.50	7.12
	278.18	245.83	291.00	247.00	12.88
	276.99	232.50	283.01	232.70	6.02
	308.99	232.09	316.00	232.38	7.01
	324.99	232.11	331.96	232.44	6.97
	182.98	233.19	188.00	233.43	5.03
	408.01	232.62	420.09	233.20	12.09
	442.98	233.23	455.00	233.49	12.02
	483.98	233.46	490.00	233.93	6.04
	514.01	233.13	522.00	233.97	8.03
	625.01	233.33	630.99	233.39	5.98
	201.00	235.12	206.00	235.37	5.01
	215.94	236.29	222.00	236.86	6.08
	356.98	235.30	364.00	235.63	7.02
	624.00	235.31	630.01	235.65	6.02
	340.96	235.65	348.00	235.95	7.05
	513.98	236.38	521.02	236.78	7.05
	230.81	236.56	238.99	237.65	8.24
	262.99	236.91	271.00	237.42	8.02
	124.92	239.45	130.00	239.95	5.11
	140.98	239.23	146.00	239.91	5.07
	348.00	241.33	343.02	240.74	5.01
	373.01	239.39	379.98	239.67	6.98
	422.99	239.19	438.93	240.69	16.01
	441.05	239.40	456.02	239.87	14.97
	312.01	240.88	318.01	241.38	6.02
	560.99	239.70	566.00	240.08	5.02
	250.00	241.98	256.00	242.17	6.00
	325.70	245.49	338.48	246.45	12.82
	371.77	245.45	381.99	245.73	10.23
	221.04	246.40	230.00	247.35	9.01
	233.88	246.25	245.90	247.28	12.06
	265.00	246.02	276.01	246.94	11.05
	311.99	245.94	322.16	246.47	10.19
	341.92	245.56	352.00	246.00	10.09
	356.72	245.59	367.94	246.22	11.24
	188.92	246.56	197.00	247.09	8.10
	204.95	246.71	213.99	247.82	9.11
	433.60	261.32	445.00	262.12	11.43
	589.00	247.48	595.03	247.53	6.03
	450.97	248.68	459.00	249.15	8.05
	603.00	250.37	609.03	250.58	6.04
	466.97	251.27	473.00	251.88	6.05
	375.99	252.18	382.01	252.58	6.04
	557.01	252.83	563.03	253.37	6.04
	256.01	252.89	261.01	253.34	5.02
	330.99	253.25	337.04	253.68	6.07
	573.00	252.77	578.02	253.46	5.06
	601.90	253.26	608.02	253.80	6.14
	135.95	254.48	140.97	255.19	5.07
	166.00	254.04	171.12	254.34	5.13
	496.98	254.29	503.01	254.55	6.03
	392.00	255.66	398.00	255.95	6.01
	540.89	256.32	547.01	256.67	6.12
	153.00	257.25	157.99	257.60	5.00
	196.98	257.13	202.00	257.88	5.07
	347.00	257.12	352.95	257.43	5.96
	526.98	256.66	533.08	257.43	6.15
	285.91	263.19	295.98	263.85	10.09
	570.96	259.75	577.00	260.07	6.05
	599.00	259.76	607.01	259.95	8.00
	419.95	262.45	431.84	263.21	11.92
	317.01	262.95	327.01	263.93	10.06
	392.03	262.59	401.01	262.97	8.98
	127.00	264.39	134.96	265.42	8.02
	155.98	264.19	164.17	265.39	8.28
	171.01	264.25	177.99	264.92	7.00
	201.02	264.23	206.98	264.86	5.99
	215.99	263.92	223.03	264.82	7.09
	228.97	263.77	239.22	264.57	10.28
	242.78	263.54	253.08	264.38	10.33
	257.92	263.52	268.13	264.33	10.24
	8.97	265.20	18.02	266.71	9.17
	25.01	265.14	30.97	266.42	6.10
	524.97	264.70	531.05	265.36	6.11
	422.99	269.93	428.00	270.44	5.04
	610.96	269.66	616.00	269.91	5.04
	322.01	274.04	328.00	274.93	6.05
	351.01	273.54	356.99	274.66	6.08
	434.11	277.39	446.46	278.46	12.40
	322.01	278.94	331.05	279.75	9.08
	165.96	280.36	174.01	281.09	8.08
	179.99	280.05	188.00	281.01	8.07
	225.07	280.20	230.96	280.73	5.92
	236.98	279.83	246.01	280.98	9.10
	251.00	279.78	260.02	280.66	9.06
	39.00	280.97	43.99	281.89	5.07
	56.04	281.30	61.99	282.20	6.02
	81.03	280.69	90.00	282.01	9.07
	257.94	294.31	266.00	295.02	8.09
	284.04	293.59	294.96	295.19	11.04
	299.01	293.94	305.95	294.72	6.98
	68.00	295.07	74.99	296.89	7.23
	150.99	295.31	157.02	296.07	6.07
	163.01	295.15	170.01	296.04	7.06
	177.00	294.98	183.97	295.81	7.03
	191.00	294.96	198.00	295.86	7.06
	219.01	295.05	223.98	295.91	5.04
	28.00	295.92	34.00	297.02	6.11
	138.00	295.89	143.01	296.81	5.10
	240.02	308.13	246.88	309.40	6.98
	250.99	308.04	258.99	308.87	8.04
	264.99	307.83	272.98	309.16	8.09
	277.99	307.87	287.01	308.98	9.09
	306.00	307.94	310.99	308.78	5.06
	94.00	308.96	102.15	310.47	8.28
	107.01	308.92	115.08	310.56	8.24
	120.00	308.99	128.03	310.64	8.20
	161.03	309.16	167.01	310.10	6.05
	172.95	308.73	181.02	309.94	8.16
	185.94	308.65	194.00	309.97	8.18
	198.94	308.55	207.02	309.84	8.19
	83.04	309.72	88.00	310.92	5.10
	431.01	314.14	436.02	314.59	5.03
	477.00	318.83	482.23	319.39	5.26
	516.00	318.05	522.05	318.73	6.08
	372.98	319.88	383.74	321.91	10.94
	410.12	319.60	421.44	320.97	11.41
	105.98	321.47	113.00	323.10	7.21
	142.88	321.55	151.00	322.79	8.21
	182.00	320.95	189.95	322.33	8.07
	72.08	361.92	85.99	365.66	14.40
	374.99	331.03	384.00	331.99	9.06
	413.05	351.98	422.00	353.07	9.02
	117.00	332.99	124.16	334.37	7.29
	141.02	332.83	148.04	334.59	7.24
	153.99	332.88	160.05	334.34	6.24
	165.97	332.61	170.90	333.55	5.01
	92.01	344.23	98.02	345.88	6.23
	117.02	344.19	122.03	345.68	5.22
	139.00	343.80	145.04	345.49	6.27
	151.01	343.84	157.01	345.53	6.23
	164.02	344.17	169.03	345.57	5.19
	55.99	344.63	62.01	346.47	6.30
	101.98	354.30	107.98	356.15	6.28
	149.00	354.32	154.00	355.86	5.24
	170.87	354.52	177.02	356.22	6.38
	146.00	364.05	150.94	365.61	5.19
	458.97	364.56	464.97	365.50	6.07
	177.01	373.21	182.01	374.89	5.27
	186.79	373.71	192.99	375.10	6.35
	419.16	402.99	426.76	404.54	7.76
	87.94	374.21	101.06	377.94	13.64
	110.10	374.41	122.30	377.72	12.64
	121.09	374.29	132.11	376.91	11.32
	118.99	403.01	135.95	408.45	17.81
	627.95	387.80	634.05	388.65	6.15
	140.01	406.51	147.04	408.73	7.36
	145.99	414.82	153.83	417.14	8.17
