vx	vy	vz	score	numLines
-0.17508477	0.98455312	0.00068945	8477.98	340
-0.95986906	0.28032292	-0.00839394	4644.20	253
0.93756778	0.34777756	0.00417457	503.05	124

nLines	x1	y1	x2	y2	length
340
	212.20	18.08	208.23	31.06	13.57
	210.59	27.88	188.81	92.93	68.60
	202.21	47.10	198.19	60.02	13.54
	197.47	63.20	191.34	79.11	17.05
	205.89	67.05	199.02	85.25	19.46
	210.96	68.99	203.57	94.18	26.24
	215.69	72.14	205.61	99.93	29.56
	220.17	76.05	208.87	102.69	28.94
	224.96	77.99	214.07	112.02	35.74
	231.30	85.13	219.00	115.00	32.30
	237.63	90.09	224.59	127.03	39.17
	250.22	99.93	237.12	134.01	36.51
	244.30	97.14	231.88	129.97	35.10
	381.04	98.02	347.10	170.02	79.60
	386.46	101.95	352.79	170.89	76.72
	198.08	104.04	191.30	124.95	21.99
	268.03	117.01	251.90	156.95	43.08
	392.99	103.99	358.55	174.74	78.69
	210.39	117.00	199.94	150.98	35.55
	253.91	104.98	237.94	144.97	43.06
	192.15	105.92	186.37	122.95	17.99
	404.35	108.27	385.77	145.90	41.97
	386.65	151.06	373.85	178.89	30.64
	202.35	110.14	193.09	135.03	26.56
	260.81	112.13	246.29	150.05	40.61
	178.61	115.23	176.29	123.06	8.17
	206.11	115.05	197.05	138.06	24.72
	415.52	115.30	377.51	189.61	83.46
	274.47	123.17	255.07	169.04	49.80
	290.74	137.90	271.72	182.74	48.70
	215.14	128.07	205.12	153.90	27.70
	276.66	127.92	273.73	135.89	8.49
	258.82	128.95	250.17	148.88	21.73
	281.18	130.04	264.05	173.02	46.27
	388.07	131.08	382.56	144.23	14.26
	183.54	132.21	179.15	143.15	11.79
	220.63	132.83	208.25	170.07	39.24
	285.12	134.03	280.17	148.18	14.99
	246.42	135.76	243.56	142.69	7.50
	231.11	148.99	218.86	180.92	34.20
	392.72	139.09	387.73	148.85	10.96
	379.79	141.65	376.39	149.01	8.11
	226.08	144.03	216.05	171.02	28.79
	269.52	144.87	267.48	149.85	5.38
	188.73	147.09	180.77	168.92	23.24
	302.12	148.04	279.81	197.92	54.64
	310.65	155.10	289.07	204.03	53.48
	384.08	149.04	369.46	179.98	34.22
	393.10	149.88	389.88	157.36	8.14
	192.17	152.07	185.43	171.99	21.03
	305.06	153.02	283.00	202.00	53.72
	219.12	194.01	232.95	157.98	38.60
	246.06	171.00	231.96	203.98	35.87
	205.28	179.07	193.03	211.01	34.21
	195.77	161.10	185.95	188.99	29.57
	318.72	161.90	312.21	176.83	16.28
	369.60	161.80	363.78	172.88	12.51
	239.26	164.09	227.37	199.09	36.97
	172.43	165.12	166.93	178.94	14.87
	323.02	166.01	298.81	218.84	58.11
	415.53	166.29	396.27	203.88	42.24
	199.56	169.18	191.40	190.96	23.25
	391.10	172.08	383.21	188.06	17.82
	336.31	174.96	308.31	233.13	64.56
	309.10	177.12	301.45	193.24	17.84
	234.16	219.07	250.98	181.00	41.63
	310.76	179.92	298.30	210.87	33.37
	213.31	194.96	202.75	222.84	29.82
	176.48	182.19	169.06	201.02	20.24
	360.34	199.71	331.10	257.05	64.36
	340.24	184.10	310.54	247.00	69.56
	252.89	185.96	237.76	222.82	39.85
	154.44	187.17	141.05	227.02	42.05
	179.04	189.02	173.32	204.89	16.88
	345.08	189.05	320.67	238.10	54.79
	208.81	190.11	198.83	213.81	25.72
	256.61	191.04	242.22	227.07	38.80
	415.34	191.18	405.73	208.87	20.13
	183.10	193.00	169.14	232.07	41.50
	350.58	193.04	322.11	252.04	65.51
	300.91	195.02	294.32	208.88	15.35
	160.05	197.99	154.88	213.94	16.77
	264.99	199.00	248.16	239.16	43.54
	216.28	203.03	201.95	237.98	37.78
	225.31	221.98	213.04	252.05	32.48
	270.96	205.99	254.43	250.26	47.25
	184.94	207.97	177.66	226.53	19.93
	349.32	207.92	346.00	214.40	7.29
	369.36	209.19	337.51	270.91	69.46
	415.32	210.17	409.69	221.09	12.29
	273.94	213.00	251.85	262.94	54.62
	256.32	214.14	254.23	219.09	5.38
	210.28	242.97	219.40	215.14	29.28
	286.93	232.01	271.35	270.83	41.83
	164.35	216.13	158.33	231.94	16.92
	150.02	219.01	115.45	321.06	107.75
	274.74	218.92	256.30	262.86	47.66
	248.32	221.12	246.15	227.05	6.31
	196.62	239.03	187.52	264.86	27.38
	280.12	224.03	262.55	264.03	43.69
	351.24	224.18	336.01	255.01	34.39
	385.55	224.29	352.33	288.91	72.66
	357.52	299.96	353.77	306.74	7.75
	150.24	227.08	143.25	250.99	24.91
	172.82	229.05	159.26	260.96	34.68
	192.47	231.16	184.96	252.98	23.08
	283.36	232.18	280.80	238.86	7.15
	366.26	247.93	373.62	233.81	15.93
	140.10	234.04	134.68	249.07	15.98
	228.81	235.13	213.03	273.01	41.04
	181.08	278.98	172.99	302.00	24.39
	392.04	236.02	372.02	273.01	42.06
	290.18	238.07	269.88	282.87	49.18
	400.10	239.06	358.83	315.91	87.23
	266.95	268.99	280.19	241.78	30.26
	405.49	244.47	382.57	287.02	48.33
	171.22	245.08	166.32	259.94	15.65
	233.67	245.29	222.11	274.05	30.99
	206.31	270.00	196.31	292.92	25.00
	153.33	248.13	147.76	261.92	14.87
	412.10	249.03	374.05	319.03	79.67
	133.39	250.20	131.01	259.15	9.25
	197.23	250.10	185.30	281.04	33.16
	297.41	254.25	278.38	295.94	45.83
	140.27	256.09	133.95	279.00	23.77
	240.73	256.12	227.22	286.87	33.60
	154.10	258.03	152.05	265.03	7.29
	173.82	259.92	164.45	285.86	27.58
	340.16	312.98	312.64	365.06	58.90
	316.04	376.99	311.18	386.20	10.42
	200.96	260.98	193.55	281.03	21.38
	236.42	261.10	232.18	271.08	10.84
	304.26	261.11	277.08	318.02	63.07
	128.03	263.01	121.34	286.98	24.88
	244.08	278.82	227.81	317.92	42.35
	307.39	268.93	282.75	318.14	55.03
	156.28	270.11	147.70	293.02	24.47
	150.85	321.00	148.23	328.10	7.57
	227.98	270.99	224.67	279.76	9.37
	401.08	281.08	406.94	270.87	11.77
	176.96	271.98	169.87	288.47	17.95
	311.91	272.96	289.86	318.93	50.98
	258.06	297.01	246.13	325.03	30.46
	142.29	279.10	137.74	289.90	11.72
	314.13	279.06	303.43	300.95	24.36
	368.92	278.95	359.96	295.98	19.24
	158.39	280.18	154.97	290.98	11.33
	415.31	281.18	385.63	333.03	59.75
	248.38	282.10	237.43	310.73	30.65
	131.58	283.15	125.00	304.00	21.86
	318.46	283.99	296.81	327.14	48.27
	207.84	285.93	194.11	319.04	35.84
	252.08	287.03	237.74	320.12	36.06
	162.45	295.07	152.28	318.91	25.92
	381.44	287.98	367.15	313.09	28.90
	120.53	289.17	117.77	298.96	10.17
	182.42	288.98	172.34	312.93	25.98
	415.05	290.02	387.88	335.50	52.98
	188.28	315.05	179.87	334.87	21.52
	234.27	295.11	232.32	300.14	5.39
	325.98	294.99	302.52	338.81	49.70
	166.58	315.97	159.63	337.90	23.01
	212.07	297.03	202.04	322.03	26.93
	253.32	301.40	241.66	326.06	27.27
	260.45	302.88	243.77	340.72	41.35
	214.18	304.26	208.89	314.97	11.94
	131.30	308.09	128.50	316.82	9.17
	217.84	308.12	206.17	338.23	32.29
	122.66	310.11	118.25	321.06	11.80
	162.48	310.19	158.48	323.42	13.81
	234.84	310.89	231.92	318.93	8.55
	415.43	321.25	397.34	354.30	37.67
	265.91	322.23	245.73	371.75	53.48
	151.73	324.02	149.85	329.99	6.25
	153.06	350.99	146.87	367.87	17.98
	344.05	326.03	329.34	352.91	30.64
	167.54	328.13	155.76	356.95	31.13
	220.87	329.94	205.52	369.00	41.97
	299.04	391.01	276.88	431.94	46.55
	278.93	446.97	274.41	454.95	9.17
	247.09	381.98	269.93	332.97	54.08
	277.96	341.02	259.17	382.09	45.17
	360.16	342.94	341.00	378.00	39.95
	147.38	332.15	139.58	352.00	21.33
	140.39	385.02	134.77	401.03	16.97
	189.15	332.06	177.65	360.06	30.26
	231.71	355.02	223.40	375.21	21.83
	350.02	332.01	313.96	397.99	75.19
	133.68	333.27	126.69	352.00	20.00
	171.81	355.99	164.64	373.54	18.96
	412.48	334.00	400.58	353.71	23.02
	122.47	335.16	116.65	349.00	15.01
	273.21	338.07	252.58	380.05	46.77
	354.13	338.08	320.94	397.97	68.47
	223.08	339.04	218.62	348.80	10.74
	214.59	341.27	212.35	346.15	5.37
	304.75	340.89	301.99	346.00	5.81
	192.12	345.04	183.91	364.93	21.51
	226.29	345.15	215.21	371.11	28.23
	326.65	356.91	318.73	373.11	18.04
	217.39	349.80	210.62	366.69	18.20
	355.05	361.48	362.03	350.04	13.40
	278.98	352.99	273.81	363.92	12.10
	228.93	355.46	223.65	369.14	14.67
	197.33	357.12	188.90	376.97	21.56
	370.09	360.04	337.46	415.94	64.73
	233.46	361.88	219.84	392.71	33.71
	279.34	363.40	264.72	393.84	33.77
	284.22	375.05	268.83	402.92	31.85
	135.56	365.19	127.67	385.00	21.32
	128.93	416.00	123.53	431.00	15.94
	151.39	369.16	140.06	401.01	33.80
	221.98	370.00	218.80	376.91	7.61
	137.35	378.14	134.64	385.73	8.06
	363.40	377.78	340.07	419.08	47.44
	381.83	377.93	346.31	437.27	69.15
	339.05	381.03	328.74	400.14	21.72
	237.45	383.36	219.80	426.90	46.98
	174.17	388.08	168.19	404.15	17.15
	194.37	388.16	192.55	393.24	5.39
	254.98	434.00	244.86	454.91	23.23
	240.76	394.13	220.02	437.00	47.63
	124.69	396.24	117.39	412.92	18.21
	197.60	396.66	193.68	405.79	9.93
	174.90	397.97	169.41	414.13	17.07
	242.04	401.03	227.97	428.98	31.30
	274.23	401.13	268.58	410.97	11.35
	178.40	402.22	170.35	423.28	22.55
	205.19	407.02	197.27	423.89	18.63
	192.70	407.81	189.55	414.74	7.62
	245.98	407.99	230.52	439.58	35.17
	402.13	409.07	378.43	448.59	46.08
	157.58	410.96	142.76	447.97	39.87
	146.82	478.01	140.82	492.86	16.01
	307.37	412.07	275.09	469.00	65.44
	403.47	411.61	379.57	448.72	44.14
	313.94	425.97	289.05	470.03	50.61
	209.17	415.06	197.86	440.82	28.13
	247.39	416.26	240.63	431.40	16.58
	178.64	428.06	166.81	457.92	32.12
	288.61	427.96	281.55	441.78	15.52
	358.91	421.02	349.07	439.08	20.57
	249.90	421.93	234.97	449.97	31.77
	315.78	430.87	306.91	445.90	17.45
	411.84	440.85	392.48	469.62	34.68
	302.81	434.82	297.08	444.75	11.46
	125.55	436.17	117.59	454.99	20.43
	211.54	437.41	202.78	456.89	21.36
	262.74	458.96	245.76	490.10	35.47
	246.79	504.97	240.88	515.90	12.43
	204.37	441.03	202.08	446.96	6.35
	415.19	442.14	357.59	526.69	102.31
	321.26	443.84	295.61	486.76	50.00
	215.79	445.97	195.91	486.99	45.58
	305.94	447.98	300.69	456.05	9.62
	376.13	449.09	362.22	471.16	26.09
	222.25	476.01	209.79	502.93	29.67
	140.39	450.97	130.83	480.03	30.59
	157.91	450.97	154.68	459.64	9.25
	389.15	474.00	375.46	493.57	23.89
	242.92	456.96	239.94	462.98	6.71
	317.40	458.12	296.89	490.77	38.55
	213.17	460.08	201.45	486.43	28.84
	415.30	460.20	372.43	521.96	75.18
	284.37	461.21	280.79	467.89	7.57
	371.55	460.74	364.17	471.78	13.28
	373.82	497.86	369.03	504.02	7.81
	187.06	463.02	177.73	484.72	23.62
	218.50	464.20	207.70	486.11	24.43
	330.08	464.06	301.79	513.04	56.56
	142.59	465.24	139.70	473.83	9.06
	149.78	496.92	161.51	469.22	30.09
	345.16	500.14	315.54	543.02	52.11
	264.52	473.03	258.29	483.88	12.51
	231.12	516.98	217.53	542.01	28.48
	217.88	556.96	210.99	567.98	13.00
	273.93	496.00	254.41	529.95	39.16
	254.77	490.08	249.90	498.95	10.12
	267.26	482.14	241.02	529.01	53.71
	126.92	485.16	117.65	505.99	22.81
	415.21	489.15	405.90	501.94	15.82
	269.16	493.84	255.92	516.96	26.64
	203.17	567.94	197.95	578.97	12.21
	146.34	496.99	144.06	503.02	6.45
	313.15	498.05	303.99	511.94	16.64
	189.80	499.15	174.46	530.97	35.32
	167.59	506.09	159.75	523.80	19.37
	403.06	506.05	389.34	526.35	24.50
	144.50	507.23	135.08	530.03	24.68
	190.42	506.97	177.93	531.80	27.79
	267.47	517.98	274.02	507.01	12.78
	129.49	509.10	126.57	515.42	6.96
	257.43	510.32	246.76	528.70	21.25
	192.84	514.91	184.18	532.12	19.26
	279.49	515.19	259.50	547.61	38.09
	337.71	548.82	353.44	526.97	26.92
	146.45	524.21	142.05	536.00	12.59
	277.99	524.00	260.98	551.98	32.75
	195.08	529.03	188.09	542.05	14.78
	167.25	530.09	155.14	561.06	33.25
	415.01	535.01	402.86	550.84	19.96
	285.83	535.93	263.71	572.66	42.87
	317.36	599.90	360.65	539.09	74.65
	235.48	540.15	211.42	580.95	47.36
	149.53	542.94	143.67	557.69	15.87
	168.94	543.21	155.91	568.95	28.86
	239.04	556.01	223.96	582.98	30.90
	196.41	545.97	187.30	561.87	18.33
	168.03	552.02	159.76	568.83	18.73
	334.60	554.11	324.77	567.84	16.89
	367.28	556.25	333.72	602.66	57.27
	170.12	560.06	164.91	571.95	12.97
	369.18	564.15	352.49	587.65	28.83
	296.44	572.06	283.63	592.08	23.77
	321.96	572.94	315.93	580.93	10.01
	225.11	574.07	222.10	579.10	5.86
	242.62	576.05	228.01	600.00	28.06
	171.64	578.25	166.29	587.90	11.03
	151.65	579.25	137.90	605.95	30.03
	168.61	579.21	165.44	585.67	7.19
	379.50	581.25	358.75	608.84	34.52
	132.45	582.00	128.04	592.04	10.98
	195.95	581.97	192.39	587.94	6.95
	192.54	602.02	186.00	614.00	13.65
	242.47	581.85	238.54	588.68	7.87
	377.41	634.32	385.98	623.00	14.20
	375.63	594.22	380.91	586.92	9.01
	282.49	593.00	273.09	609.06	18.61
	204.45	594.23	185.98	625.99	36.74
	292.60	615.69	306.91	594.58	25.50
	289.49	620.01	282.01	631.00	13.30
	247.56	597.08	230.03	628.01	35.55
	150.11	600.07	146.50	608.01	8.73
	191.51	625.03	204.61	602.60	25.98
	357.58	610.91	343.70	627.76	21.82
	293.19	634.14	307.82	614.20	24.74
	133.43	616.02	123.97	633.99	20.30
	200.14	617.10	197.05	622.05	5.84
	395.02	620.02	383.38	633.91	18.12
	211.15	628.11	207.91	633.94	6.68
253
	204.70	100.92	212.21	110.76	12.38
	213.92	113.00	222.39	125.60	15.19
	197.43	91.12	203.66	99.87	10.74
	224.47	128.02	235.37	142.77	18.34
	383.00	97.01	399.03	104.49	17.70
	347.23	170.85	400.91	215.14	69.59
	254.58	104.24	267.99	116.00	17.83
	202.24	105.03	209.72	115.84	13.15
	199.58	152.00	206.53	167.66	17.14
	237.85	145.96	252.13	165.92	24.54
	212.74	121.14	220.52	131.90	13.28
	255.00	170.00	274.00	197.00	33.02
	275.82	123.13	290.62	136.92	20.23
	185.36	129.85	195.80	158.87	30.83
	208.13	171.00	217.52	189.84	21.06
	191.40	136.05	197.92	149.04	14.53
	393.94	136.09	400.07	139.89	7.21
	223.68	136.93	231.08	147.95	13.27
	409.95	138.19	414.86	141.20	5.77
	279.97	206.02	306.46	240.57	43.53
	407.99	141.01	414.99	145.01	8.06
	174.59	162.98	183.67	190.87	29.33
	406.07	144.88	414.94	149.57	10.04
	303.87	148.12	310.45	154.00	8.83
	288.62	205.05	292.37	210.42	6.55
	369.15	181.03	376.80	188.21	10.49
	403.00	151.51	415.04	158.94	14.14
	230.23	217.88	219.13	194.97	25.47
	237.07	156.96	245.95	170.03	15.80
	312.95	156.06	318.07	160.90	7.05
	192.83	212.01	200.47	233.93	23.21
	185.71	190.03	191.07	207.97	18.72
	397.26	161.98	402.19	165.82	6.24
	163.60	194.02	169.71	224.86	31.43
	248.30	256.82	234.04	226.98	33.07
	207.21	181.12	213.15	193.93	14.12
	342.77	183.24	359.84	198.76	23.07
	272.46	183.95	275.74	188.84	5.89
	310.28	248.04	351.92	306.12	71.47
	380.05	190.93	393.28	202.76	17.75
	184.17	196.96	189.16	212.97	16.77
	201.71	238.97	210.10	265.97	28.27
	217.90	205.04	225.10	220.97	17.48
	398.39	205.70	404.08	210.91	7.72
	373.02	209.98	380.98	218.03	11.32
	251.69	263.99	273.27	309.77	50.61
	275.96	215.02	286.50	231.00	19.14
	369.94	215.66	375.97	221.01	8.05
	303.81	218.13	307.33	223.42	6.36
	299.35	220.70	305.06	228.96	10.04
	351.90	221.08	356.85	226.15	7.08
	191.56	222.12	196.70	238.05	16.74
	143.14	252.00	146.80	287.97	36.15
	364.17	227.83	368.85	232.97	6.96
	158.74	262.05	164.71	293.05	31.57
	229.76	233.01	238.38	251.06	20.00
	212.85	273.99	224.50	310.81	38.62
	358.66	317.07	415.16	399.88	100.25
	403.05	238.95	412.44	248.36	13.30
	248.32	239.94	251.42	245.82	6.65
	293.42	243.10	298.05	249.96	8.28
	198.86	246.99	206.19	268.95	23.15
	373.54	320.01	381.56	331.95	14.39
	185.18	281.97	191.90	311.03	29.82
	357.62	252.24	363.05	257.97	7.88
	213.19	253.01	215.28	258.95	6.29
	349.16	253.85	360.04	266.97	17.04
	356.06	253.95	362.03	260.97	9.22
	133.76	280.01	136.26	317.97	38.05
	305.69	260.00	339.86	312.13	62.34
	348.72	260.29	357.59	270.72	13.68
	277.08	318.98	306.00	382.00	69.34
	342.78	269.05	346.97	274.03	6.51
	227.33	318.94	244.51	371.58	55.37
	147.18	294.03	150.51	320.00	26.18
	338.95	273.03	349.34	287.88	18.13
	249.07	275.97	258.00	296.00	21.93
	340.46	280.68	347.36	290.77	12.23
	209.38	282.00	216.28	309.13	28.00
	124.77	305.00	126.17	345.98	41.01
	270.04	284.00	275.03	293.99	11.17
	193.89	319.98	202.59	359.98	40.93
	183.72	293.05	188.33	314.00	21.45
	387.68	297.32	394.55	305.96	11.04
	116.65	321.97	116.12	346.01	24.05
	323.70	310.12	330.80	320.83	12.85
	326.76	310.19	332.56	318.86	10.43
	321.40	312.37	329.17	323.95	13.95
	319.86	319.07	326.26	329.58	12.31
	137.52	325.99	138.00	350.00	24.01
	155.06	357.99	155.47	363.97	5.99
	190.91	327.99	195.40	359.21	31.54
	205.16	370.04	217.46	425.83	57.13
	279.81	345.09	298.89	390.06	48.84
	269.19	451.93	247.23	382.92	72.42
	273.22	331.11	277.47	340.02	9.87
	311.37	330.05	318.71	344.92	16.58
	319.15	329.93	322.31	335.98	6.83
	351.71	331.09	359.89	342.07	13.70
	139.14	353.01	140.47	384.00	31.02
	224.90	332.03	231.59	353.93	22.90
	313.95	399.02	361.26	502.86	114.12
	126.38	353.01	127.01	380.00	26.99
	168.61	333.00	171.85	355.02	22.25
	393.11	332.94	399.13	341.88	10.77
	116.44	349.99	115.78	375.04	25.06
	249.94	336.03	251.99	342.00	6.32
	389.68	338.14	395.43	346.30	9.99
	302.05	346.98	310.07	363.97	18.79
	243.43	342.01	247.29	352.90	11.55
	215.04	372.02	218.34	387.94	16.26
	362.87	345.08	369.36	356.03	12.73
	240.63	347.25	243.49	355.26	8.51
	397.58	355.43	415.46	380.70	30.95
	404.36	356.60	415.20	371.84	18.70
	336.99	416.99	344.59	434.77	19.33
	374.96	362.02	381.69	373.14	12.99
	116.69	379.00	116.30	411.00	32.00
	280.38	364.24	284.41	373.95	10.52
	372.52	364.27	380.07	375.96	13.92
	127.34	385.96	128.60	415.02	29.08
	153.35	366.04	156.73	391.97	26.15
	268.32	369.81	270.03	374.99	5.46
	371.65	370.25	376.49	378.02	9.15
	173.46	370.95	177.12	401.10	30.37
	164.36	374.98	165.24	380.96	6.05
	286.96	378.01	292.78	391.06	14.29
	346.03	438.03	359.68	467.98	32.91
	201.28	379.99	205.81	405.97	26.37
	386.87	380.10	397.49	398.35	21.12
	328.30	401.13	334.50	413.99	14.27
	179.34	383.11	183.12	405.98	23.17
	184.97	417.00	194.15	473.96	57.69
	227.95	383.01	229.28	388.97	6.10
	384.98	383.01	400.03	405.95	27.44
	225.76	387.03	227.40	394.02	7.19
	242.44	392.09	254.85	433.05	42.80
	244.57	456.04	250.17	473.96	18.77
	219.98	438.00	237.75	514.89	78.92
	219.38	395.08	222.23	405.94	11.22
	116.83	413.98	117.04	445.00	31.02
	276.90	396.03	282.54	413.97	18.80
	377.99	396.00	384.72	408.13	13.87
	398.81	399.08	403.27	405.13	7.51
	385.75	400.12	388.60	405.24	5.86
	268.48	412.01	274.09	429.97	18.82
	374.68	401.98	382.03	414.98	14.94
	333.85	403.04	337.19	409.82	7.56
	275.51	406.97	279.14	416.00	9.74
	373.32	408.78	381.14	422.93	16.17
	140.04	494.06	140.11	500.99	6.93
	369.09	410.96	376.57	422.16	13.47
	275.11	469.96	308.14	573.96	109.12
	408.02	411.99	415.21	422.86	13.03
	309.00	413.00	314.11	425.00	13.04
	288.68	471.10	293.26	484.91	14.56
	346.03	412.99	350.43	422.83	10.78
	405.56	414.32	410.65	422.27	9.44
	158.06	415.00	160.29	441.09	26.18
	365.92	417.03	377.89	440.06	25.96
	361.32	419.09	374.29	444.85	28.84
	170.21	423.97	171.13	429.98	6.08
	180.89	426.98	185.86	453.01	26.50
	212.34	428.12	214.15	435.08	7.19
	205.16	432.95	206.45	438.93	6.12
	163.32	435.07	164.14	440.98	5.97
	117.18	456.01	118.36	497.07	41.08
	256.83	437.05	262.88	458.02	21.82
	351.88	440.01	362.42	460.05	22.64
	362.23	440.10	364.51	445.27	5.65
	230.99	441.00	232.06	446.99	6.08
	294.87	487.90	300.04	505.99	18.81
	324.69	445.15	328.07	451.97	7.61
	343.75	445.19	348.39	453.64	9.64
	195.85	488.02	210.33	567.37	80.66
	323.66	448.96	329.14	460.89	13.13
	216.79	450.05	222.13	474.96	25.48
	154.21	460.99	155.04	467.00	6.06
	363.81	472.90	373.95	497.01	26.15
	162.76	467.96	165.78	503.00	35.17
	238.19	468.95	243.31	488.99	20.68
	332.31	469.07	345.04	499.03	32.55
	125.24	473.00	125.13	478.99	5.99
	120.70	475.13	120.51	482.89	7.77
	185.02	477.00	185.74	482.99	6.04
	222.71	479.17	230.94	516.05	37.79
	268.87	478.99	273.95	495.01	16.80
	253.95	530.97	256.79	544.94	14.26
	168.28	480.10	173.10	518.98	39.18
	129.21	481.04	132.30	512.01	31.12
	240.83	529.99	264.03	633.99	106.56
	117.51	507.00	117.40	564.04	57.04
	177.48	486.02	179.21	495.98	10.11
	405.83	503.03	415.23	521.89	21.08
	192.47	495.21	203.06	566.97	72.54
	197.35	579.95	199.08	589.97	10.17
	315.59	495.07	324.62	522.70	29.07
	147.34	510.01	148.98	531.00	21.05
	174.22	532.01	183.69	613.73	82.26
	218.93	508.02	222.48	529.09	21.37
	302.89	513.74	311.72	540.99	28.65
	183.97	532.98	184.86	541.00	8.07
	258.76	548.77	262.54	567.90	19.50
	167.03	516.00	167.29	526.03	10.03
	309.80	518.07	311.89	525.10	7.34
	212.36	518.98	215.10	539.99	21.18
	159.42	525.01	160.70	534.98	10.05
	388.77	527.04	400.93	554.07	29.65
	130.44	533.97	130.72	541.95	7.98
	118.07	567.01	118.31	629.95	62.95
	151.48	536.00	151.67	543.03	7.03
	263.15	574.11	270.57	603.00	29.83
	397.60	535.94	402.62	547.68	12.76
	362.39	538.13	404.24	633.93	104.54
	170.34	539.95	172.58	573.14	33.27
	211.03	582.01	219.13	633.98	52.60
	402.94	558.02	415.34	583.84	28.64
	143.13	558.68	143.56	570.99	12.33
	236.25	543.06	239.07	554.99	12.25
	223.42	583.96	225.38	597.95	14.13
	131.31	545.02	134.31	581.00	36.11
	268.09	544.95	269.75	552.02	7.26
	152.50	547.02	153.53	558.00	11.03
	304.08	547.95	306.45	555.92	8.31
	210.24	549.95	212.42	560.95	11.22
	308.74	555.07	315.36	577.85	23.72
	333.02	603.00	341.68	631.14	29.44
	194.47	557.00	195.70	573.03	16.08
	292.40	558.06	295.71	568.94	11.37
	275.11	559.98	281.83	587.03	27.87
	188.42	565.00	190.68	585.10	20.23
	128.95	572.14	128.73	583.01	10.87
	269.76	573.04	271.97	580.02	7.32
	174.62	573.93	178.39	612.00	38.26
	268.53	579.20	273.93	597.90	19.47
	191.96	588.97	192.62	600.99	12.04
	151.92	584.01	154.98	634.00	50.09
	347.82	585.13	356.38	608.89	25.26
	386.19	621.91	375.85	595.08	28.75
	155.27	589.05	158.71	634.03	45.11
	206.46	591.23	208.76	607.02	15.97
	127.72	593.02	128.30	602.99	9.99
	272.93	609.96	278.82	634.09	24.83
	236.71	597.75	238.30	604.14	6.59
	168.73	628.13	167.11	606.00	22.19
	340.33	611.01	342.80	617.04	6.52
	309.18	613.02	316.02	633.99	22.06
	240.31	614.98	243.96	634.00	19.37
	320.96	615.02	323.80	623.05	8.52
	252.16	617.97	254.90	631.02	13.34
	262.78	618.11	265.10	626.04	8.26
	134.53	620.01	135.50	632.01	12.05
	238.80	626.03	240.79	634.04	8.26
124
	347.23	170.85	400.91	215.14	69.59
	210.39	117.00	199.94	150.98	35.55
	303.87	148.12	310.45	154.00	8.83
	312.95	156.06	318.07	160.90	7.05
	399.02	158.38	405.03	160.93	6.53
	195.77	161.10	185.95	188.99	29.57
	199.56	169.18	191.40	190.96	23.25
	392.01	168.99	405.96	177.06	16.11
	342.77	183.24	359.84	198.76	23.07
	179.04	189.02	173.32	204.89	16.88
	183.10	193.00	169.14	232.07	41.50
	189.70	213.94	178.60	257.10	44.57
	309.65	204.33	314.10	210.92	7.95
	162.45	206.13	157.01	216.89	12.05
	184.94	207.97	177.66	226.53	19.93
	164.35	216.13	158.33	231.94	16.92
	369.94	215.66	375.97	221.01	8.05
	303.81	218.13	307.33	223.42	6.36
	351.90	221.08	356.85	226.15	7.08
	351.82	289.90	357.29	299.12	10.73
	364.17	227.83	368.85	232.97	6.96
	172.82	229.05	159.26	260.96	34.68
	150.82	236.91	147.01	244.78	8.74
	358.66	317.07	415.16	399.88	100.25
	403.05	238.95	412.44	248.36	13.30
	171.22	245.08	166.32	259.94	15.65
	153.33	248.13	147.76	261.92	14.87
	373.54	320.01	381.56	331.95	14.39
	324.01	252.99	327.70	259.90	7.83
	349.16	253.85	360.04	266.97	17.04
	356.06	253.95	362.03	260.97	9.22
	173.82	259.92	164.45	285.86	27.58
	156.28	270.11	147.70	293.02	24.47
	150.85	321.00	148.23	328.10	7.57
	365.61	270.30	370.10	276.91	7.99
	289.12	320.07	291.79	328.89	9.22
	338.95	273.03	349.34	287.88	18.13
	142.29	279.10	137.74	289.90	11.72
	158.39	280.18	154.97	290.98	11.33
	340.46	280.68	347.36	290.77	12.23
	385.18	334.11	394.51	349.98	18.41
	171.98	313.99	169.59	328.07	14.28
	166.58	315.97	159.63	337.90	23.01
	387.68	297.32	394.55	305.96	11.04
	241.21	326.86	241.97	336.01	9.19
	144.97	303.17	134.09	328.04	27.14
	122.66	310.11	118.25	321.06	11.80
	162.48	310.19	158.48	323.42	13.81
	146.19	313.09	143.96	320.98	8.20
	405.64	312.69	411.26	320.49	9.60
	268.07	315.02	268.87	320.95	5.98
	151.73	324.02	149.85	329.99	6.25
	276.38	432.94	279.16	446.00	13.36
	258.77	383.15	260.21	394.99	11.93
	340.38	378.92	342.94	387.01	8.50
	140.39	385.02	134.77	401.03	16.97
	133.68	333.27	126.69	352.00	20.00
	393.11	332.94	399.13	341.88	10.77
	122.47	335.16	116.65	349.00	15.01
	389.68	338.14	395.43	346.30	9.99
	149.15	345.06	146.48	356.33	11.57
	362.87	345.08	369.36	356.03	12.73
	167.38	347.17	164.45	360.95	14.09
	323.72	349.05	326.20	355.88	7.27
	407.01	349.99	415.23	362.82	15.24
	397.58	355.43	415.46	380.70	30.95
	404.36	356.60	415.20	371.84	18.70
	374.96	362.02	381.69	373.14	12.99
	264.31	394.93	265.17	410.00	15.09
	128.93	416.00	123.53	431.00	15.94
	156.93	393.01	150.43	416.03	23.92
	143.72	427.96	137.29	448.99	21.99
	200.20	370.09	198.48	381.77	11.81
	365.00	376.00	370.93	390.04	15.24
	137.35	378.14	134.64	385.73	8.06
	386.87	380.10	397.49	398.35	21.12
	153.20	383.11	150.59	395.20	12.37
	383.24	386.88	396.20	410.87	27.27
	377.99	396.00	384.72	408.13	13.87
	385.75	400.12	388.60	405.24	5.86
	137.61	404.03	129.52	430.97	28.12
	125.06	408.03	122.30	417.42	9.79
	346.03	412.99	350.43	422.83	10.78
	405.56	414.32	410.65	422.27	9.44
	179.99	417.00	178.88	426.95	10.01
	139.42	418.14	137.45	426.34	8.43
	286.88	419.02	288.40	427.08	8.20
	317.74	433.23	319.80	441.92	8.93
	357.17	431.97	366.91	456.05	25.98
	202.32	457.91	201.50	468.23	10.35
	362.23	440.10	364.51	445.27	5.65
	155.73	440.97	153.94	451.00	10.19
	272.31	441.12	273.50	449.02	8.00
	379.52	451.05	389.18	472.92	23.90
	319.18	458.13	322.54	468.97	11.34
	162.45	459.04	161.30	467.14	8.18
	302.34	459.03	303.39	466.15	7.20
	363.81	472.90	373.95	497.01	26.15
	128.21	465.06	126.26	472.27	7.47
	314.94	543.96	322.50	572.10	29.14
	215.41	478.86	215.14	483.96	5.11
	254.08	480.96	254.79	489.08	8.15
	405.83	503.03	415.23	521.89	21.08
	347.63	503.97	352.22	522.64	19.23
	129.08	519.02	126.40	531.99	13.23
	279.98	521.00	281.35	530.03	9.13
	261.72	526.11	262.09	532.82	6.72
	388.77	527.04	400.93	554.07	29.65
	372.44	527.69	374.97	535.01	7.74
	328.82	530.04	335.16	552.96	23.78
	133.55	535.01	132.86	540.03	5.06
	224.82	535.07	225.16	542.92	7.86
	397.60	535.94	402.62	547.68	12.76
	155.34	569.92	154.41	580.05	10.17
	128.83	568.92	131.37	559.34	9.92
	241.04	558.99	242.20	574.21	15.26
	227.69	600.78	229.00	620.00	19.26
	137.33	606.91	136.35	615.00	8.14
	298.83	579.05	301.01	597.00	18.08
	185.45	626.96	185.10	633.99	7.04
	265.62	595.79	266.86	606.95	11.23
	172.60	603.00	171.96	620.98	17.99
	131.51	605.30	129.16	616.01	10.97
	149.70	619.85	147.07	634.00	14.38
