vx	vy	vz	score	numLines
0.99999992	0.00039699	0.00000472	5125.57	421
-0.27316471	0.96196686	-0.00089652	4031.10	357
0.94915980	0.31479412	0.00057474	670.88	150

nLines	x1	y1	x2	y2	length
421
	9.08	9.12	629.94	9.07	620.85
	509.16	12.16	516.24	12.25	7.09
	291.02	44.10	302.02	43.38	11.03
	321.71	42.48	312.00	43.03	9.73
	169.06	42.75	177.70	42.60	8.65
	283.00	45.86	289.03	45.91	6.03
	389.99	50.04	398.79	50.36	8.80
	581.13	52.44	588.01	52.14	6.89
	599.85	56.47	592.95	56.72	6.90
	62.18	68.35	53.99	68.08	8.20
	349.93	79.13	356.47	79.45	6.55
	472.01	110.99	479.11	111.20	7.11
	151.98	85.26	156.99	85.55	5.01
	449.45	86.46	455.04	86.48	5.59
	590.88	87.15	596.91	86.75	6.04
	184.99	94.27	203.02	93.07	18.06
	196.99	90.32	204.04	90.59	7.06
	431.01	90.27	437.02	90.35	6.00
	60.01	93.02	67.03	92.59	7.03
	430.99	93.18	453.98	93.49	23.00
	479.67	98.71	473.97	99.04	5.71
	572.00	96.01	581.99	95.96	9.99
	590.97	97.08	607.93	96.89	16.96
	507.99	107.39	498.36	107.61	9.63
	597.09	100.21	586.15	100.56	10.95
	470.01	131.03	447.02	130.83	22.99
	617.98	107.96	628.00	107.99	10.02
	100.83	108.36	107.66	108.34	6.83
	600.13	132.75	612.94	132.38	12.82
	105.02	115.05	118.96	114.12	13.97
	125.93	115.79	132.14	115.67	6.21
	272.27	119.56	295.01	118.62	22.76
	301.15	118.39	330.98	118.27	29.83
	324.92	121.36	313.01	121.89	11.92
	81.08	122.83	91.97	122.87	10.89
	298.69	122.71	310.98	122.10	12.30
	99.00	122.98	124.00	123.04	25.00
	629.99	149.99	597.01	148.97	32.99
	163.00	130.00	176.02	129.29	13.04
	50.99	130.86	57.90	130.70	6.90
	317.96	130.92	333.91	130.71	15.96
	460.14	134.46	468.02	134.78	7.89
	50.03	134.55	56.01	134.90	5.99
	487.08	140.72	502.13	141.68	15.08
	63.17	145.07	55.04	145.60	8.15
	376.01	138.94	420.92	139.29	44.91
	573.98	136.96	590.00	136.76	16.02
	597.89	141.80	583.08	141.62	14.81
	214.17	140.38	277.02	137.77	62.90
	341.92	138.70	349.02	138.42	7.10
	211.26	144.19	203.04	144.46	8.22
	360.00	140.21	372.00	139.99	12.00
	444.87	139.26	437.12	139.79	7.76
	170.10	142.11	182.77	141.37	12.69
	421.96	144.97	431.96	145.43	10.01
	448.99	141.98	460.16	141.80	11.17
	109.27	142.50	115.17	142.65	5.90
	548.99	142.04	559.00	141.95	10.01
	164.03	145.22	195.02	145.18	30.99
	551.84	144.57	559.03	144.59	7.19
	447.04	146.43	476.00	147.01	28.97
	19.06	146.44	48.01	147.01	28.96
	107.06	146.73	113.99	146.70	6.93
	409.01	147.95	418.02	147.86	9.01
	234.03	151.34	240.98	151.20	6.95
	522.13	151.58	531.00	151.96	8.88
	273.01	151.65	279.98	151.77	6.98
	312.99	152.17	320.00	152.01	7.02
	353.99	152.18	360.00	152.07	6.02
	393.98	152.28	400.00	152.28	6.02
	234.04	157.59	241.04	157.68	7.00
	281.11	157.26	274.01	157.68	7.11
	313.02	157.80	321.05	157.54	8.04
	353.99	158.16	361.00	158.14	7.00
	394.01	158.06	401.05	158.39	7.05
	523.99	159.92	532.00	159.97	8.01
	213.93	161.12	224.97	161.70	11.06
	607.01	160.66	613.05	160.62	6.03
	314.01	163.50	320.90	163.67	6.89
	369.00	165.61	375.46	165.51	6.46
	22.01	165.08	38.99	166.04	17.00
	133.98	173.66	71.00	173.69	62.98
	87.00	167.00	113.98	167.61	26.99
	214.00	166.82	138.00	168.83	76.02
	215.98	167.51	226.00	167.72	10.02
	601.16	168.79	628.00	169.44	26.84
	73.96	168.18	80.98	168.08	7.02
	245.00	167.90	255.99	168.12	10.99
	271.00	168.01	281.00	167.98	10.00
	285.00	168.07	297.95	168.10	12.94
	362.02	168.50	351.98	168.51	10.03
	366.00	168.20	379.98	168.55	13.98
	10.00	169.83	58.01	168.96	48.01
	335.03	173.71	302.04	173.32	32.99
	393.00	169.07	402.00	169.11	9.00
	407.00	168.96	417.02	169.11	10.02
	423.02	168.89	498.86	170.22	75.85
	512.02	168.55	534.99	169.29	22.99
	539.00	169.40	553.00	170.03	14.01
	417.01	174.21	383.01	173.84	34.00
	222.97	173.65	253.74	172.44	30.79
	560.00	171.38	572.97	170.55	12.99
	562.00	176.04	571.01	176.37	9.02
	601.32	171.27	584.99	171.72	16.34
	193.06	172.31	211.00	172.02	17.94
	296.01	172.39	260.00	173.24	36.02
	605.01	171.98	628.01	172.85	23.01
	9.99	173.06	28.99	173.20	19.00
	31.06	173.29	39.01	173.59	7.96
	370.33	173.29	343.07	173.65	27.26
	371.76	173.25	378.71	173.36	6.95
	444.90	173.53	479.00	174.16	34.11
	496.96	175.31	507.99	175.68	11.04
	514.01	174.96	554.02	175.63	40.01
	426.99	175.58	438.00	176.05	11.02
	582.83	174.79	600.97	175.92	18.17
	603.95	177.16	628.99	176.21	25.06
	77.05	177.76	106.89	177.31	29.84
	224.95	176.86	239.00	177.19	14.06
	248.74	177.56	324.03	177.22	75.29
	331.01	177.97	362.93	178.36	31.92
	364.00	179.84	394.01	177.79	30.07
	403.96	181.51	386.02	180.92	17.95
	215.00	179.82	231.94	180.29	16.95
	520.96	179.47	553.06	180.42	32.11
	143.99	179.97	149.01	179.92	5.01
	569.88	180.40	574.94	180.42	5.06
	180.98	181.68	188.78	181.63	7.79
	234.08	181.49	245.99	180.78	11.93
	276.10	181.08	291.07	181.36	14.98
	511.05	181.44	499.97	181.59	11.08
	584.17	181.14	590.00	180.86	5.83
	488.01	182.05	493.99	182.15	5.98
	559.05	182.75	574.99	183.66	15.97
	125.95	184.46	137.02	184.72	11.07
	179.08	186.11	187.78	186.41	8.70
	45.18	186.34	52.04	186.34	6.86
	90.04	187.20	104.09	186.35	14.08
	198.98	185.69	206.01	186.12	7.04
	449.02	187.53	456.07	187.83	7.05
	466.00	187.97	472.87	188.20	6.88
	488.00	188.02	495.98	187.80	7.98
	449.81	199.36	457.01	199.74	7.22
	606.01	190.10	612.09	189.77	6.08
	263.34	191.50	270.85	191.57	7.51
	280.10	191.33	286.83	191.55	6.74
	347.12	191.82	354.72	192.32	7.62
	321.95	191.75	328.96	192.10	7.02
	363.97	191.87	371.04	191.88	7.07
	406.02	192.11	413.00	192.00	6.98
	501.00	193.19	507.03	193.51	6.03
	540.00	194.52	545.91	194.18	5.92
	563.00	193.89	568.82	194.27	5.83
	490.88	201.49	497.05	201.36	6.17
	222.00	203.00	228.01	202.93	6.01
	238.04	203.23	244.02	203.34	5.98
	279.94	203.46	286.00	203.09	6.08
	306.00	202.99	312.00	203.04	6.00
	322.02	203.27	328.00	203.15	5.98
	348.00	203.03	354.01	203.18	6.01
	364.98	203.61	371.03	203.68	6.05
	407.00	203.96	414.11	203.89	7.12
	503.00	204.92	508.00	205.07	5.01
	37.98	207.79	48.91	207.67	10.93
	138.00	208.09	145.97	207.78	7.97
	191.95	207.84	203.99	208.20	12.04
	152.03	211.84	197.03	210.44	45.02
	429.09	209.81	439.00	209.91	9.91
	485.04	210.87	498.99	210.28	13.96
	28.96	211.23	37.16	211.73	8.21
	591.94	211.41	600.00	211.78	8.07
	618.96	212.45	625.00	212.18	6.05
	221.30	212.70	226.92	212.81	5.61
	481.00	213.99	490.02	214.06	9.02
	38.48	214.34	17.00	215.74	21.52
	494.00	213.94	500.00	213.93	6.01
	136.72	215.43	144.01	215.22	7.29
	70.99	218.55	62.99	218.78	8.01
	154.98	216.16	165.99	216.42	11.01
	551.97	215.75	562.01	215.78	10.03
	214.96	219.38	244.98	218.74	30.03
	450.11	218.77	463.99	218.54	13.88
	258.00	219.99	288.05	220.35	30.05
	302.00	218.99	332.05	220.65	30.09
	506.02	219.30	512.08	219.64	6.06
	82.01	221.32	108.92	220.80	26.91
	345.95	220.58	369.96	220.65	24.01
	611.01	219.99	628.96	220.31	17.95
	505.86	221.35	516.14	221.50	10.28
	11.00	225.37	23.72	225.68	12.73
	159.99	225.93	180.97	226.97	21.01
	493.96	226.39	499.98	226.35	6.02
	594.99	227.17	603.00	227.02	8.01
	577.00	228.67	584.06	228.77	7.06
	458.92	228.66	479.98	229.95	21.09
	264.06	230.60	285.26	231.21	21.20
	623.02	230.41	628.04	230.64	5.02
	10.99	231.27	20.96	231.74	9.99
	308.00	231.03	325.99	231.45	17.99
	161.02	233.12	178.01	232.03	17.02
	119.99	232.91	130.01	233.24	10.02
	225.18	233.36	231.98	233.71	6.82
	478.16	234.44	462.00	234.89	16.17
	163.23	236.26	174.03	236.20	10.79
	268.34	235.70	284.03	236.44	15.71
	16.99	241.91	10.00	242.27	7.00
	508.99	237.31	516.97	237.12	7.98
	358.01	237.90	367.00	237.96	8.99
	461.99	238.50	473.81	239.31	11.85
	224.94	240.15	235.01	240.55	10.07
	311.10	241.21	323.01	241.59	11.91
	367.02	241.82	356.03	241.53	10.99
	9.19	253.02	14.98	253.22	5.80
	461.97	246.34	475.09	246.48	13.11
	99.98	247.64	106.04	247.87	6.06
	449.99	246.83	454.99	246.99	5.01
	267.00	248.02	280.05	248.24	13.05
	88.01	259.02	83.00	258.89	5.01
	355.02	248.68	367.00	249.12	11.99
	509.00	250.46	515.99	250.36	6.99
	486.07	254.65	492.91	254.40	6.85
	30.03	254.76	36.03	254.90	6.01
	122.00	259.07	127.00	258.89	5.00
	227.01	260.16	234.00	260.13	6.99
	512.00	262.98	518.02	263.22	6.03
	500.03	265.94	505.98	266.16	5.96
	18.01	266.94	25.00	266.99	6.99
	15.02	269.34	23.01	269.41	7.99
	94.02	276.49	69.96	275.88	24.06
	449.90	271.51	461.99	271.69	12.09
	605.13	271.23	612.01	270.87	6.89
	619.04	272.77	629.00	272.77	9.96
	260.99	275.97	283.00	276.11	22.01
	619.87	275.50	627.99	275.92	8.14
	320.72	276.29	330.98	276.12	10.26
	10.01	276.81	21.01	276.82	11.00
	99.91	277.50	94.02	277.67	5.89
	464.08	277.34	471.02	277.33	6.94
	123.02	278.33	128.76	278.56	5.74
	30.02	278.91	10.98	279.75	19.06
	455.86	278.61	506.93	280.47	51.09
	260.99	280.81	268.05	280.43	7.07
	270.98	280.42	280.08	280.70	9.11
	83.95	280.72	90.00	280.60	6.05
	307.00	281.21	325.93	281.20	18.93
	353.00	281.79	367.06	281.33	14.06
	11.00	284.12	36.00	282.99	25.03
	108.03	285.68	113.97	285.43	5.95
	141.02	284.06	160.00	284.43	18.99
	252.94	284.14	258.00	284.17	5.06
	67.98	285.23	97.01	285.19	29.03
	344.96	285.35	349.99	285.64	5.04
	610.02	285.35	628.00	286.07	17.99
	101.02	285.57	107.03	285.76	6.02
	234.91	288.45	255.08	287.77	20.18
	281.02	288.58	297.05	287.56	16.06
	347.03	288.64	363.90	288.49	16.87
	464.01	288.17	496.05	288.43	32.04
	321.99	288.98	334.00	289.21	12.01
	70.99	289.88	76.99	290.12	6.00
	625.01	318.21	611.35	318.56	13.66
	613.00	291.05	628.00	291.89	15.01
	10.99	293.12	20.94	292.85	9.96
	108.92	311.90	100.00	311.57	8.92
	486.04	292.63	492.10	292.86	6.06
	358.04	299.14	366.00	299.03	7.96
	69.00	300.04	75.01	299.89	6.01
	83.97	300.23	88.99	300.27	5.01
	470.57	311.71	465.10	311.51	5.48
	313.08	305.21	321.02	304.95	7.95
	10.99	311.09	17.02	310.80	6.03
	82.02	310.86	89.04	311.17	7.03
	119.05	311.10	124.98	311.41	5.94
	71.04	319.21	93.14	320.67	22.15
	308.98	312.75	326.99	311.91	18.03
	456.11	315.19	462.00	314.78	5.91
	465.02	316.21	498.98	316.82	33.97
	513.45	316.43	521.04	315.91	7.61
	137.99	317.04	157.99	317.02	20.00
	229.99	317.24	239.02	317.63	9.03
	263.07	317.68	283.98	318.17	20.92
	304.96	317.86	324.00	317.98	19.04
	348.09	320.45	366.03	319.32	17.97
	126.69	320.52	133.85	320.56	7.16
	467.90	321.66	499.99	321.40	32.09
	70.07	323.10	89.15	323.75	19.09
	611.28	323.81	625.76	323.47	14.48
	261.88	324.75	282.95	324.71	21.07
	141.15	325.55	148.99	325.51	7.83
	152.03	326.04	157.02	325.74	5.00
	306.01	324.96	329.02	325.31	23.02
	350.90	325.62	366.07	325.44	15.17
	84.99	332.46	77.99	332.95	7.02
	100.02	328.96	105.94	329.31	5.93
	487.97	329.67	497.05	330.28	9.10
	307.01	337.95	314.99	337.77	7.99
	466.99	338.54	474.99	338.45	8.00
	307.00	342.24	316.02	342.56	9.02
	608.10	377.54	597.98	378.17	10.14
	96.00	349.57	101.99	349.70	5.99
	355.00	352.39	364.07	352.35	9.07
	287.96	355.21	302.06	355.60	14.11
	320.14	355.76	329.93	355.50	9.79
	362.08	361.36	356.02	361.26	6.06
	266.94	356.56	280.99	355.81	14.08
	143.82	361.77	149.98	361.92	6.16
	260.00	361.27	266.01	361.36	6.00
	138.95	366.17	150.00	366.88	11.07
	283.05	377.20	258.03	376.74	25.03
	488.93	372.33	497.92	372.70	8.99
	69.01	373.43	75.75	373.40	6.73
	241.02	373.32	246.97	373.41	5.95
	354.00	372.98	360.97	372.68	6.98
	287.01	374.25	296.95	374.37	9.95
	334.01	375.82	341.01	375.86	7.00
	344.07	376.26	364.00	377.07	19.94
	472.00	376.02	480.00	376.50	8.01
	298.04	377.80	325.04	377.36	27.00
	333.91	399.05	359.99	397.89	26.10
	140.82	379.72	146.90	379.89	6.09
	335.87	380.43	363.03	379.95	27.16
	108.01	382.93	119.96	383.52	11.96
	338.07	383.72	353.23	383.50	15.16
	259.85	385.10	285.10	385.39	25.25
	295.94	399.58	324.01	398.91	28.08
	315.99	385.61	322.99	385.47	7.00
	356.03	384.91	362.03	385.14	6.00
	615.98	386.59	628.97	386.46	13.00
	109.00	387.01	118.00	387.55	9.02
	70.96	388.35	79.03	388.23	8.08
	532.95	388.75	544.00	388.49	11.05
	512.03	390.47	520.96	390.56	8.93
	94.03	399.43	78.01	398.90	16.03
	520.94	393.05	531.00	393.63	10.08
	601.00	394.81	627.98	393.28	27.03
	463.77	397.38	473.89	396.77	10.13
	490.01	397.22	498.02	397.37	8.01
	501.94	398.28	509.00	397.97	7.07
	612.14	398.17	629.01	397.95	16.87
	259.99	397.93	285.97	398.86	26.00
	510.99	398.02	534.00	397.81	23.01
	119.74	398.87	145.95	400.21	26.24
	522.02	400.69	545.03	402.22	23.05
	609.99	401.77	626.94	402.08	16.95
	464.06	401.52	483.95	401.70	19.90
	489.01	401.77	494.99	401.62	5.98
	317.12	402.67	326.99	403.31	9.89
	332.98	402.67	359.07	402.80	26.09
	311.72	406.20	304.14	406.36	7.58
	465.85	405.41	474.01	405.61	8.16
	482.00	404.97	518.03	404.74	36.03
	235.00	405.79	241.99	405.52	6.99
	324.96	406.34	349.00	407.85	24.08
	354.03	407.31	365.00	406.79	10.98
	487.02	409.72	511.01	408.48	24.03
	270.04	409.18	277.01	409.35	6.97
	341.97	409.38	347.06	409.36	5.08
	613.12	411.28	628.01	412.14	14.92
	64.94	411.77	72.05	411.78	7.11
	439.00	415.95	548.98	415.74	109.98
	63.00	415.85	74.00	415.99	11.00
	108.00	415.02	152.99	416.45	45.01
	234.00	418.05	374.98	415.09	141.01
	81.02	417.04	108.34	417.48	27.32
	618.99	417.05	625.90	416.79	6.91
	319.94	420.29	326.26	420.61	6.33
	264.05	421.98	284.89	421.31	20.85
	355.00	421.93	365.12	421.61	10.12
	322.08	425.35	329.01	425.29	6.94
	143.92	425.87	149.08	426.13	5.18
	79.87	429.25	97.99	429.13	18.12
	133.13	431.08	139.74	430.86	6.61
	142.03	429.45	154.02	430.04	12.00
	245.96	430.13	263.03	431.16	17.10
	337.99	429.80	343.07	429.90	5.09
	475.99	431.67	494.06	431.33	18.07
	268.96	431.48	332.02	433.76	63.10
	348.98	442.86	361.01	443.28	12.03
	518.85	432.36	524.92	432.28	6.07
	530.60	433.95	553.06	432.38	22.52
	60.05	434.22	66.03	434.47	5.98
	232.00	436.42	268.88	436.05	36.89
	363.08	434.16	369.94	433.73	6.88
	602.99	434.82	626.03	434.86	23.05
	96.01	438.20	107.53	437.49	11.54
	127.55	438.82	164.01	439.10	36.46
	518.00	439.05	545.03	439.13	27.04
	456.00	440.65	515.96	439.42	59.97
	351.91	440.47	359.03	440.06	7.13
	605.05	440.72	611.03	440.92	5.99
	82.02	442.05	89.02	442.18	7.00
	134.07	442.87	144.93	442.32	10.88
	228.97	442.59	247.27	443.81	18.33
	248.66	443.87	265.05	443.59	16.39
	430.01	442.07	448.00	442.26	17.99
	536.94	442.91	543.00	443.00	6.06
	316.92	443.76	341.93	443.52	25.01
	365.06	443.13	375.00	442.59	9.95
	428.87	446.67	448.97	447.17	20.11
	265.09	447.09	274.08	446.65	9.00
	333.87	447.02	364.01	448.04	30.16
	545.98	449.13	555.01	448.92	9.03
	311.08	448.30	325.00	448.46	13.91
	228.00	452.08	234.03	452.30	6.04
	237.04	452.05	245.81	452.35	8.77
	310.44	452.45	324.03	452.67	13.59
	254.94	454.28	285.00	453.51	30.07
	293.17	453.77	305.94	453.29	12.78
	336.89	453.72	373.96	452.97	37.08
	430.01	455.56	446.05	454.72	16.06
	81.25	458.14	88.90	458.58	7.67
	308.98	459.42	325.00	459.61	16.02
	521.55	462.43	527.89	462.76	6.34
	340.02	463.18	376.00	463.70	35.99
	428.99	462.97	447.07	463.66	18.09
	501.00	463.02	510.01	462.92	9.01
	118.88	466.72	128.13	467.27	9.27
	136.00	469.00	147.27	469.65	11.29
	273.63	470.20	282.95	470.50	9.32
	541.96	471.39	548.94	470.89	7.00
	70.98	471.88	77.01	472.04	6.03
357
	349.83	13.92	349.72	26.08	12.16
	510.19	15.99	511.33	20.97	5.11
	552.82	17.98	554.70	27.02	9.24
	249.33	36.43	248.99	46.98	10.56
	330.98	50.00	330.85	66.00	16.00
	304.02	48.02	303.98	58.50	10.47
	165.45	46.77	164.57	55.76	9.03
	359.29	42.75	359.39	47.77	5.02
	150.41	63.02	149.19	69.05	6.15
	297.92	134.98	297.90	83.02	51.96
	555.62	83.46	556.43	88.99	5.59
	354.33	83.70	354.88	89.03	5.36
	149.99	91.48	149.03	100.00	8.58
	305.84	91.05	306.19	114.01	22.96
	330.64	92.04	331.17	98.99	6.97
	180.41	97.03	179.84	103.04	6.05
	544.87	96.94	546.43	103.27	6.51
	201.48	129.02	202.82	99.90	29.15
	198.47	104.94	195.94	126.99	22.20
	429.00	104.00	431.57	125.04	21.20
	175.75	105.02	172.14	126.03	21.32
	179.27	105.04	177.15	125.02	20.10
	461.02	105.03	463.08	125.98	21.05
	42.45	106.07	36.17	130.04	24.77
	34.18	107.00	27.98	128.99	22.84
	38.70	107.03	32.51	129.16	22.98
	60.36	107.07	54.79	126.95	20.65
	63.49	107.08	60.10	124.04	17.29
	453.14	110.91	455.84	125.92	15.26
	170.75	109.18	169.13	126.48	17.38
	595.89	110.09	599.83	131.87	22.13
	606.30	108.08	612.88	130.09	22.97
	570.96	110.00	574.51	123.98	14.42
	602.21	109.94	607.68	128.06	18.93
	310.04	111.00	310.09	116.00	5.00
	575.78	111.02	579.30	125.88	15.27
	46.90	113.98	42.27	130.07	16.74
	585.23	113.97	586.92	120.01	6.27
	602.23	121.54	603.87	127.04	5.74
	19.55	135.03	17.46	142.25	7.51
	126.17	126.09	120.38	163.99	38.34
	103.39	126.95	96.42	163.99	37.70
	311.16	141.02	310.74	132.93	8.10
	540.22	134.35	548.37	166.01	32.70
	478.42	144.81	477.47	138.97	5.92
	516.66	136.19	523.05	165.98	30.47
	330.05	137.98	330.33	145.94	7.97
	433.95	137.97	434.29	144.68	6.72
	510.58	137.99	516.26	165.07	27.67
	326.24	145.97	325.67	164.99	19.03
	198.42	146.16	195.67	165.98	20.01
	157.04	165.02	158.82	148.97	16.15
	52.17	151.08	48.33	164.90	14.34
	164.42	148.19	161.58	164.99	17.04
	192.19	148.00	190.17	165.00	17.13
	199.92	147.98	198.56	164.69	16.77
	437.34	147.89	439.12	165.99	18.19
	14.27	148.83	8.80	166.93	18.90
	22.25	150.00	19.03	166.00	16.32
	112.55	150.10	109.84	163.96	14.12
	148.40	151.97	146.78	164.98	13.11
	183.94	158.98	184.89	152.91	6.14
	203.66	165.00	204.56	154.01	11.03
	245.07	150.00	244.87	164.00	14.00
	442.96	150.00	445.12	165.98	16.12
	472.03	150.00	473.97	166.00	16.12
	480.01	150.00	481.83	167.03	17.13
	538.96	150.00	540.51	161.98	12.08
	56.00	151.00	53.04	166.00	15.29
	167.79	151.05	166.90	165.99	14.97
	210.83	151.00	209.30	165.88	14.95
	427.99	153.00	429.18	165.02	12.08
	434.11	151.16	436.46	164.84	13.88
	485.95	152.92	487.31	163.97	11.13
	44.82	152.09	41.14	165.04	13.46
	61.33	152.04	58.67	168.11	16.29
	447.63	151.91	449.92	166.00	14.28
	68.01	160.00	69.68	152.74	7.45
	402.41	153.02	402.77	163.89	10.88
	48.06	154.02	46.37	162.07	8.22
	391.58	154.00	391.89	162.01	8.01
	627.43	166.84	625.04	157.00	10.13
	284.75	155.00	284.77	164.99	10.00
	578.45	157.09	579.78	163.14	6.20
	105.04	159.02	104.19	164.01	5.06
	537.79	159.08	538.61	165.01	5.99
	197.92	173.79	197.43	183.01	9.24
	497.14	177.78	503.01	210.99	33.73
	209.74	175.95	206.84	210.87	35.04
	46.26	177.07	45.36	182.98	5.98
	49.77	207.93	56.52	177.49	31.18
	140.09	178.07	135.96	206.99	29.21
	298.93	182.03	298.89	188.94	6.90
	595.14	180.93	596.30	186.02	5.22
	59.44	182.30	41.16	277.89	97.32
	87.15	182.03	85.98	189.00	7.07
	341.07	181.98	342.16	205.02	23.06
	438.19	187.93	441.19	208.98	21.26
	11.01	196.00	12.84	185.87	10.29
	162.33	186.16	158.16	209.03	23.24
	178.35	192.92	178.53	186.96	5.97
	597.03	189.98	602.89	211.01	21.83
	149.24	186.14	147.35	207.03	20.97
	170.86	187.84	168.85	207.87	20.13
	218.78	213.02	221.04	193.00	20.15
	456.66	188.27	457.65	198.02	9.80
	473.68	189.10	474.63	199.04	9.99
	176.38	188.92	173.91	207.98	19.23
	190.73	188.98	188.83	207.97	19.08
	235.76	192.94	235.59	211.84	18.90
	448.42	189.92	449.39	198.09	8.23
	465.22	189.94	466.84	207.03	17.16
	612.99	190.01	614.87	200.00	10.16
	70.84	191.20	67.61	212.04	21.09
	88.57	211.98	91.98	193.00	19.29
	113.05	212.01	115.05	197.01	15.13
	122.64	191.09	119.29	211.94	21.12
	126.85	212.00	129.30	193.05	19.11
	155.66	190.96	153.87	206.99	16.13
	279.58	201.03	279.39	192.30	8.73
	304.45	213.98	304.73	194.01	19.98
	84.79	191.97	82.45	202.79	11.08
	108.01	192.01	104.51	211.94	20.24
	197.81	191.98	196.17	206.03	14.14
	212.46	192.00	212.37	197.93	5.93
	371.74	192.30	371.94	201.99	9.70
	444.48	192.09	446.37	209.84	17.85
	622.36	191.76	626.05	207.99	16.64
	43.79	192.97	41.10	205.05	12.38
	271.35	193.04	270.79	211.97	18.94
	287.46	192.96	287.61	212.96	19.99
	312.95	192.99	313.08	201.00	8.01
	321.58	193.07	322.07	201.00	7.95
	329.46	193.04	329.44	200.98	7.94
	347.68	193.08	347.13	212.98	19.91
	355.19	192.99	356.17	213.01	20.05
	363.50	193.19	363.53	211.05	17.86
	383.96	193.00	384.99	204.00	11.05
	507.99	194.00	511.36	215.02	21.28
	530.69	194.22	531.85	203.98	9.82
	104.16	193.98	100.21	211.86	18.31
	397.37	194.05	397.80	201.99	7.96
	480.61	194.05	483.05	210.00	16.14
	546.85	195.05	548.98	205.02	10.19
	559.26	194.08	563.73	214.06	20.48
	569.84	195.06	571.19	204.00	9.04
	95.86	211.88	99.73	194.60	17.70
	291.05	195.07	291.88	210.00	14.96
	309.71	195.01	309.65	200.01	5.01
	276.01	196.00	276.04	210.99	15.00
	318.78	197.02	318.96	211.01	13.99
	539.17	195.90	543.61	215.27	19.87
	404.98	197.00	405.36	204.94	7.95
	605.52	196.94	608.55	207.13	10.64
	420.37	200.03	421.62	213.04	13.07
	554.74	200.02	558.04	212.99	13.38
	449.34	201.09	450.25	209.93	8.89
	578.29	200.92	579.98	207.99	7.27
	330.58	202.13	330.15	213.01	10.89
	313.89	203.00	313.66	213.00	10.00
	377.23	202.97	377.98	209.00	6.07
	487.18	203.04	488.02	208.00	5.03
	76.41	203.82	74.89	212.01	8.33
	279.46	204.17	278.69	212.93	8.79
	620.91	204.02	622.79	210.06	6.32
	322.05	204.99	321.79	212.01	7.02
	309.72	205.95	309.63	212.04	6.09
	215.38	206.98	214.88	214.05	7.09
	367.84	206.98	367.95	212.97	5.99
	571.15	206.94	573.39	215.01	8.37
	135.70	213.98	133.91	222.97	9.16
	145.61	215.15	138.84	267.85	53.13
	428.63	215.07	435.40	281.69	66.97
	48.00	216.00	35.80	275.95	61.18
	602.61	284.04	590.83	229.04	56.25
	443.29	223.98	448.14	277.94	54.18
	502.61	218.96	510.64	274.06	55.68
	604.39	220.01	620.65	281.29	63.40
	294.96	225.00	293.60	266.03	41.05
	491.15	220.99	497.96	268.00	47.50
	249.80	223.15	249.84	251.98	28.83
	337.96	223.56	340.67	267.02	43.54
	78.57	225.12	74.75	245.96	21.19
	117.53	225.95	110.72	266.94	41.55
	158.01	231.00	153.94	260.99	30.26
	526.75	229.09	528.13	238.98	9.99
	521.73	228.95	524.19	241.98	13.26
	132.84	229.99	130.62	244.01	14.19
	23.67	233.05	17.00	265.00	32.64
	258.15	233.07	256.10	268.01	35.00
	160.18	234.06	159.26	246.03	12.01
	176.03	234.00	175.12	240.99	7.05
	302.48	233.85	300.93	262.97	29.16
	478.79	235.12	484.74	265.04	30.51
	460.01	236.00	463.09	268.99	33.14
	241.93	238.98	241.28	248.97	10.01
	241.20	250.02	240.42	266.01	16.00
	623.53	236.94	625.85	246.06	9.40
	329.49	238.02	330.56	269.04	31.03
	518.44	238.07	519.42	242.99	5.02
	52.14	239.04	49.14	256.05	17.28
	95.69	239.00	93.09	260.02	21.17
	100.05	240.03	98.92	245.00	5.10
	237.02	239.01	236.98	245.99	6.98
	285.93	238.96	285.02	266.00	27.06
	585.97	239.01	593.12	273.01	34.74
	620.87	239.06	623.53	252.96	14.15
	61.64	240.03	60.65	245.88	5.93
	263.04	240.00	263.34	258.02	18.03
	281.32	240.17	280.98	246.99	6.83
	325.45	239.98	325.37	270.90	30.92
	145.31	242.92	144.35	253.90	11.03
	161.51	246.01	160.05	261.00	15.06
	308.06	243.01	307.66	256.07	13.06
	485.36	243.69	486.09	252.02	8.37
	16.41	245.99	15.00	252.00	6.17
	167.67	246.02	167.33	254.07	8.06
	60.20	248.13	55.90	267.02	19.37
	82.47	248.23	79.27	267.02	19.06
	158.43	248.08	156.89	261.99	14.00
	106.82	249.01	104.26	266.98	18.15
	121.55	248.98	118.55	269.04	20.28
	129.77	249.02	127.15	269.02	20.18
	236.79	249.06	235.52	270.04	21.02
	280.92	249.02	280.51	270.88	21.86
	352.49	248.93	354.73	271.05	22.24
	468.46	249.02	469.47	257.04	8.08
	267.18	250.13	265.95	272.00	21.90
	73.41	251.21	71.22	266.92	15.86
	581.87	251.03	584.82	272.04	21.21
	273.48	252.05	273.34	258.96	6.91
	310.65	252.03	310.43	268.99	16.96
	317.43	253.04	317.74	260.00	6.97
	624.36	256.02	626.29	264.96	9.14
	479.27	257.10	480.44	263.93	6.93
	167.27	258.03	166.60	264.09	6.09
	65.27	260.14	63.92	265.84	5.85
	228.94	261.99	228.36	269.01	7.04
	272.92	263.00	272.92	270.99	7.99
	317.30	263.02	316.91	272.99	9.98
	516.14	267.02	517.21	271.96	5.05
	67.13	271.03	65.85	276.90	6.01
	96.06	271.01	94.96	275.90	5.02
	101.95	271.01	100.94	277.00	6.07
	290.09	279.99	290.05	273.05	6.93
	335.88	281.02	335.86	272.88	8.15
	244.95	274.99	244.73	280.05	5.07
	517.80	281.03	518.72	286.87	5.91
	136.70	283.10	136.03	289.01	5.96
	497.44	286.99	498.39	292.80	5.89
	115.76	312.00	118.23	289.93	22.21
	81.10	309.02	83.16	292.02	17.12
	98.58	290.09	94.96	311.97	22.18
	157.02	290.01	155.18	306.00	16.09
	435.59	290.11	436.85	317.99	27.91
	609.93	318.02	604.94	294.01	24.52
	92.57	291.03	89.69	309.02	18.22
	100.85	300.05	102.07	292.03	8.11
	341.21	316.01	341.41	309.99	6.02
	78.13	292.03	75.76	307.96	16.11
	111.82	292.99	109.38	310.96	18.13
	480.65	293.25	481.99	309.90	16.70
	492.67	293.21	494.09	310.00	16.85
	621.40	296.01	627.36	316.96	21.78
	593.30	293.98	597.41	314.04	20.48
	463.47	295.02	463.95	301.03	6.03
	100.73	302.12	99.66	310.03	7.98
	261.11	302.05	258.67	325.98	24.06
	475.70	303.10	476.31	309.80	6.73
	262.70	315.98	262.87	307.89	8.09
	487.49	303.94	487.97	310.01	6.09
	113.74	322.04	107.84	363.11	41.50
	341.11	327.66	342.63	364.98	37.35
	438.68	323.02	439.49	345.01	22.00
	259.91	352.01	261.88	325.88	26.21
	610.79	325.01	619.41	370.50	46.30
	120.04	325.99	113.61	373.00	47.45
	138.32	326.08	137.17	338.02	11.99
	303.59	326.06	302.75	350.08	24.04
	77.38	333.33	74.77	347.04	13.95
	248.81	338.99	248.40	359.03	20.05
	350.00	327.00	349.16	373.95	46.96
	125.03	328.01	121.56	365.02	37.18
	255.41	328.12	254.59	338.07	9.98
	317.84	328.00	318.01	352.00	24.00
	502.31	327.89	506.02	355.00	27.36
	294.70	328.95	294.31	345.00	16.05
	332.87	331.98	333.32	357.99	26.01
	286.77	330.14	285.96	343.00	12.88
	500.13	330.15	501.99	355.00	24.92
	508.47	330.12	512.68	361.95	32.11
	149.02	330.59	148.00	339.00	8.47
	444.36	330.72	445.25	341.98	11.30
	450.73	331.12	451.71	341.99	10.92
	271.03	332.01	270.95	340.98	8.97
	290.90	332.00	290.45	344.02	12.03
	338.29	332.02	338.32	356.02	24.00
	129.58	332.94	127.04	360.00	27.18
	599.59	333.00	601.39	344.20	11.34
	461.77	335.05	462.99	346.00	11.02
	527.66	334.75	530.30	354.02	19.45
	105.94	335.98	102.99	361.00	25.19
	518.68	336.03	525.92	381.00	45.54
	353.20	345.93	353.44	352.05	6.12
	245.53	346.96	245.40	355.03	8.07
	256.39	348.10	256.55	354.19	6.09
	602.09	347.90	605.60	366.99	19.41
	74.90	348.96	73.22	360.01	11.17
	84.35	350.04	82.90	357.96	8.05
	468.63	359.99	469.39	377.25	17.28
	362.75	354.99	362.96	360.97	5.99
	321.07	358.00	320.56	375.01	17.01
	329.92	358.00	330.26	370.99	13.00
	238.12	359.01	238.00	368.00	8.99
	323.74	359.12	324.77	375.04	15.95
	137.86	359.99	136.65	369.97	10.05
	607.87	361.02	609.58	369.07	8.23
	258.69	362.99	258.30	374.02	11.04
	451.91	367.01	452.89	373.04	6.11
	449.18	368.92	453.77	398.83	30.26
	507.39	369.09	508.45	380.96	11.93
	517.57	369.99	519.00	386.00	16.07
	138.17	372.05	137.22	382.03	10.03
	284.21	372.01	284.01	377.01	5.00
	326.82	401.01	326.32	383.00	18.02
	252.12	376.01	251.32	399.93	23.94
	486.81	379.03	488.84	397.09	18.18
	288.28	379.87	287.77	398.90	19.04
	497.65	379.98	498.74	385.92	6.05
	105.36	381.01	103.44	397.99	17.09
	295.34	385.04	295.62	398.71	13.67
	370.38	385.03	370.42	397.98	12.94
	273.97	387.99	273.85	395.97	7.98
	359.87	387.70	359.85	396.94	9.24
	70.28	389.14	69.04	397.01	7.97
	364.13	390.98	364.70	399.00	8.04
	509.95	390.99	510.63	397.00	6.05
	607.60	399.91	608.84	407.21	7.40
	464.08	417.94	464.63	426.91	8.98
	351.27	418.99	351.87	428.01	9.04
	457.21	425.00	457.83	430.00	5.04
	616.38	440.20	618.34	451.68	11.64
	145.95	445.01	145.13	456.00	11.01
	513.95	445.00	519.35	472.05	27.59
	90.93	448.14	90.02	458.00	9.91
	495.30	446.90	495.95	452.02	5.17
	611.98	447.01	613.70	457.03	10.16
	329.19	448.08	328.75	461.01	12.94
	59.51	450.83	58.41	457.07	6.34
	450.56	463.03	450.13	456.97	6.07
	127.77	454.96	126.92	460.04	5.15
	250.13	455.03	249.02	467.00	12.02
	68.53	461.98	69.07	456.04	5.96
	160.49	457.24	159.64	464.01	6.82
	353.86	465.99	353.71	473.06	7.08
	539.46	465.99	540.69	472.06	6.19
	57.99	467.00	57.21	471.99	5.05
150
	336.99	11.93	341.86	13.71	5.19
	315.13	14.88	319.93	16.74	5.14
	353.99	16.90	365.23	21.88	12.29
	10.92	29.62	20.92	33.09	10.59
	17.34	33.58	25.02	35.88	8.02
	396.96	39.32	403.88	42.20	7.50
	150.64	39.85	158.08	42.59	7.93
	603.09	50.69	609.83	54.29	7.64
	9.86	50.69	21.06	53.80	11.63
	71.04	56.77	75.92	58.20	5.08
	620.26	59.46	626.96	62.13	7.21
	182.00	61.10	186.92	62.69	5.18
	62.85	70.01	67.99	71.80	5.44
	206.20	71.09	213.06	73.23	7.18
	356.15	72.12	362.93	75.04	7.38
	61.94	73.00	73.00	76.95	11.74
	101.03	75.09	107.06	76.72	6.25
	517.95	84.04	536.27	91.65	19.84
	39.00	93.07	49.94	96.59	11.50
	90.91	96.26	96.22	97.71	5.50
	187.98	101.32	197.71	104.07	10.11
	448.04	101.87	458.79	105.18	11.25
	209.01	103.44	215.91	105.66	7.24
	46.13	107.50	54.57	110.01	8.81
	526.00	113.96	537.23	117.68	11.84
	263.96	114.76	274.83	118.45	11.48
	512.16	122.80	522.99	126.23	11.36
	140.89	124.26	148.92	126.25	8.27
	43.98	131.90	49.05	133.31	5.26
	610.08	136.70	616.55	139.69	7.13
	234.84	141.78	241.86	143.38	7.20
	275.91	141.73	282.87	143.28	7.13
	215.81	171.15	221.92	173.17	6.43
	167.99	172.03	174.16	173.58	6.37
	109.06	177.75	116.98	179.93	8.22
	387.98	190.87	396.80	192.84	9.04
	429.98	200.42	435.02	201.50	5.15
	229.00	223.99	235.01	225.06	6.10
	317.98	224.20	327.05	226.49	9.36
	483.01	224.80	488.03	226.45	5.29
	63.98	233.38	59.07	232.35	5.02
	482.02	235.63	487.89	237.11	6.06
	585.45	273.47	596.98	275.80	11.76
	21.01	261.34	31.92	263.03	11.05
	10.02	265.72	15.07	266.26	5.08
	478.91	265.85	508.97	275.07	31.43
	255.02	271.14	260.06	272.11	5.14
	487.07	275.32	497.91	277.45	11.04
	225.94	279.25	238.01	281.97	12.37
	103.89	279.55	115.04	281.21	11.28
	325.99	283.74	333.00	284.85	7.10
	607.02	280.99	617.00	283.46	10.29
	115.89	287.46	109.04	285.91	7.02
	298.01	284.42	303.05	285.25	5.10
	468.90	284.31	477.38	285.96	8.64
	54.07	288.27	62.98	289.15	8.95
	225.10	289.80	251.99	294.70	27.33
	268.18	290.38	299.08	295.51	31.32
	311.99	291.46	345.99	295.92	34.29
	459.92	291.64	467.93	293.14	8.15
	313.05	295.27	329.95	298.60	17.22
	313.96	298.31	328.18	300.71	14.42
	615.90	311.34	622.01	312.34	6.19
	352.99	341.05	361.00	342.00	8.07
	97.21	333.70	104.95	334.26	7.76
	320.99	343.13	329.18	344.38	8.29
	354.99	344.93	363.92	346.15	9.01
	95.91	361.65	102.06	362.39	6.19
	443.95	363.33	453.93	364.18	10.02
	290.87	364.32	302.03	365.60	11.23
	100.90	366.27	109.79	367.67	9.00
	138.95	366.17	150.00	366.88	11.07
	276.07	368.71	283.96	369.71	7.96
	290.82	369.32	296.00	369.78	5.20
	622.95	376.17	628.96	376.76	6.03
	99.99	373.62	105.00	373.99	5.03
	488.01	376.86	498.07	377.85	10.11
	258.79	380.33	268.02	380.96	9.25
	309.28	380.56	319.79	382.29	10.65
	69.02	381.31	79.97	383.16	11.10
	108.01	382.93	119.96	383.52	11.96
	453.96	382.84	458.98	383.78	5.11
	470.99	383.91	476.03	384.37	5.06
	522.21	385.60	531.54	387.11	9.45
	109.00	387.01	118.00	387.55	9.02
	259.95	388.11	270.97	388.86	11.04
	521.59	389.48	530.05	390.18	8.49
	94.03	399.43	78.01	398.90	16.03
	455.97	397.93	460.96	398.55	5.02
	119.74	398.87	145.95	400.21	26.24
	287.96	402.66	279.09	401.90	8.90
	495.95	399.35	518.01	401.46	22.16
	104.18	399.53	114.98	400.44	10.84
	452.41	400.39	458.69	401.42	6.36
	522.02	400.69	545.03	402.22	23.05
	298.96	402.13	304.96	403.12	6.08
	317.12	402.67	326.99	403.31	9.89
	324.96	406.34	349.00	407.85	24.08
	108.00	415.02	152.99	416.45	45.01
	81.02	417.04	108.34	417.48	27.32
	319.94	420.29	326.26	420.61	6.33
	135.02	421.66	144.91	422.68	9.94
	447.94	421.69	459.94	422.72	12.05
	500.99	422.21	508.47	423.47	7.59
	293.99	424.29	304.98	425.26	11.03
	313.19	424.72	320.05	425.77	6.95
	143.92	425.87	149.08	426.13	5.18
	265.02	426.65	303.92	429.38	39.00
	142.03	429.45	154.02	430.04	12.00
	353.01	429.08	364.01	430.55	11.10
	476.26	435.42	488.04	436.68	11.85
	507.01	429.14	529.26	430.67	22.30
	245.96	430.13	263.03	431.16	17.10
	337.99	429.80	343.07	429.90	5.09
	268.96	431.48	332.02	433.76	63.10
	348.98	442.86	361.01	443.28	12.03
	103.97	432.09	119.75	434.32	15.94
	342.03	433.08	349.99	433.72	7.99
	352.08	433.43	359.80	434.21	7.76
	60.05	434.22	66.03	434.47	5.98
	271.00	434.02	298.28	436.38	27.38
	127.55	438.82	164.01	439.10	36.46
	295.23	439.02	302.05	440.03	6.89
	605.05	440.72	611.03	440.92	5.99
	545.01	441.40	554.98	442.08	9.99
	82.02	442.05	89.02	442.18	7.00
	228.97	442.59	247.27	443.81	18.33
	509.04	442.23	514.03	442.90	5.04
	275.94	442.58	295.10	444.85	19.30
	428.87	446.67	448.97	447.17	20.11
	333.87	447.02	364.01	448.04	30.16
	311.08	448.30	325.00	448.46	13.91
	228.00	452.08	234.03	452.30	6.04
	237.04	452.05	245.81	452.35	8.77
	310.44	452.45	324.03	452.67	13.59
	125.92	461.16	119.05	460.55	6.89
	81.25	458.14	88.90	458.58	7.67
	308.98	459.42	325.00	459.61	16.02
	267.01	462.04	287.90	463.67	20.95
	521.55	462.43	527.89	462.76	6.34
	340.02	463.18	376.00	463.70	35.99
	428.99	462.97	447.07	463.66	18.09
	264.92	464.75	280.50	466.54	15.68
	118.88	466.72	128.13	467.27	9.27
	136.00	469.00	147.27	469.65	11.29
	240.13	472.23	235.12	471.78	5.03
	273.63	470.20	282.95	470.50	9.32
	149.84	469.59	155.00	470.12	5.18
	501.09	470.95	512.98	472.09	11.95
	70.98	471.88	77.01	472.04	6.03
