vx	vy	vz	score	numLines
-0.99789271	-0.06488549	-0.00009669	11493.17	219
0.01437719	0.99989664	-0.00005331	4640.34	350
0.99997202	0.00745340	0.00063834	266.90	54

nLines	x1	y1	x2	y2	length
219
	324.04	3.39	341.91	4.33	17.89
	396.03	3.31	634.00	16.55	238.34
	251.02	4.11	262.99	4.67	11.99
	3.99	4.65	70.84	10.83	67.14
	356.99	5.72	464.05	11.47	107.22
	143.00	7.01	171.03	9.27	28.12
	132.01	8.68	141.01	9.35	9.02
	352.01	9.97	364.61	11.63	12.71
	3.99	10.71	23.01	12.65	19.12
	367.98	11.24	399.00	13.93	31.14
	36.06	12.46	60.98	14.09	24.97
	272.97	12.40	282.83	12.71	9.87
	478.89	13.44	578.00	17.99	99.21
	117.04	13.75	196.93	20.14	80.15
	34.00	16.50	58.03	18.45	24.11
	264.01	15.62	290.98	17.55	27.04
	251.98	17.58	262.00	18.01	10.03
	4.01	17.89	20.99	19.06	17.02
	484.09	18.26	529.06	20.64	45.03
	118.04	19.05	150.01	20.96	32.02
	385.99	19.18	393.94	19.62	7.96
	4.02	20.82	21.97	22.56	18.03
	532.00	21.03	543.88	21.86	11.91
	549.04	21.65	557.99	22.14	8.96
	123.97	23.48	145.99	25.08	22.08
	158.03	22.85	187.98	25.08	30.03
	243.03	22.82	315.84	28.23	73.01
	373.02	24.89	411.01	25.03	37.98
	588.21	23.84	634.00	25.04	45.80
	34.09	23.60	56.97	25.15	22.94
	323.08	24.43	329.03	24.92	5.97
	504.96	26.48	514.98	26.54	10.02
	124.01	28.96	140.94	30.66	17.02
	169.00	29.63	174.96	29.69	5.96
	242.04	28.59	270.98	30.59	29.01
	276.97	29.98	306.03	31.78	29.11
	365.01	30.44	434.79	35.40	69.96
	500.00	30.07	525.98	31.51	26.02
	3.98	31.27	89.00	37.97	85.28
	115.03	38.80	507.03	65.30	392.89
	158.00	31.08	187.01	32.90	29.07
	282.05	34.69	303.97	36.19	21.96
	364.96	35.36	392.32	37.87	27.47
	617.99	35.64	634.00	36.51	16.03
	602.04	67.08	570.01	66.86	32.03
	243.00	37.05	270.00	38.77	27.06
	484.98	37.23	548.98	41.16	64.12
	398.04	38.36	425.96	40.20	27.99
	283.00	39.77	303.02	40.88	20.05
	366.01	39.66	386.99	41.03	21.03
	484.98	43.21	505.99	44.38	21.04
	603.97	43.31	634.00	44.49	30.06
	511.72	43.82	541.94	45.19	30.25
	366.01	44.85	375.01	45.93	9.07
	398.00	46.94	425.01	47.94	27.02
	517.02	48.28	537.97	49.30	20.98
	604.00	47.95	618.96	48.72	14.97
	485.01	50.93	505.03	52.74	20.10
	518.00	54.05	536.99	55.04	19.02
	29.99	55.36	37.91	55.60	7.92
	604.99	59.58	619.00	59.98	14.02
	509.00	63.43	567.03	66.34	58.11
	606.04	69.38	634.00	69.54	27.96
	615.05	70.28	621.02	70.49	5.97
	4.00	72.45	422.01	98.20	418.80
	422.99	98.72	633.98	108.27	211.21
	191.05	75.82	208.98	76.65	17.95
	356.00	100.96	593.01	113.44	237.33
	601.00	111.39	634.00	115.59	33.26
	513.95	85.35	518.98	85.94	5.06
	4.01	100.90	634.00	135.90	630.97
	4.01	103.86	20.02	104.74	16.03
	39.05	106.27	74.04	107.33	35.01
	111.01	114.94	119.99	116.01	9.04
	18.97	117.47	25.99	117.71	7.03
	32.96	118.55	41.83	118.63	8.88
	16.98	121.23	46.00	123.31	29.09
	5.00	123.03	14.03	123.30	9.03
	244.69	123.69	267.03	123.43	22.34
	273.99	124.19	283.00	124.20	9.01
	153.98	125.59	163.00	125.66	9.03
	3.99	127.65	73.01	131.84	69.15
	146.00	128.90	173.96	130.47	28.00
	374.03	128.59	419.00	131.03	45.04
	264.99	130.94	276.96	131.50	11.98
	3.99	133.68	25.94	135.20	22.00
	30.57	134.94	65.88	136.26	35.33
	119.03	134.48	198.99	139.57	80.12
	266.00	135.41	293.95	136.71	27.99
	391.98	138.35	403.96	138.59	11.98
	37.98	139.23	60.97	140.67	23.04
	126.01	139.73	152.99	141.45	27.04
	4.02	140.74	25.14	142.37	21.18
	245.99	141.70	318.96	146.12	73.10
	387.02	142.21	413.96	143.44	26.97
	37.25	143.41	60.02	144.84	22.82
	161.00	143.00	190.93	144.81	29.99
	374.98	143.16	385.00	143.98	10.06
	127.01	144.41	150.02	145.92	23.06
	127.99	148.22	149.04	149.60	21.10
	246.04	147.35	274.85	149.36	28.88
	280.11	148.38	300.98	149.70	20.91
	367.01	147.94	437.01	151.73	70.10
	503.01	147.61	529.96	148.83	26.98
	622.99	148.71	632.95	148.56	9.96
	161.02	149.85	189.98	150.68	28.97
	611.06	153.59	619.00	154.25	7.97
	621.02	152.42	634.00	153.01	13.00
	286.00	153.04	306.97	154.22	21.01
	368.01	152.86	382.97	153.73	14.99
	246.01	153.89	274.12	155.46	28.15
	385.99	154.28	394.95	154.64	8.97
	487.01	153.95	551.99	157.29	65.07
	401.01	155.52	429.90	157.28	28.95
	4.01	156.79	634.00	187.91	630.75
	286.00	157.29	306.00	157.99	20.02
	368.98	157.23	390.62	158.48	21.68
	606.99	159.17	633.99	160.20	27.01
	369.02	160.32	388.99	162.06	20.05
	488.04	159.73	510.01	160.74	22.00
	516.01	160.58	529.97	160.70	13.96
	401.02	161.89	428.98	163.10	27.98
	607.99	164.69	627.00	164.53	19.01
	522.00	164.68	541.98	165.64	20.01
	488.01	166.31	509.02	167.74	21.06
	608.00	167.94	624.95	169.12	16.98
	521.17	168.58	541.02	169.80	19.89
	608.00	172.95	623.02	173.76	15.04
	427.02	212.01	402.99	212.21	24.03
	9.96	193.27	62.02	196.14	52.14
	3.99	198.11	634.00	227.07	630.67
	252.04	204.81	276.02	206.12	24.01
	161.99	201.12	194.00	202.02	32.02
	4.01	204.83	607.99	231.05	604.55
	53.99	205.78	69.96	206.52	15.99
	287.01	206.62	303.99	207.36	16.99
	106.96	207.71	111.98	207.73	5.03
	500.02	215.93	513.06	216.59	13.06
	573.01	213.47	579.01	213.98	6.01
	514.47	216.45	540.00	217.99	25.58
	3.99	227.16	634.00	254.76	630.62
	613.02	232.72	634.00	234.53	21.06
	59.84	234.17	66.34	234.27	6.49
	183.10	238.33	192.03	238.31	8.93
	22.96	240.64	29.97	240.73	7.00
	212.00	240.80	219.03	241.50	7.06
	18.00	244.34	47.95	245.65	29.97
	371.01	246.49	412.03	247.57	41.03
	148.02	249.66	175.99	250.89	28.00
	446.05	249.72	453.03	249.81	6.98
	3.99	251.25	75.94	254.68	72.03
	483.01	251.71	504.01	252.26	21.01
	505.99	252.70	523.99	252.42	18.00
	533.08	253.36	539.09	253.35	6.01
	270.01	254.59	297.88	255.59	27.89
	121.00	256.00	201.02	259.32	80.09
	4.00	257.48	27.00	258.39	23.01
	400.95	256.67	407.95	256.75	7.00
	33.14	258.17	65.00	258.66	31.87
	234.99	258.00	240.98	258.06	5.99
	124.00	261.30	156.95	262.72	32.98
	390.02	260.09	418.06	261.53	28.08
	246.97	261.18	321.95	264.21	75.04
	515.97	261.69	529.81	261.66	13.84
	3.98	262.25	26.01	263.85	22.09
	39.01	262.82	63.06	263.79	24.08
	164.00	264.04	193.72	266.07	29.80
	508.00	264.98	535.01	266.07	27.03
	128.99	266.08	151.99	267.02	23.02
	163.06	267.39	193.06	267.61	30.00
	369.99	266.08	440.99	269.08	71.06
	283.97	267.54	313.98	268.66	30.03
	277.12	271.57	255.05	269.34	22.19
	254.00	268.48	277.74	268.57	23.73
	490.24	279.89	514.03	281.75	23.86
	370.99	271.09	379.99	271.65	9.02
	489.99	271.12	557.01	273.89	67.07
	288.00	271.93	310.03	272.91	22.06
	381.96	272.41	399.51	273.79	17.60
	405.00	277.17	431.00	277.49	26.00
	428.99	274.76	405.02	273.54	23.99
	372.98	275.53	392.97	276.19	20.00
	610.00	275.69	634.01	276.68	24.03
	521.09	277.22	552.44	278.47	31.37
	616.98	281.50	634.07	281.64	17.09
	525.01	281.93	546.98	283.07	22.00
	4.00	283.45	367.98	295.83	364.19
	369.01	295.81	435.02	301.30	66.25
	612.04	285.71	630.05	286.31	18.03
	435.98	299.45	634.01	307.38	198.19
	285.01	310.45	290.85	310.54	5.84
	613.26	337.17	632.99	337.91	19.74
	163.98	319.28	191.99	320.27	28.03
	203.95	316.29	223.87	316.16	19.92
	39.98	316.35	63.01	317.05	23.04
	80.01	316.57	96.10	316.91	16.10
	123.99	317.03	153.07	319.43	29.18
	257.99	322.10	279.02	323.14	21.05
	562.00	318.01	569.00	318.08	7.00
	336.99	321.34	345.04	321.91	8.08
	15.96	321.91	21.03	322.30	5.09
	290.02	323.61	312.20	324.68	22.21
	4.00	325.52	633.99	347.69	630.38
	373.00	327.60	395.00	327.65	21.99
	501.99	331.63	517.05	332.34	15.08
	281.11	328.27	287.97	328.83	6.89
	406.15	328.58	433.04	329.28	26.90
	3.99	330.31	163.99	334.73	160.06
	527.99	333.12	549.00	334.04	21.03
	4.01	333.60	116.79	335.66	112.79
	122.05	336.60	237.02	339.65	115.01
	488.00	347.93	370.03	341.77	118.13
	361.03	343.67	268.02	340.68	93.05
	249.07	339.66	263.00	340.33	13.95
	489.03	346.44	610.06	353.67	121.25
	608.00	351.60	633.99	352.15	26.00
	615.01	353.95	633.99	355.16	19.01
	4.00	355.65	389.97	365.74	386.10
	4.01	359.48	90.05	361.31	86.06
350
	225.40	4.03	225.66	18.98	14.95
	27.97	12.00	27.32	25.03	13.05
	71.49	12.01	72.22	31.99	19.99
	23.61	13.08	24.62	30.01	16.95
	104.79	13.01	104.96	35.00	21.99
	345.58	14.22	346.57	27.01	12.82
	101.74	16.01	101.65	34.99	18.98
	58.76	19.12	59.70	32.98	13.89
	197.68	21.02	197.85	40.92	19.90
	228.68	20.94	228.49	25.97	5.03
	156.58	23.10	156.36	39.01	15.91
	122.53	24.04	122.54	35.99	11.95
	214.74	32.92	214.93	42.00	9.09
	63.91	26.02	63.81	32.03	6.02
	189.04	26.00	189.65	42.00	16.02
	226.16	25.93	225.62	42.98	17.06
	582.39	26.74	582.55	40.02	13.27
	229.10	27.99	229.64	42.99	15.01
	344.95	27.96	346.10	51.00	23.06
	349.85	28.98	350.43	50.99	22.02
	316.53	28.98	317.61	49.00	20.05
	115.48	29.94	115.33	34.95	5.01
	481.84	39.03	482.62	60.00	20.98
	271.89	31.09	273.36	47.01	15.99
	335.13	40.08	335.25	51.02	10.95
	281.03	36.00	281.00	47.00	11.00
	435.31	36.00	436.05	56.00	20.01
	467.72	35.92	468.96	58.00	22.11
	600.66	42.92	602.03	66.02	23.14
	304.96	37.01	305.65	49.01	12.02
	24.60	37.89	24.71	68.02	30.12
	325.21	38.95	325.50	48.97	10.02
	396.40	39.04	396.16	53.99	14.95
	33.18	39.99	33.21	53.02	13.03
	50.24	39.97	50.92	73.00	33.04
	28.41	40.98	28.34	51.03	10.05
	60.00	41.00	62.15	72.92	31.99
	427.08	40.99	427.80	57.01	16.04
	570.05	53.04	570.64	63.00	9.98
	388.02	42.00	388.60	54.87	12.88
	550.49	42.08	551.54	62.00	19.95
	586.72	41.97	587.02	64.00	22.03
	119.33	45.03	119.58	58.99	13.96
	507.34	45.01	508.60	61.00	16.04
	114.44	45.92	116.18	77.00	31.13
	122.76	46.01	122.64	60.00	13.99
	583.67	46.12	583.67	63.00	16.88
	148.67	47.01	149.08	61.98	14.97
	156.59	48.00	156.72	75.96	27.96
	516.16	49.01	516.09	60.99	11.98
	189.95	50.00	190.63	75.02	25.03
	538.87	50.06	539.90	63.01	12.99
	629.41	51.02	629.34	66.02	15.00
	213.30	51.98	212.69	75.06	23.09
	567.18	52.00	566.98	63.00	11.00
	620.88	53.11	622.11	66.00	12.95
	215.63	53.00	215.32	75.01	22.02
	226.97	53.00	227.07	60.00	7.00
	235.77	52.99	237.00	80.00	27.04
	229.78	54.03	230.25	77.96	23.93
	239.98	53.98	242.43	85.08	31.19
	273.76	54.97	274.71	85.99	31.03
	198.24	56.00	198.50	73.02	17.02
	281.28	55.99	281.26	70.00	14.01
	178.18	56.99	179.34	78.01	21.05
	305.95	57.00	306.63	87.74	30.75
	301.78	58.02	303.13	89.02	31.03
	309.37	58.03	310.83	72.96	15.00
	325.85	59.00	326.01	65.00	6.00
	33.69	59.98	34.49	69.96	10.02
	332.46	60.01	333.16	83.00	23.00
	334.84	60.01	334.69	67.00	7.00
	347.37	59.99	346.31	89.96	29.99
	350.74	59.98	351.19	85.94	25.96
	357.08	60.00	357.84	90.97	30.97
	362.01	61.00	363.31	91.97	30.99
	388.90	61.98	389.31	76.89	14.91
	396.22	62.98	396.43	92.82	29.84
	65.07	64.00	65.06	70.01	6.01
	29.40	65.08	29.61	71.00	5.93
	422.50	65.02	423.59	96.98	31.98
	427.81	64.99	428.52	88.97	24.00
	149.11	67.02	149.21	79.00	11.98
	465.07	67.00	465.57	93.05	26.05
	469.59	66.99	469.80	95.03	28.04
	476.59	67.01	478.44	97.00	30.04
	481.75	67.81	483.47	97.99	30.23
	112.09	69.00	112.27	75.99	6.99
	508.66	69.01	510.15	98.87	29.90
	516.24	69.99	516.10	83.03	13.04
	540.44	71.01	540.53	81.98	10.97
	567.56	71.89	567.92	95.99	24.11
	570.06	72.01	571.38	96.03	24.07
	335.31	73.04	335.88	86.00	12.97
	436.49	72.99	436.53	87.04	14.05
	587.69	73.01	588.05	101.00	27.99
	600.70	74.08	602.73	103.98	29.97
	622.30	74.01	623.12	87.93	13.94
	281.72	76.05	281.80	86.95	10.90
	277.39	79.04	277.96	87.00	7.98
	389.22	82.02	389.49	93.02	11.00
	537.49	83.01	538.08	102.00	19.00
	622.87	92.97	624.00	104.00	11.09
	94.49	144.94	94.43	157.98	13.05
	228.14	122.95	228.71	138.98	16.04
	73.93	132.15	75.43	156.98	24.87
	349.26	129.92	349.35	145.95	16.03
	106.58	133.87	107.80	158.99	25.15
	26.93	136.01	27.68	156.01	20.01
	67.40	135.89	67.46	145.02	9.13
	468.40	135.87	468.49	152.07	16.19
	574.68	138.07	574.69	143.94	5.86
	103.86	139.04	103.78	158.99	19.95
	200.37	140.30	201.32	162.98	22.70
	61.52	141.19	62.61	157.00	15.84
	231.95	142.00	232.66	165.00	23.01
	585.88	142.04	586.76	156.96	14.94
	159.60	144.02	159.74	149.05	5.02
	36.30	144.94	36.12	154.99	10.06
	219.21	165.02	218.13	153.01	12.05
	91.51	145.98	91.03	157.99	12.03
	150.55	146.16	151.62	162.00	15.87
	191.97	146.00	192.82	163.99	18.00
	229.05	145.98	228.68	164.98	19.00
	319.73	147.05	320.86	168.99	21.97
	66.77	148.04	66.95	156.00	7.97
	352.75	147.96	353.81	171.01	23.07
	438.03	151.86	440.27	175.00	23.25
	485.75	160.01	486.47	176.99	17.00
	118.12	148.99	118.15	157.99	9.00
	125.34	148.97	125.75	160.03	11.07
	156.46	148.98	156.11	161.00	12.02
	120.89	149.97	121.09	159.00	9.03
	275.88	150.02	276.66	168.00	18.00
	312.42	150.50	313.21	158.86	8.40
	159.22	150.94	159.95	161.01	10.09
	603.77	160.22	606.02	184.00	23.89
	308.01	155.00	308.89	170.00	15.03
	399.56	156.08	399.67	174.04	17.96
	391.45	159.00	392.15	174.00	15.02
	430.83	158.02	431.19	176.96	18.94
	284.11	158.99	284.25	167.98	8.99
	396.42	158.98	396.59	168.98	10.00
	467.86	160.00	468.01	177.00	17.00
	471.53	160.02	472.88	176.99	17.03
	510.87	161.14	512.60	179.00	17.94
	590.04	160.00	590.95	182.00	22.02
	312.76	161.07	312.89	169.02	7.95
	586.26	161.10	587.04	183.00	21.92
	573.25	170.06	574.29	181.98	11.96
	27.77	162.97	28.22	191.99	29.02
	367.74	163.01	367.48	172.08	9.08
	36.32	164.05	36.54	176.00	11.96
	52.43	165.03	53.00	193.00	27.98
	62.86	164.99	63.52	192.93	27.96
	67.23	165.98	68.24	179.06	13.11
	75.30	165.99	76.13	188.97	23.00
	542.78	166.16	544.18	181.01	14.91
	94.98	167.00	94.91	199.01	32.01
	454.41	166.96	454.16	175.99	9.03
	515.28	166.97	516.11	179.00	12.06
	633.81	167.02	634.41	172.83	5.84
	91.96	168.00	92.25	190.02	22.02
	104.62	167.99	103.43	198.99	31.02
	107.82	168.00	108.13	195.99	28.00
	113.27	168.01	114.89	200.01	32.04
	122.00	168.00	122.23	179.98	11.98
	570.43	168.00	570.97	181.00	13.01
	151.60	169.05	151.99	182.00	12.96
	116.56	169.83	118.67	200.98	31.21
	625.82	170.01	626.53	185.00	15.00
	181.03	172.00	181.68	200.06	28.07
	193.09	172.00	191.96	200.99	29.01
	201.64	172.97	202.09	193.99	21.02
	216.17	173.99	216.24	191.99	18.00
	219.37	173.99	218.98	192.00	18.02
	232.75	173.99	233.17	199.98	25.99
	239.08	174.00	240.98	206.00	32.06
	633.61	174.99	634.32	183.97	9.01
	242.78	175.80	245.05	207.00	31.29
	276.85	175.98	277.53	205.05	29.07
	284.76	177.05	284.73	188.00	10.95
	304.93	178.00	305.35	196.02	18.03
	309.31	178.00	309.95	197.02	19.03
	360.05	179.02	363.03	211.00	32.11
	336.18	180.00	336.42	198.02	18.02
	339.16	180.00	338.90	199.01	19.01
	350.61	179.99	350.07	206.02	26.03
	353.73	179.98	354.66	210.97	31.00
	365.60	179.84	367.25	212.01	32.21
	321.49	181.00	321.55	197.03	16.03
	392.65	181.04	392.80	194.03	12.98
	31.39	181.94	31.83	192.00	10.07
	36.53	181.90	36.62	192.01	10.10
	399.47	181.96	399.87	210.96	29.00
	426.91	184.00	427.59	211.04	27.05
	431.76	183.99	432.70	205.96	21.99
	440.52	185.00	441.06	203.99	19.00
	454.64	184.85	455.18	202.99	18.15
	480.14	185.01	482.67	216.02	31.11
	469.21	186.00	469.51	214.02	28.03
	473.18	186.00	474.27	215.91	29.93
	485.53	186.71	486.56	207.01	20.32
	512.61	186.94	513.89	214.02	27.11
	152.11	187.99	152.18	199.02	11.02
	516.28	188.00	516.99	200.00	12.02
	520.39	188.03	520.76	199.88	11.85
	548.56	190.05	548.46	196.10	6.05
	90.98	193.03	91.43	198.97	5.96
	571.08	190.99	571.90	211.97	20.99
	574.50	190.99	575.36	211.01	20.04
	587.16	190.98	586.69	218.94	27.96
	591.46	190.87	592.53	222.09	31.24
	556.70	192.01	557.14	212.97	20.96
	605.68	193.06	606.51	216.91	23.87
	627.00	193.00	627.36	204.03	11.03
	634.24	192.97	634.64	197.96	5.01
	284.94	195.00	285.74	204.00	9.04
	392.82	198.98	393.25	207.00	8.04
	517.63	215.06	517.01	205.00	10.08
	487.69	209.28	487.61	216.99	7.71
	627.59	208.96	627.91	223.00	14.04
	59.35	211.96	59.32	225.99	14.03
	105.48	239.19	104.69	257.93	18.75
	231.26	243.94	231.63	264.96	21.03
	352.66	252.91	353.13	263.99	11.09
	76.57	255.98	77.05	282.00	26.03
	202.01	259.49	204.30	285.98	26.59
	472.15	256.57	472.34	270.97	14.40
	109.42	258.01	109.27	283.00	24.99
	246.18	267.00	247.07	287.99	21.02
	28.43	259.00	29.07	282.00	23.01
	96.99	266.99	96.94	284.00	17.00
	106.65	262.03	106.31	282.99	20.97
	234.95	263.00	235.54	287.99	25.00
	371.12	275.97	371.30	293.09	17.12
	37.31	264.96	37.94	281.00	16.06
	64.04	264.99	64.36	283.01	18.02
	322.75	265.11	324.00	291.00	25.92
	32.26	265.97	32.89	280.99	15.04
	85.86	266.00	86.22	281.98	15.98
	152.95	267.02	153.74	286.00	19.00
	194.57	266.07	195.10	287.00	20.94
	221.00	273.00	221.97	287.00	14.03
	442.12	269.36	444.59	296.01	26.76
	232.09	266.98	231.73	287.00	20.02
	158.69	267.98	158.66	275.96	7.99
	356.92	268.00	357.58	291.98	24.00
	120.46	268.96	119.92	284.00	15.05
	161.11	268.98	161.83	285.01	16.05
	278.81	269.03	279.63	290.00	20.99
	68.97	270.00	68.75	282.02	12.01
	353.60	269.97	352.99	292.00	22.04
	94.41	270.98	93.84	283.03	12.06
	342.50	291.98	341.87	277.97	14.02
	460.65	281.95	461.27	296.99	15.06
	310.75	273.19	312.11	292.00	18.86
	475.82	272.98	476.93	297.00	24.04
	218.65	273.95	218.67	287.05	13.10
	286.67	274.04	287.17	289.98	15.95
	394.44	276.24	395.91	295.00	18.82
	434.66	276.03	435.60	297.01	21.00
	339.66	277.95	339.25	290.98	13.04
	471.95	278.01	472.81	298.00	20.01
	594.94	277.99	596.76	302.00	24.08
	403.13	278.98	403.31	294.02	15.03
	315.99	280.00	316.43	291.01	11.02
	579.43	301.99	578.21	288.99	13.05
	490.11	281.97	491.02	297.00	15.06
	590.61	282.16	591.84	303.01	20.89
	548.35	283.95	549.23	301.93	18.00
	524.12	284.99	525.02	299.00	14.04
	400.71	286.96	400.49	293.96	7.00
	568.77	287.00	569.54	300.97	13.99
	631.23	286.96	632.75	305.01	18.11
	552.01	287.99	552.95	300.00	12.05
	610.58	287.86	611.57	302.00	14.17
	29.29	290.01	29.28	314.02	24.01
	32.80	289.99	32.97	300.00	10.01
	37.88	290.02	37.61	299.88	9.87
	576.20	289.98	576.09	300.99	11.01
	53.99	291.00	54.21	314.00	23.00
	64.69	291.02	64.86	320.99	29.98
	77.05	292.00	77.25	309.99	18.00
	86.54	291.96	86.92	298.02	6.07
	94.50	291.90	93.76	308.03	16.14
	97.12	291.99	97.01	308.00	16.01
	109.63	291.97	110.17	322.94	30.97
	115.24	292.00	116.67	325.00	33.03
	124.55	293.02	124.29	301.95	8.94
	127.94	293.00	127.59	303.00	10.00
	161.11	293.01	162.07	317.01	24.02
	119.01	294.01	120.58	325.96	32.00
	153.97	294.00	154.25	304.12	10.13
	195.31	295.06	195.33	316.95	21.90
	204.42	295.97	204.59	313.98	18.01
	241.65	296.02	243.67	329.00	33.04
	219.02	297.00	219.12	313.01	16.01
	222.20	296.99	222.04	313.00	16.01
	245.13	298.07	247.88	329.99	32.04
	279.94	298.00	280.43	321.05	23.06
	287.56	299.01	287.64	308.00	8.99
	308.69	300.01	308.93	321.00	21.00
	312.64	300.00	313.15	323.02	23.03
	317.07	299.99	318.39	314.77	14.84
	324.44	301.01	325.06	312.00	11.01
	339.94	301.01	340.12	319.02	18.02
	343.59	300.97	343.12	319.00	18.04
	357.61	300.92	359.04	333.00	32.11
	364.25	301.00	366.59	333.00	32.08
	353.90	302.01	354.14	333.04	31.03
	369.45	301.69	371.09	334.00	32.35
	396.36	303.00	396.64	313.01	10.02
	404.07	304.00	403.58	325.93	21.94
	32.57	304.91	33.61	323.00	18.12
	37.70	305.14	37.52	315.06	9.93
	430.63	305.00	431.55	326.95	21.97
	435.95	305.00	437.48	336.04	31.07
	459.78	325.98	459.08	307.00	18.99
	473.21	305.96	475.02	336.00	30.09
	477.63	305.91	479.16	336.97	31.09
	485.02	306.00	488.40	338.03	32.21
	231.08	307.01	231.20	327.98	20.97
	517.95	307.00	519.96	336.04	29.11
	490.43	307.94	491.03	325.00	17.07
	69.27	308.99	68.92	317.97	8.99
	154.11	309.01	153.85	317.97	8.96
	525.27	308.98	525.17	317.00	8.02
	549.63	308.98	551.59	338.82	29.91
	127.83	309.97	128.03	315.01	5.04
	546.54	311.07	546.65	324.99	13.93
	570.21	310.99	570.78	317.00	6.03
	577.17	310.97	577.99	328.00	17.05
	579.58	310.98	579.52	326.99	16.00
	593.18	310.98	594.86	342.01	31.07
	103.74	312.01	104.03	320.99	8.99
	597.07	312.00	599.09	341.99	30.06
	611.02	312.01	613.03	336.02	24.09
	633.61	311.83	633.85	322.03	10.20
	29.04	317.00	29.28	323.02	6.03
	226.51	318.38	227.27	326.89	8.55
	396.68	318.01	397.56	333.03	15.04
	154.04	320.00	154.47	326.01	6.03
	162.96	320.00	162.69	327.01	7.02
	345.82	322.25	345.72	329.97	7.72
	312.88	325.01	313.40	331.00	6.02
	634.04	327.00	634.25	336.02	9.02
	526.87	335.01	527.41	339.99	5.02
	613.38	337.96	613.59	342.97	5.02
	59.12	339.00	59.72	354.01	15.02
54
	324.04	3.39	341.91	4.33	17.89
	396.03	3.31	634.00	16.55	238.34
	158.95	4.71	167.86	4.45	8.92
	251.02	4.11	262.99	4.67	11.99
	266.98	5.28	272.98	5.15	6.01
	356.99	5.72	464.05	11.47	107.22
	36.06	12.46	60.98	14.09	24.97
	272.97	12.40	282.83	12.71	9.87
	478.89	13.44	578.00	17.99	99.21
	251.98	17.58	262.00	18.01	10.03
	484.09	18.26	529.06	20.64	45.03
	118.04	19.05	150.01	20.96	32.02
	385.99	19.18	393.94	19.62	7.96
	588.01	20.50	633.99	20.26	45.98
	397.97	20.41	407.93	20.34	9.96
	549.04	21.65	557.99	22.14	8.96
	373.02	24.89	411.01	25.03	37.98
	588.21	23.84	634.00	25.04	45.80
	504.96	26.48	514.98	26.54	10.02
	169.00	29.63	174.96	29.69	5.96
	90.03	39.32	114.00	38.84	23.98
	602.04	67.08	570.01	66.86	32.03
	398.00	46.94	425.01	47.94	27.02
	494.94	49.63	500.97	49.52	6.03
	29.99	55.36	37.91	55.60	7.92
	363.31	57.77	370.05	57.30	6.76
	379.04	58.42	385.04	58.27	6.00
	606.04	69.38	634.00	69.54	27.96
	596.96	69.68	604.04	69.60	7.08
	277.78	73.77	285.00	72.99	7.26
	307.99	87.99	333.00	86.00	25.09
	429.11	90.29	454.06	89.72	24.96
	548.83	100.89	567.00	98.10	18.38
	151.95	115.44	143.99	116.09	7.98
	164.05	116.26	157.04	116.64	7.02
	284.95	132.55	291.02	131.91	6.10
	231.74	138.79	240.01	137.99	8.31
	517.99	144.47	526.01	143.98	8.03
	470.55	151.45	481.18	149.82	10.76
	176.03	159.22	185.99	157.98	10.04
	149.04	185.22	155.04	184.87	6.01
	67.94	192.89	81.00	191.30	13.16
	281.07	191.60	288.93	190.71	7.90
	199.06	197.18	224.00	194.52	25.08
	388.99	196.89	395.00	195.85	6.10
	127.99	199.35	133.04	198.75	5.09
	516.69	203.86	524.95	201.83	8.51
	558.98	215.41	572.01	213.52	13.16
	41.92	241.49	48.03	240.91	6.14
	478.97	251.48	473.98	252.85	5.18
	474.68	270.60	482.96	268.17	8.63
	323.06	325.09	336.00	321.46	13.44
	440.00	332.01	458.00	328.08	18.42
	368.94	341.62	362.01	343.63	7.21
