vx	vy	vz	score	numLines
-0.99788780	-0.06495860	-0.00055934	4448.17	282
0.01955447	0.99980879	0.00008882	1940.32	111
0.92949195	-0.36883820	-0.00176015	1366.79	187

nLines	x1	y1	x2	y2	length
282
	358.38	5.47	364.00	5.80	5.63
	318.12	13.81	325.07	14.59	7.00
	62.02	45.38	84.96	47.45	23.04
	382.08	35.75	395.02	36.34	12.94
	4.00	47.96	24.08	48.63	20.10
	236.26	49.60	251.87	51.29	15.71
	88.70	55.07	95.02	55.25	6.32
	389.36	53.45	401.97	53.18	12.61
	4.00	55.07	59.98	59.35	56.14
	274.99	56.41	280.32	56.47	5.33
	136.02	61.34	125.07	60.25	11.00
	3.98	61.13	41.98	64.18	38.13
	70.00	61.19	78.10	61.36	8.11
	72.12	67.13	78.80	67.49	6.69
	234.20	66.38	250.01	67.61	15.86
	382.00	66.98	409.17	68.65	27.22
	97.94	68.56	103.96	68.82	6.03
	344.04	67.73	350.04	67.84	6.00
	4.01	68.79	61.04	71.71	57.10
	123.15	71.25	136.99	71.11	13.84
	247.10	74.61	235.04	73.65	12.10
	3.97	74.28	24.00	75.01	20.04
	342.00	74.23	354.99	73.78	13.00
	37.92	76.32	61.97	77.21	24.07
	107.72	77.40	162.03	79.43	54.35
	34.06	79.57	41.01	79.33	6.96
	102.14	80.50	111.50	80.51	9.36
	141.81	83.55	163.03	84.12	21.22
	345.82	88.66	353.09	89.10	7.28
	37.98	90.22	44.98	90.22	7.00
	70.00	91.07	76.03	91.54	6.05
	237.91	93.83	245.89	94.20	7.99
	392.87	96.42	403.00	96.56	10.12
	403.03	103.37	392.00	103.94	11.04
	336.99	109.03	358.07	108.21	21.09
	321.01	118.24	333.92	117.77	12.92
	293.00	121.47	303.00	121.02	10.01
	320.01	122.11	327.09	121.79	7.09
	410.00	124.10	423.03	123.19	13.07
	292.96	129.82	303.08	130.41	10.14
	306.88	132.40	422.99	130.35	116.13
	261.13	134.62	280.84	134.63	19.71
	36.21	136.66	49.97	136.81	13.76
	3.90	138.25	14.83	137.44	10.96
	366.11	487.69	411.92	472.79	48.17
	326.19	142.19	334.02	141.70	7.85
	380.00	144.41	397.01	144.90	17.01
	4.00	145.01	15.03	145.52	11.04
	306.99	144.83	319.01	144.80	12.02
	332.13	153.46	347.04	153.64	14.92
	100.89	159.35	108.00	158.89	7.12
	59.99	159.80	26.95	160.95	33.06
	362.13	155.86	374.01	156.01	11.88
	405.99	156.60	418.81	156.77	12.81
	81.03	158.41	64.96	159.60	16.11
	79.90	164.29	99.90	163.58	20.01
	37.39	165.47	45.94	165.69	8.55
	16.97	168.46	22.10	168.61	5.14
	22.19	178.23	30.00	178.00	7.81
	45.03	177.59	50.95	177.51	5.92
	42.00	184.87	56.97	184.28	14.98
	408.10	187.39	423.00	187.05	14.90
	51.11	191.37	62.98	190.34	11.91
	74.00	195.00	81.99	194.83	8.00
	105.44	212.61	125.86	210.65	20.52
	9.05	221.56	20.00	220.50	11.01
	26.01	241.81	37.03	241.52	11.02
	365.94	248.44	388.02	247.56	22.11
	116.03	260.16	125.98	259.94	9.96
	320.98	266.40	328.11	265.86	7.15
	388.94	267.91	394.08	267.69	5.15
	331.11	277.82	345.99	277.05	14.90
	120.10	281.35	130.96	280.73	10.88
	69.03	284.42	74.18	284.13	5.16
	111.62	286.80	116.95	286.17	5.36
	355.79	287.41	349.89	288.44	5.99
	30.87	291.11	38.12	290.42	7.28
	43.05	293.79	55.02	293.35	11.98
	68.03	304.39	62.97	304.82	5.08
	362.38	307.46	375.98	304.75	13.86
	396.11	309.30	412.08	306.25	16.26
	376.95	308.80	393.18	307.24	16.31
	100.98	308.37	95.98	309.05	5.05
	334.85	309.50	325.44	310.56	9.47
	355.79	313.52	371.02	311.21	15.40
	45.01	317.95	34.85	319.81	10.32
	333.85	312.56	338.99	311.57	5.24
	390.97	313.03	397.93	311.68	7.09
	331.02	316.49	340.89	315.66	9.90
	41.03	323.44	47.13	322.62	6.16
	394.02	326.31	409.94	323.86	16.11
	6.83	326.43	16.84	325.53	10.06
	121.73	327.48	116.52	328.45	5.30
	330.86	329.52	337.16	328.57	6.37
	374.99	344.05	421.97	334.78	47.89
	85.01	338.18	103.90	335.78	19.04
	104.10	338.54	115.85	336.40	11.94
	55.16	342.22	78.00	338.52	23.13
	106.97	341.44	115.88	340.31	8.98
	120.00	342.18	126.08	341.14	6.17
	307.01	343.04	312.03	342.34	5.07
	413.00	344.00	422.94	341.66	10.21
	347.07	348.12	372.37	344.40	25.57
	63.01	346.73	69.47	345.45	6.59
	103.98	347.13	117.09	344.52	13.37
	391.06	349.20	411.08	345.46	20.37
	319.03	349.55	334.95	345.87	16.34
	371.04	352.49	345.92	356.58	25.45
	414.99	352.48	395.22	356.67	20.21
	75.00	354.59	92.00	352.92	17.08
	356.95	359.40	346.04	360.74	11.00
	384.11	369.57	422.88	360.75	39.76
	341.77	362.34	323.01	366.13	19.14
	364.93	366.79	387.10	363.40	22.42
	51.86	365.58	58.96	364.53	7.18
	344.01	367.03	358.83	363.51	15.23
	22.87	366.65	38.78	364.57	16.04
	108.93	367.53	124.99	365.91	16.15
	422.99	365.98	402.07	371.10	21.53
	337.00	373.28	359.00	368.99	22.41
	372.00	371.52	378.94	370.54	7.01
	383.76	373.26	398.90	370.57	15.38
	370.05	372.10	358.24	374.65	12.09
	308.05	378.62	333.00	375.60	25.13
	4.04	377.09	16.92	374.77	13.09
	346.95	374.67	328.97	379.21	18.54
	374.18	376.54	381.00	374.98	6.99
	88.89	378.62	75.00	380.97	14.08
	355.05	392.44	412.97	379.18	59.42
	99.85	381.33	82.95	383.62	17.06
	97.03	387.17	133.02	381.34	36.46
	370.04	383.55	327.07	391.27	43.66
	3.98	383.86	14.10	382.18	10.26
	336.98	384.23	347.99	382.06	11.23
	333.98	403.36	423.03	384.14	91.10
	33.83	387.44	4.00	391.99	30.18
	83.04	388.65	90.95	387.64	7.98
	100.92	390.39	90.95	392.28	10.15
	120.11	392.20	127.02	391.19	6.99
	393.00	398.11	422.93	390.84	30.80
	30.96	392.78	35.93	391.72	5.09
	11.08	396.68	27.01	393.09	16.33
	316.07	402.54	353.00	392.96	38.15
	66.02	397.28	76.99	395.01	11.21
	120.02	397.07	132.04	395.19	12.17
	40.99	400.11	50.01	399.28	9.06
	56.99	402.82	94.96	397.42	38.35
	326.03	419.76	356.01	413.27	30.67
	356.95	414.27	420.93	397.95	66.03
	342.98	408.32	388.06	399.13	46.01
	85.00	403.56	99.93	401.54	15.06
	41.00	405.19	47.95	403.72	7.10
	80.00	407.66	106.98	404.89	27.12
	405.04	408.30	423.00	404.56	18.34
	9.85	409.68	35.98	406.92	26.27
	50.99	408.68	65.11	407.29	14.19
	316.73	407.41	305.99	410.15	11.08
	61.84	412.59	76.85	409.68	15.28
	306.99	417.43	338.06	410.07	31.93
	48.02	414.93	57.95	412.63	10.20
	98.96	417.51	127.96	411.90	29.54
	374.97	423.38	423.02	412.10	49.35
	338.99	423.78	388.98	412.80	51.18
	61.23	419.71	80.04	415.19	19.34
	41.04	416.23	26.02	419.12	15.29
	94.99	418.33	23.32	430.40	72.67
	125.92	419.06	87.97	426.41	38.66
	37.00	423.17	4.03	428.13	33.34
	317.95	421.40	310.04	423.61	8.21
	423.01	421.02	411.00	423.98	12.37
	111.00	427.95	126.99	425.13	16.23
	334.97	425.37	306.92	431.36	28.68
	317.00	445.89	406.97	425.87	92.17
	328.00	435.06	356.89	427.57	29.85
	4.09	434.11	20.00	431.96	16.05
	31.04	436.67	59.05	431.35	28.51
	76.99	435.10	95.03	431.65	18.37
	413.91	432.34	388.96	437.80	25.54
	51.01	439.74	63.91	436.54	13.30
	309.02	439.49	317.02	437.43	8.27
	83.01	441.05	98.00	437.81	15.33
	399.99	444.49	422.99	438.93	23.67
	94.99	445.35	116.95	439.73	22.67
	337.97	449.59	383.10	440.41	46.05
	27.92	444.11	11.99	446.82	16.16
	121.96	446.47	133.11	444.59	11.31
	381.00	449.20	396.91	445.70	16.29
	3.94	447.86	10.00	447.08	6.12
	104.98	449.76	121.15	447.28	16.36
	372.52	461.50	422.96	448.93	51.98
	321.98	453.79	335.05	451.33	13.30
	64.00	457.91	96.01	451.91	32.57
	4.04	454.61	13.02	453.22	9.09
	58.01	458.62	41.98	461.41	16.27
	34.11	455.42	50.00	453.02	16.07
	114.19	455.40	126.94	452.50	13.08
	308.09	456.73	313.94	455.21	6.04
	311.35	466.46	358.04	455.17	48.03
	4.00	461.85	20.97	458.51	17.30
	342.08	480.33	422.99	458.98	83.68
	113.82	463.32	121.98	462.15	8.24
	43.03	470.26	80.97	461.81	38.87
	14.02	466.67	35.00	462.73	21.34
	107.07	465.37	113.00	464.00	6.08
	325.02	472.62	352.07	466.57	27.71
	3.97	468.88	11.00	467.94	7.09
	80.03	470.11	90.95	467.82	11.16
	4.01	477.53	35.17	470.71	31.89
	58.40	474.49	67.02	473.05	8.73
	86.60	478.62	105.07	475.27	18.77
	307.04	477.14	320.96	474.61	14.15
	115.00	481.01	131.98	477.90	17.27
	4.07	496.25	85.41	478.35	83.28
	4.00	486.47	31.01	480.40	27.68
	340.01	480.24	306.95	488.27	34.02
	113.97	482.06	74.02	489.52	40.64
	378.97	495.91	422.99	481.95	46.18
	104.00	492.82	132.00	487.03	28.59
	124.00	498.93	131.96	497.25	8.13
	43.05	497.47	24.02	501.19	19.39
	373.94	496.24	339.99	503.45	34.71
	56.00	503.73	75.83	498.58	20.49
	367.00	511.07	400.14	502.27	34.28
	3.97	505.86	17.00	502.99	13.34
	30.99	509.44	53.97	504.91	23.42
	53.93	515.26	112.01	502.64	59.43
	415.96	510.82	423.04	509.13	7.27
	305.98	516.50	337.66	505.75	33.46
	107.97	509.69	102.75	510.56	5.29
	14.99	512.98	27.98	510.92	13.15
	395.01	516.81	409.03	513.61	14.39
	76.99	521.91	118.00	513.05	41.96
	132.13	520.35	112.01	525.02	20.65
	306.00	528.97	364.03	512.58	60.31
	413.01	527.05	423.05	524.14	10.45
	12.98	524.35	52.98	516.60	40.75
	61.23	521.35	68.16	519.83	7.09
	23.44	536.39	72.01	523.86	50.16
	3.99	526.94	11.02	525.56	7.17
	316.02	541.21	367.98	526.31	54.05
	396.05	533.20	411.08	529.70	15.43
	133.03	531.08	95.03	542.14	39.58
	52.11	538.24	71.96	534.72	20.16
	3.98	538.91	17.98	536.41	14.23
	306.90	559.52	371.06	539.58	67.19
	3.97	550.75	49.00	540.00	46.30
	421.03	540.51	397.08	548.48	25.24
	3.93	564.76	90.93	543.21	89.63
	116.01	550.15	132.97	545.84	17.51
	91.97	547.98	101.89	545.90	10.13
	65.04	564.12	114.95	550.82	51.65
	346.97	563.61	366.97	557.83	20.82
	115.95	564.49	123.04	562.32	7.41
	133.19	558.89	126.00	561.00	7.49
	319.97	572.49	341.97	566.82	22.71
	370.00	577.01	421.02	561.03	53.46
	115.09	565.23	50.01	580.98	66.96
	33.94	571.84	59.00	565.99	25.73
	59.25	575.23	65.98	573.07	7.06
	79.01	590.05	127.99	576.87	50.72
	393.52	589.59	422.93	579.34	31.14
	314.99	594.91	340.85	586.61	27.16
	315.34	589.90	320.92	587.88	5.93
	4.05	593.15	25.06	588.65	21.49
	43.94	599.46	67.18	592.48	24.27
	40.86	600.39	3.99	610.71	38.29
	305.79	600.44	297.83	603.49	8.52
	105.44	619.45	161.87	603.68	58.59
	207.92	609.31	227.14	603.69	20.03
	62.13	606.26	67.01	605.16	5.01
	264.81	614.24	288.00	606.69	24.38
	4.00	627.01	79.00	608.00	77.37
	279.33	631.55	339.96	608.93	64.71
	168.10	621.22	196.01	612.05	29.38
	364.17	623.39	386.91	614.56	24.38
	231.71	624.86	253.45	616.60	23.25
	70.91	629.86	103.03	620.22	33.54
	124.05	634.38	165.02	622.63	42.62
	222.96	627.38	202.30	634.58	21.88
	147.39	632.34	152.17	630.69	5.05
	270.12	632.28	274.98	630.83	5.07
	140.12	634.43	145.07	633.18	5.11
111
	409.71	117.92	411.72	57.00	60.95
	411.75	56.03	409.61	12.99	43.09
	378.67	3.97	377.97	115.03	111.05
	278.35	6.98	280.09	50.00	43.05
	358.79	37.02	359.85	9.08	27.96
	343.33	37.86	343.19	17.99	19.88
	354.14	13.93	354.91	32.97	19.05
	398.48	11.24	398.13	22.00	10.77
	304.14	12.98	304.30	39.10	26.12
	384.82	12.97	385.15	34.00	21.03
	367.38	13.98	366.82	110.01	96.03
	274.41	15.17	272.79	73.97	58.82
	288.83	42.06	288.07	18.01	24.06
	348.51	29.00	348.19	22.03	6.98
	302.84	23.00	301.43	46.08	23.12
	339.55	24.97	339.71	31.88	6.92
	257.88	29.97	257.40	50.05	20.08
	164.38	36.93	163.84	55.02	18.10
	330.22	35.98	329.56	45.96	10.00
	313.18	38.08	313.36	48.20	10.12
	169.74	38.98	169.52	57.10	18.12
	169.00	59.00	170.60	97.00	38.03
	246.34	52.74	246.14	57.98	5.24
	358.05	52.97	357.56	60.02	7.06
	243.34	56.04	243.47	64.01	7.98
	313.23	56.97	312.46	69.03	12.08
	262.59	68.10	262.56	73.10	5.01
	328.08	70.02	327.10	98.02	28.02
	360.94	72.01	360.50	114.03	42.03
	406.77	77.99	405.86	115.99	38.01
	256.65	76.23	257.27	85.89	9.68
	25.20	75.52	26.66	142.96	67.46
	233.66	75.04	234.81	97.00	21.99
	272.87	76.23	274.91	117.00	40.82
	306.61	75.93	305.64	129.94	54.02
	357.07	76.00	357.00	82.00	6.00
	334.89	77.00	334.91	90.01	13.01
	392.23	77.03	390.73	115.02	38.02
	164.84	78.02	165.35	97.01	19.00
	58.93	78.91	58.17	149.53	70.62
	91.79	129.15	90.11	89.00	40.18
	313.25	78.95	312.64	118.72	39.77
	343.04	105.99	342.87	87.02	18.97
	31.74	84.03	33.22	120.99	36.99
	64.90	91.00	66.16	145.91	54.93
	141.64	137.98	140.07	86.98	51.02
	289.06	88.00	287.68	121.85	33.88
	52.43	83.99	51.45	134.01	50.03
	261.66	83.89	261.69	99.95	16.06
	383.62	84.98	383.91	91.00	6.02
	93.48	87.02	93.32	95.10	8.08
	161.45	87.19	162.26	100.96	13.79
	258.00	86.99	259.58	117.01	30.06
	111.72	88.05	112.37	100.99	12.96
	136.15	134.03	135.04	97.00	37.04
	340.42	87.83	340.09	106.99	19.17
	119.43	88.52	119.35	104.99	16.48
	116.34	112.01	117.40	145.13	33.14
	48.71	89.83	48.64	99.01	9.18
	35.35	90.99	35.77	125.00	34.02
	70.98	132.54	68.24	91.10	41.53
	333.37	90.95	333.47	97.68	6.73
	423.35	91.04	423.54	97.94	6.90
	330.38	91.95	329.90	99.94	8.01
	7.96	92.98	8.04	99.00	6.02
	97.72	93.06	100.01	131.48	38.49
	107.60	92.99	110.42	133.02	40.13
	382.43	92.99	381.73	114.00	21.02
	42.81	93.97	43.69	131.06	37.11
	158.25	93.96	157.64	131.87	37.92
	74.65	95.01	75.52	129.98	34.98
	148.39	127.01	148.21	96.02	31.00
	84.98	97.00	86.12	113.04	16.08
	128.01	97.00	128.38	103.98	6.99
	244.62	97.84	244.55	107.03	9.19
	165.38	129.97	165.42	100.39	29.58
	239.81	98.95	240.32	118.99	20.05
	81.64	100.01	82.44	133.98	33.98
	281.96	99.99	283.24	121.02	21.06
	261.72	102.06	261.96	117.98	15.93
	144.42	103.05	144.39	123.07	20.02
	151.37	102.86	152.80	127.05	24.22
	423.62	103.00	423.36	114.99	11.99
	9.32	118.86	8.95	104.00	14.87
	228.34	106.99	229.05	130.96	23.98
	396.03	105.00	395.81	114.01	9.01
	5.34	105.95	5.81	132.01	26.07
	103.38	106.00	103.90	129.00	23.01
	129.38	107.06	129.20	113.96	6.91
	120.61	109.05	120.98	121.00	11.95
	247.43	113.07	247.83	129.98	16.92
	129.96	115.98	129.41	128.97	13.01
	235.10	122.01	234.68	131.93	9.93
	15.68	129.99	15.81	136.99	7.00
	33.42	132.95	32.88	147.97	15.03
	367.03	142.00	366.50	149.92	7.93
	385.43	145.95	385.07	151.01	5.07
	4.75	151.12	5.18	157.73	6.62
	28.20	152.86	28.23	157.99	5.13
	394.32	180.04	395.06	168.02	12.04
	103.06	179.01	103.21	173.10	5.90
	128.13	173.01	128.59	179.00	6.01
	25.84	207.15	25.88	215.00	7.84
	65.30	192.15	65.87	214.00	21.86
	72.82	201.90	72.63	214.98	13.08
	76.62	202.02	76.72	220.98	18.97
	7.19	214.00	7.37	220.02	6.02
	371.83	232.98	372.11	238.00	5.03
	129.00	598.00	129.22	603.94	5.94
	193.26	617.11	193.05	626.01	8.90
	199.30	622.96	199.21	630.19	7.23
187
	410.79	5.04	417.00	3.77	6.34
	276.04	5.25	283.95	3.50	8.10
	263.99	17.36	270.89	15.85	7.06
	301.14	47.07	288.02	49.07	13.27
	339.04	41.49	352.99	39.16	14.14
	311.67	54.43	305.02	55.95	6.83
	61.94	58.38	72.04	55.62	10.47
	69.00	71.99	75.06	70.60	6.22
	28.00	78.92	36.97	76.50	9.29
	317.03	99.97	324.98	99.24	7.98
	403.03	103.37	392.00	103.94	11.04
	399.97	118.51	408.05	117.55	8.14
	293.00	121.47	303.00	121.02	10.01
	178.00	122.98	191.00	121.98	13.04
	320.01	122.11	327.09	121.79	7.09
	410.00	124.10	423.03	123.19	13.07
	248.78	131.81	276.94	127.52	28.49
	306.88	132.40	422.99	130.35	116.13
	98.02	134.86	108.94	133.86	10.96
	340.21	136.10	333.02	136.81	7.22
	3.90	138.25	14.83	137.44	10.96
	326.19	142.19	334.02	141.70	7.85
	395.05	142.11	401.02	141.45	6.01
	401.88	151.67	380.01	153.90	21.99
	100.89	159.35	108.00	158.89	7.12
	122.14	156.18	131.99	154.90	9.93
	59.99	159.80	26.95	160.95	33.06
	405.99	156.60	418.81	156.77	12.81
	81.03	158.41	64.96	159.60	16.11
	79.90	164.29	99.90	163.58	20.01
	116.03	167.18	125.01	166.02	9.05
	22.19	178.23	30.00	178.00	7.81
	45.03	177.59	50.95	177.51	5.92
	42.00	184.87	56.97	184.28	14.98
	408.10	187.39	423.00	187.05	14.90
	51.11	191.37	62.98	190.34	11.91
	348.97	189.54	371.95	190.15	22.99
	63.02	218.62	50.89	218.49	12.14
	74.00	195.00	81.99	194.83	8.00
	405.00	197.99	411.12	198.29	6.13
	308.00	211.04	422.99	213.17	115.02
	106.99	216.02	112.03	216.40	5.05
	73.14	223.66	97.11	225.29	24.03
	400.68	231.48	407.91	231.49	7.24
	41.97	239.75	55.00	241.26	13.12
	76.00	240.04	104.03	240.22	28.04
	82.98	242.56	88.03	242.86	5.06
	315.01	250.91	378.00	252.60	63.01
	310.95	246.30	336.98	247.77	26.07
	400.02	249.67	420.98	250.13	20.96
	420.00	253.63	410.91	253.30	9.09
	394.05	252.69	400.16	252.67	6.11
	401.96	252.82	409.00	252.98	7.05
	51.92	271.33	58.08	272.17	6.22
	67.04	276.67	78.07	278.43	11.17
	99.02	276.52	104.97	276.98	5.97
	20.10	288.07	26.59	288.59	6.51
	125.07	295.70	120.00	295.05	5.11
	12.99	296.03	25.00	297.57	12.11
	416.00	296.19	423.10	297.18	7.16
	42.22	297.11	48.14	297.60	5.94
	340.82	306.42	346.86	307.06	6.07
	15.03	308.82	20.81	309.67	5.84
	105.00	313.04	123.92	316.48	19.23
	357.03	318.12	363.90	319.40	6.98
	341.02	321.11	346.00	321.99	5.05
	356.82	325.38	364.99	326.81	8.29
	347.06	329.38	355.97	330.11	8.94
	397.98	330.47	403.95	330.87	5.99
	44.86	335.46	55.76	338.55	11.33
	354.95	336.70	370.96	337.92	16.05
	343.81	340.37	355.03	341.94	11.33
	45.03	342.35	51.07	343.42	6.14
	95.97	341.99	102.03	343.26	6.20
	335.81	345.63	344.88	347.68	9.30
	58.90	352.69	68.97	354.49	10.24
	308.98	360.41	315.03	361.08	6.09
	38.22	360.60	45.02	362.75	7.14
	369.99	360.77	378.01	362.28	8.16
	118.14	373.65	130.79	376.30	12.93
	50.10	387.59	69.88	392.54	20.39
	316.04	417.89	324.92	419.57	9.03
	108.00	404.68	124.82	409.33	17.45
	77.85	411.67	90.01	414.94	12.59
	125.02	414.96	131.04	416.48	6.21
	410.01	424.08	402.99	422.24	7.25
	306.99	443.03	316.00	445.95	9.47
	96.00	431.44	106.96	435.26	11.61
	42.15	436.84	49.94	439.63	8.28
	318.05	437.43	329.02	439.97	11.26
	385.24	441.42	398.98	444.47	14.07
	62.35	440.47	67.92	442.55	5.94
	417.06	444.76	421.98	446.09	5.10
	19.07	447.91	25.64	450.63	7.11
	395.97	449.06	401.90	450.25	6.04
	352.87	449.63	357.94	451.19	5.31
	98.17	451.57	106.79	455.37	9.42
	40.97	461.45	35.21	458.67	6.39
	358.98	454.89	369.84	458.71	11.52
	405.95	456.14	411.90	457.31	6.07
	122.96	462.26	131.00	466.00	8.87
	345.19	459.55	355.79	462.90	11.12
	81.99	461.76	92.00	465.99	10.87
	370.88	464.25	382.75	467.53	12.32
	330.96	465.14	335.89	466.27	5.06
	308.02	467.28	337.95	478.66	32.02
	408.07	467.15	418.01	469.67	10.26
	14.17	477.47	21.81	481.22	8.50
	32.01	480.29	43.10	485.32	12.18
	72.95	489.77	60.95	485.11	12.88
	311.08	481.64	317.88	483.79	7.14
	389.25	483.46	399.86	486.62	11.07
	337.16	484.51	346.00	488.00	9.51
	93.09	487.90	102.96	492.51	10.90
	369.08	488.86	381.01	492.30	12.41
	412.13	489.57	422.94	492.24	11.14
	38.95	491.07	43.79	493.16	5.27
	68.00	493.01	81.98	498.63	15.07
	113.06	493.91	123.00	498.40	10.91
	349.11	494.25	359.95	498.16	11.53
	390.22	495.36	404.02	500.23	14.64
	339.00	503.63	325.31	499.35	14.35
	44.00	498.02	54.97	503.48	12.25
	369.11	500.75	377.86	503.15	9.07
	348.06	505.85	366.00	511.00	18.66
	18.00	503.01	29.99	509.42	13.60
	112.99	502.53	123.68	508.34	12.17
	306.83	505.52	315.77	509.36	9.73
	90.80	509.19	99.76	514.34	10.34
	329.02	511.48	344.86	516.50	16.61
	381.24	511.59	393.97	516.40	13.61
	410.04	513.60	422.97	517.07	13.40
	119.01	513.09	133.01	519.26	15.30
	357.02	516.49	372.95	522.69	17.09
	390.00	519.98	412.01	526.82	23.05
	41.23	521.59	49.93	526.13	9.81
	72.99	524.72	82.96	530.52	11.53
	336.05	522.83	351.93	528.09	16.72
	87.00	524.66	91.98	527.33	5.65
	306.00	538.00	315.00	541.37	9.61
	110.26	530.70	117.82	534.29	8.37
	322.99	530.03	330.88	533.22	8.52
	413.12	530.62	422.99	533.46	10.27
	94.01	542.27	76.11	533.37	19.99
	47.07	531.85	54.34	536.09	8.42
	308.94	533.23	315.63	536.37	7.40
	351.18	533.57	367.01	538.97	16.73
	19.00	536.27	29.57	542.34	12.19
	50.00	539.92	62.72	547.24	14.68
	102.00	542.61	114.91	548.64	14.25
	318.19	542.64	334.10	548.31	16.89
	24.82	548.24	34.92	554.12	11.68
	77.17	548.76	88.11	555.35	12.78
	48.13	555.79	64.02	564.09	17.93
	397.00	550.80	423.03	559.20	27.36
	9.88	553.81	15.32	556.79	6.20
	327.04	555.90	345.93	562.67	20.06
	379.01	559.97	393.95	565.22	15.83
	343.04	566.63	369.00	577.02	27.96
	21.38	563.40	44.94	580.06	28.86
	306.73	564.50	323.86	570.40	18.12
	408.09	567.32	423.12	573.24	16.16
	94.01	571.99	103.36	577.71	10.96
	382.03	575.44	402.82	584.48	22.67
	320.02	575.96	342.99	585.63	24.92
	62.12	579.88	78.05	590.09	18.92
	4.05	579.52	15.92	588.12	14.66
	305.89	590.58	313.98	594.05	8.81
	346.65	587.39	358.93	593.12	13.55
	26.05	588.56	40.81	599.22	18.20
	389.02	592.10	412.32	602.73	25.61
	101.16	604.83	115.04	614.95	17.18
	322.01	597.99	340.97	606.65	20.85
	8.01	600.73	12.21	603.92	5.28
	122.20	633.70	104.18	621.43	21.80
	289.01	606.51	306.97	616.54	20.57
	301.53	609.47	313.98	616.42	14.25
	153.03	615.06	146.68	611.05	7.51
	249.24	610.51	255.81	614.42	7.64
	138.10	612.85	155.79	623.36	20.58
	328.97	615.08	335.92	618.29	7.65
	383.90	634.20	364.02	624.49	22.12
	396.89	615.78	417.03	625.47	22.35
	165.94	622.46	185.76	634.16	23.01
	30.97	623.04	44.80	634.18	17.76
	305.06	624.41	314.08	628.39	9.85
	241.00	631.03	247.06	633.92	6.72
