vx	vy	vz	score	numLines
0.99999942	0.00107810	0.00000073	5327.57	189
-0.24417474	0.96973097	-0.00074212	4005.37	204
-0.51198303	0.85898740	0.00374387	877.67	83

nLines	x1	y1	x2	y2	length
189
	312.06	63.55	331.00	63.80	18.93
	311.02	72.44	331.93	72.72	20.91
	242.01	83.15	248.99	82.86	6.99
	334.79	95.42	293.00	96.05	41.80
	336.00	96.89	350.00	95.95	14.03
	357.97	95.85	364.00	96.17	6.03
	423.03	95.84	431.00	95.96	7.97
	182.98	106.61	481.07	106.53	298.09
	150.02	111.43	492.94	112.47	342.93
	157.99	117.26	480.55	117.46	322.56
	480.37	120.40	158.92	120.43	321.46
	166.01	128.37	483.98	129.41	317.98
	171.04	145.08	159.95	145.11	11.09
	491.01	156.40	526.98	155.78	35.98
	284.02	144.46	296.04	144.59	12.02
	406.13	139.12	417.98	139.56	11.86
	224.06	138.61	235.97	138.05	11.92
	356.01	139.43	350.00	139.79	6.01
	142.05	154.87	151.74	154.53	9.70
	134.00	154.89	141.01	154.89	7.01
	262.90	156.34	274.99	155.84	12.10
	187.01	166.11	180.00	166.03	7.02
	43.00	161.02	92.98	158.85	50.03
	202.94	160.03	212.02	160.05	9.08
	97.00	160.98	148.01	160.80	51.01
	241.98	166.06	250.99	165.87	9.01
	584.00	161.28	595.01	161.27	11.02
	401.03	166.12	391.92	165.54	9.13
	493.07	163.76	525.00	163.07	31.93
	541.93	163.25	552.00	162.77	10.09
	51.02	164.98	69.91	164.90	18.89
	134.97	165.14	141.99	165.21	7.02
	48.01	169.42	66.93	168.66	18.94
	70.01	169.06	75.96	168.77	5.96
	78.15	168.55	86.87	168.60	8.72
	225.01	169.97	230.01	169.63	5.01
	172.98	171.73	189.02	171.58	16.04
	235.97	171.53	262.00	172.83	26.06
	191.81	172.45	198.98	172.69	7.18
	201.03	171.75	216.00	171.75	14.97
	391.01	171.71	408.00	172.16	16.99
	427.01	171.96	448.02	172.64	21.02
	451.92	172.59	470.01	172.19	18.09
	63.00	178.09	85.84	177.43	22.85
	530.00	174.66	552.00	174.84	22.00
	560.00	178.05	593.01	176.97	33.02
	87.97	178.66	146.00	179.01	58.03
	177.09	179.17	216.00	179.99	38.92
	241.05	179.18	266.00	179.23	24.95
	391.02	179.39	408.93	180.40	17.94
	426.93	180.38	470.98	180.24	44.06
	488.80	179.52	526.01	178.83	37.21
	84.99	185.55	93.01	185.39	8.02
	177.86	186.77	207.96	186.32	30.11
	241.96	186.83	266.95	186.56	25.00
	435.03	186.66	464.01	186.85	28.98
	533.00	185.86	547.00	186.04	14.00
	390.03	186.65	400.98	187.12	10.96
	563.97	187.86	601.95	187.63	37.98
	51.10	188.16	62.01	188.06	10.91
	74.99	188.93	91.07	188.09	16.10
	497.02	188.14	511.83	188.65	14.82
	113.00	188.79	130.99	189.04	17.99
	515.01	188.83	526.01	188.94	11.00
	534.00	191.03	553.00	190.99	19.00
	538.04	196.48	558.99	197.08	20.96
	544.03	206.39	554.95	206.42	10.92
	537.03	208.56	552.99	209.26	15.97
	80.18	209.32	112.87	209.79	32.70
	119.97	209.22	128.02	209.57	8.05
	110.03	216.71	82.19	217.38	27.85
	524.95	223.88	514.92	224.23	10.03
	177.13	214.47	189.92	214.44	12.80
	194.00	214.93	205.92	215.72	11.94
	242.00	214.75	254.00	215.32	12.01
	389.98	215.63	400.94	215.28	10.96
	436.98	215.33	448.98	215.17	12.00
	453.06	215.29	464.97	215.17	11.91
	536.91	215.52	563.03	215.78	26.12
	258.13	215.71	266.05	215.72	7.91
	119.99	221.10	129.17	220.59	9.19
	580.95	222.92	569.95	223.62	11.02
	525.09	219.45	514.01	219.77	11.09
	569.99	219.50	579.99	218.97	10.01
	538.99	220.87	561.96	220.59	22.98
	547.02	224.52	562.94	224.16	15.92
	557.95	229.46	546.00	229.96	11.97
	544.01	237.15	557.01	237.45	13.00
	540.92	240.55	547.96	240.69	7.05
	191.00	242.70	203.00	243.26	12.01
	241.05	243.49	251.99	243.75	10.94
	390.00	243.81	401.99	243.38	12.00
	438.96	243.40	451.82	243.66	12.86
	455.13	243.61	467.01	242.84	11.90
	257.04	243.76	266.00	243.70	8.96
	479.00	248.80	523.00	247.45	44.03
	64.99	246.90	73.00	247.02	8.01
	119.01	247.55	254.95	247.63	135.94
	390.99	248.89	467.07	248.45	76.08
	79.00	251.78	89.94	252.23	10.95
	93.14	252.46	105.00	252.23	11.86
	35.05	254.86	45.06	255.22	10.02
	558.00	261.50	566.96	261.34	8.95
	36.01	262.69	52.24	263.55	16.25
	238.00	263.43	246.71	263.11	8.72
	632.99	264.45	622.02	265.19	11.00
	527.95	267.34	427.00	269.99	100.98
	426.00	270.01	397.96	269.29	28.05
	425.04	265.78	433.00	266.02	7.96
	259.01	265.95	266.06	265.67	7.05
	206.01	269.39	267.00	268.83	60.99
	114.00	268.02	185.00	268.28	70.99
	625.98	268.18	634.01	268.16	8.02
	16.01	272.01	112.04	271.27	96.03
	576.00	270.12	620.00	269.95	44.00
	530.00	271.09	538.93	271.23	8.93
	545.01	271.21	555.99	270.82	10.98
	577.00	277.15	621.01	276.43	44.01
	16.97	277.40	112.00	278.31	95.03
	628.00	280.38	633.99	280.22	5.99
	455.82	282.98	472.00	282.00	16.21
	558.00	281.97	567.97	282.48	9.99
	628.02	282.53	634.01	282.93	6.00
	16.00	284.85	189.98	286.30	173.98
	578.00	284.54	623.01	284.31	45.00
	532.04	286.34	540.33	286.59	8.30
	390.01	287.64	442.98	286.57	52.98
	448.96	287.33	513.00	285.63	64.06
	207.92	287.55	267.04	287.22	59.12
	193.12	289.46	188.06	289.68	5.07
	552.99	289.91	567.00	290.14	14.01
	578.98	291.81	624.00	290.80	45.02
	15.00	292.61	129.38	295.60	114.42
	194.97	295.87	209.39	295.99	14.42
	511.29	296.08	526.96	295.64	15.67
	469.02	296.53	508.98	297.93	39.99
	133.99	298.05	157.26	297.77	23.28
	452.00	296.89	460.01	297.38	8.02
	213.00	297.91	225.85	298.39	12.86
	390.99	298.89	406.98	299.88	16.02
	415.59	299.04	430.03	298.32	14.47
	13.00	299.25	110.95	300.73	97.96
	530.98	300.16	540.11	300.27	9.13
	580.96	299.38	626.01	298.96	45.05
	11.00	307.96	110.00	308.97	99.00
	547.01	307.45	577.00	306.95	30.00
	581.93	307.33	629.03	306.75	47.10
	531.98	308.22	543.23	308.42	11.25
	579.00	315.04	630.00	315.03	51.00
	8.99	316.10	62.74	316.67	53.75
	546.07	315.42	557.00	315.14	10.94
	562.00	315.27	574.99	315.36	12.99
	77.98	341.95	62.60	342.61	15.39
	64.98	317.99	96.02	316.56	31.07
	98.01	316.05	108.00	316.08	9.99
	185.00	315.92	193.03	316.18	8.03
	448.12	316.30	458.00	315.93	9.89
	80.06	328.02	65.62	328.40	14.45
	579.98	322.78	630.99	322.43	51.02
	7.00	324.01	61.00	324.03	54.00
	390.96	323.81	401.97	324.18	11.02
	97.98	324.17	106.99	323.82	9.02
	253.01	324.02	265.99	324.10	12.99
	533.97	323.84	543.00	323.67	9.03
	498.01	328.01	504.31	327.65	6.31
	97.95	328.57	108.96	328.57	11.01
	580.88	329.50	632.99	330.76	52.12
	6.00	331.87	60.00	330.85	54.01
	459.06	331.50	452.00	331.50	7.06
	535.98	331.27	543.99	330.81	8.02
	89.85	341.83	80.90	342.32	8.96
	594.03	335.66	622.00	335.23	27.97
	15.94	337.88	46.90	337.43	30.97
	44.00	351.98	13.98	352.65	30.02
	98.93	337.76	104.99	337.80	6.06
	583.00	338.91	590.00	338.75	7.00
	4.01	340.04	12.00	340.01	7.99
	50.03	339.60	58.00	340.11	7.99
	550.00	344.13	562.00	344.58	12.01
	566.01	344.17	577.95	344.66	11.95
	209.02	345.71	216.77	345.37	7.76
	62.91	346.96	74.96	346.48	12.06
	584.00	346.56	591.98	346.42	7.98
	628.98	346.33	634.04	346.39	5.07
	82.04	346.69	87.99	346.81	5.95
	3.99	348.35	10.00	348.18	6.01
	49.00	348.06	57.01	348.10	8.01
	625.86	349.50	597.00	349.97	28.87
	61.99	354.22	73.06	354.37	11.07
204
	321.36	74.00	321.48	94.03	20.03
	315.81	75.02	316.37	93.86	18.84
	326.89	74.99	327.99	94.00	19.04
	332.38	74.86	333.58	94.03	19.21
	310.54	76.01	309.08	94.01	18.06
	303.89	81.02	303.88	92.00	10.98
	339.31	83.00	339.02	92.00	9.00
	298.75	89.99	298.73	95.03	5.04
	199.28	133.02	197.44	153.64	20.70
	209.57	133.10	207.70	152.95	19.93
	248.79	133.07	249.01	153.00	19.93
	259.48	133.14	259.75	152.00	18.86
	271.17	133.02	269.88	153.97	20.99
	310.26	133.05	310.46	154.06	21.01
	322.05	133.01	321.56	149.92	16.92
	332.79	132.90	332.10	154.02	21.13
	372.18	132.95	373.28	153.96	21.04
	393.83	132.87	394.24	154.08	21.22
	433.44	132.82	434.88	154.01	21.24
	454.88	132.91	455.86	153.01	20.12
	186.13	134.03	184.02	153.01	19.10
	192.49	134.01	191.43	153.15	19.17
	205.14	134.01	203.03	153.00	19.11
	253.45	134.07	253.54	153.07	19.00
	265.68	134.02	265.09	153.01	19.00
	383.00	134.00	383.59	153.00	19.01
	443.68	134.02	446.38	152.94	19.11
	466.26	134.90	466.45	139.97	5.07
	315.78	135.07	315.56	153.04	17.98
	327.04	135.01	327.35	153.05	18.04
	376.86	134.97	377.96	153.00	18.06
	389.02	135.00	389.81	153.00	18.02
	241.43	137.91	240.76	155.13	17.23
	485.05	138.94	495.05	244.99	106.52
	339.04	143.00	339.17	154.00	11.01
	177.02	145.00	176.38	154.01	9.04
	300.88	144.99	300.76	153.13	8.14
	246.35	146.03	246.43	153.13	7.10
	366.14	146.02	366.39	154.02	8.00
	463.12	145.98	464.01	154.00	8.07
	95.19	147.24	94.01	152.55	5.45
	172.56	146.97	162.30	245.99	99.56
	220.59	147.05	219.07	159.01	12.06
	234.27	148.01	228.60	246.94	99.10
	282.86	148.00	282.23	159.04	11.06
	297.00	148.00	297.22	169.01	21.01
	345.80	148.00	345.44	169.04	21.04
	360.11	148.00	360.86	169.00	21.02
	408.90	148.02	414.23	246.00	98.13
	422.65	148.04	423.84	159.02	11.05
	470.24	148.98	479.97	246.00	97.51
	157.95	153.99	154.46	179.84	26.08
	164.45	154.01	163.84	163.99	10.00
	226.75	154.98	226.03	168.01	13.05
	151.14	158.03	149.97	168.01	10.05
	491.32	160.00	493.19	173.07	13.20
	282.62	162.92	282.02	169.00	6.10
	424.19	162.96	429.93	246.01	83.25
	219.14	164.01	217.68	179.98	16.04
	527.97	175.00	546.19	306.87	133.12
	172.32	210.03	176.46	179.73	30.58
	35.36	181.04	25.86	231.97	51.80
	560.29	180.94	578.21	304.87	125.23
	605.02	181.00	619.18	255.96	76.28
	141.81	233.02	147.99	187.00	46.44
	210.49	203.99	212.28	188.08	16.01
	153.82	187.96	146.96	245.00	57.46
	208.55	187.86	206.55	210.94	23.16
	217.16	188.01	212.61	245.01	57.18
	238.35	188.00	237.86	211.99	23.99
	494.67	187.99	500.96	245.01	57.36
	188.24	189.03	187.14	210.01	21.01
	193.75	188.99	192.44	212.03	23.07
	199.20	189.02	197.91	210.00	21.02
	203.99	189.00	203.33	199.05	10.07
	242.61	188.67	241.98	210.00	21.33
	246.91	188.98	246.14	210.01	21.04
	404.87	189.01	408.83	245.07	56.20
	454.66	189.08	455.69	210.02	20.96
	459.07	188.99	460.71	210.03	21.10
	463.11	189.07	464.96	210.00	21.02
	468.90	189.01	473.85	245.02	56.23
	257.47	190.02	256.45	211.98	21.98
	400.08	190.01	401.11	210.98	20.99
	443.57	190.20	444.52	211.08	20.90
	448.84	190.02	450.70	211.99	22.05
	180.06	191.01	178.29	211.42	20.49
	183.29	191.09	182.12	210.00	18.94
	251.86	191.99	251.14	210.01	18.03
	396.04	191.99	396.27	203.15	11.15
	438.76	192.02	439.98	210.00	18.02
	391.64	199.23	391.80	211.00	11.77
	432.39	198.96	432.43	204.96	6.00
	203.61	200.98	202.43	210.02	9.12
	396.56	205.98	396.90	211.00	5.03
	171.74	213.11	168.32	246.01	33.08
	236.27	213.03	234.16	246.01	33.05
	191.37	215.99	189.67	239.00	23.07
	256.70	216.00	255.48	239.00	23.03
	452.80	239.02	450.68	215.96	23.16
	465.38	216.31	467.59	237.96	21.76
	177.07	217.01	175.23	238.02	21.10
	241.60	216.99	240.90	237.98	21.00
	401.44	217.04	402.72	238.97	21.97
	134.27	218.04	132.64	230.83	12.90
	433.04	217.99	433.45	236.01	18.02
	110.64	219.10	109.01	231.00	12.01
	205.84	218.96	203.77	238.91	20.05
	106.23	220.24	104.58	227.95	7.88
	85.54	224.87	84.51	230.91	6.13
	582.99	225.00	583.89	230.04	5.12
	145.18	233.01	143.82	243.97	11.05
	434.70	237.02	435.18	245.99	8.98
	207.96	238.00	207.85	245.00	7.00
	93.24	239.96	91.76	248.98	9.14
	22.59	241.04	19.95	256.98	16.16
	101.32	241.02	100.05	248.01	7.10
	77.29	242.04	73.25	268.04	26.31
	117.74	248.98	115.72	265.10	16.25
	524.35	248.98	526.53	263.99	15.16
	254.76	251.00	254.50	263.16	12.16
	259.50	251.04	259.38	260.36	9.32
	453.55	251.01	454.55	262.17	11.20
	227.90	252.01	227.61	263.37	11.37
	502.16	251.98	502.67	258.01	6.05
	88.93	266.99	91.09	252.99	14.16
	219.83	253.20	219.36	259.95	6.77
	414.81	253.01	415.68	262.04	9.07
	423.05	252.96	423.47	261.64	8.68
	442.24	252.85	442.34	261.74	8.88
	80.10	254.86	77.30	266.97	12.43
	158.50	254.03	157.84	260.15	6.16
	194.52	254.25	193.89	260.95	6.72
	237.50	253.96	236.58	261.43	7.52
	93.32	254.89	92.10	268.01	13.18
	99.29	255.94	97.23	268.00	12.24
	104.87	255.95	103.25	267.93	12.08
	8.09	261.65	3.41	279.86	18.80
	3.43	327.86	15.54	272.62	56.55
	124.96	270.99	124.54	276.94	5.96
	441.65	276.01	442.51	283.03	7.08
	192.81	295.99	191.54	309.93	13.99
	432.68	299.00	434.87	354.01	55.05
	209.67	296.95	207.71	354.03	57.11
	517.19	353.98	511.29	297.01	57.27
	113.87	296.99	109.12	326.02	29.42
	527.79	297.03	533.63	333.97	37.40
	223.80	306.00	220.74	353.98	48.08
	421.91	354.01	419.15	307.98	46.11
	485.96	299.01	491.41	353.85	55.12
	130.43	300.02	127.36	329.01	29.15
	148.59	354.02	154.11	304.01	50.31
	156.86	302.93	156.03	320.00	17.09
	155.98	321.00	151.51	350.78	30.11
	487.54	302.38	493.58	353.98	51.96
	205.57	302.96	204.01	319.01	16.12
	395.53	304.96	396.24	313.05	8.12
	463.15	304.97	463.51	310.87	5.91
	632.14	307.92	634.57	317.90	10.27
	229.76	309.98	227.13	354.01	44.11
	413.27	313.03	415.85	354.01	41.07
	165.45	315.03	161.83	353.99	39.12
	61.93	342.96	64.60	318.99	24.12
	575.85	316.07	576.79	322.04	6.05
	194.39	316.81	191.66	340.00	23.35
	476.95	316.99	480.75	354.03	37.24
	545.39	317.01	547.28	328.85	12.00
	233.63	318.00	232.89	326.99	9.02
	447.97	318.01	451.50	354.24	36.40
	559.79	318.02	563.45	340.01	22.29
	565.02	318.00	568.20	338.98	21.22
	569.26	318.01	573.00	339.00	21.32
	573.83	318.02	577.44	339.86	22.13
	87.45	319.04	86.74	325.07	6.07
	548.90	319.01	550.42	328.98	10.08
	553.64	319.03	557.08	338.99	20.25
	92.63	320.22	91.46	329.08	8.94
	409.30	319.99	411.18	353.99	34.05
	577.54	324.05	578.34	331.13	7.12
	202.51	326.92	200.94	340.94	14.11
	122.32	328.01	121.02	336.01	8.11
	97.26	329.09	93.15	354.01	25.26
	232.84	330.01	231.84	353.99	24.00
	548.10	330.75	549.46	337.82	7.20
	108.48	331.89	105.08	354.01	22.38
	127.64	332.03	125.12	354.02	22.13
	182.20	335.02	179.94	353.99	19.10
	460.20	334.95	462.81	354.03	19.26
	593.44	336.30	595.83	349.70	13.61
	12.59	352.32	15.43	338.29	14.31
	452.89	337.00	454.27	351.97	15.04
	533.99	337.00	535.92	350.03	13.17
	539.89	337.08	541.33	349.72	12.72
	47.49	338.10	44.57	351.54	13.75
	508.74	339.07	510.39	354.02	15.04
	61.39	343.93	59.42	354.07	10.33
	217.49	346.00	216.60	354.01	8.06
	425.53	346.00	426.01	354.00	8.01
	578.41	346.03	579.94	354.02	8.14
	553.20	346.99	553.90	354.07	7.12
	558.00	347.00	558.78	354.11	7.15
	569.23	346.97	570.29	352.47	5.60
	574.17	346.98	574.90	354.04	7.10
	549.54	347.99	550.30	354.02	6.08
83
	144.01	105.03	320.99	31.98	191.46
	170.02	102.04	320.99	39.46	163.42
	181.16	103.44	320.95	44.75	151.62
	192.18	101.33	320.97	47.87	139.45
	307.24	68.40	313.09	66.14	6.28
	284.20	88.65	289.62	86.52	5.82
	446.38	153.94	434.07	155.72	12.44
	173.03	137.24	164.06	139.28	9.20
	286.98	136.98	282.10	138.28	5.05
	110.32	153.95	104.02	155.87	6.59
	323.99	156.61	337.97	155.33	14.04
	389.96	156.63	395.98	155.90	6.07
	369.96	161.54	377.37	160.89	7.44
	244.04	161.30	256.19	158.31	12.51
	538.99	162.29	529.00	162.99	10.01
	541.93	163.25	552.00	162.77	10.09
	597.00	163.94	576.72	165.57	20.34
	119.03	168.55	130.72	165.61	12.06
	560.00	178.05	593.01	176.97	33.02
	488.80	179.52	526.01	178.83	37.21
	148.07	186.13	153.01	185.15	5.03
	563.97	187.86	601.95	187.63	37.98
	534.00	191.03	553.00	190.99	19.00
	60.00	195.14	68.98	194.21	9.03
	53.99	202.21	59.00	201.72	5.04
	127.92	203.37	112.95	204.46	15.01
	544.03	206.39	554.95	206.42	10.92
	110.03	216.71	82.19	217.38	27.85
	524.95	223.88	514.92	224.23	10.03
	177.13	214.47	189.92	214.44	12.80
	389.98	215.63	400.94	215.28	10.96
	436.98	215.33	448.98	215.17	12.00
	453.06	215.29	464.97	215.17	11.91
	536.91	215.52	563.03	215.78	26.12
	258.13	215.71	266.05	215.72	7.91
	119.99	221.10	129.17	220.59	9.19
	580.95	222.92	569.95	223.62	11.02
	525.09	219.45	514.01	219.77	11.09
	569.99	219.50	579.99	218.97	10.01
	538.99	220.87	561.96	220.59	22.98
	547.02	224.52	562.94	224.16	15.92
	557.95	229.46	546.00	229.96	11.97
	544.01	237.15	557.01	237.45	13.00
	540.92	240.55	547.96	240.69	7.05
	175.02	242.54	186.94	243.44	11.96
	191.00	242.70	203.00	243.26	12.01
	241.05	243.49	251.99	243.75	10.94
	390.00	243.81	401.99	243.38	12.00
	438.96	243.40	451.82	243.66	12.86
	257.04	243.76	266.00	243.70	8.96
	469.05	247.79	478.02	248.63	9.02
	479.00	248.80	523.00	247.45	44.03
	64.99	246.90	73.00	247.02	8.01
	119.01	247.55	254.95	247.63	135.94
	390.99	248.89	467.07	248.45	76.08
	79.00	251.78	89.94	252.23	10.95
	24.00	253.99	30.97	254.55	6.99
	558.00	261.50	566.96	261.34	8.95
	194.17	265.14	200.04	265.97	5.93
	551.94	264.29	567.96	265.49	16.06
	248.87	265.46	255.01	266.24	6.19
	426.00	270.01	397.96	269.29	28.05
	425.04	265.78	433.00	266.02	7.96
	185.62	266.58	205.00	269.23	19.55
	625.98	268.18	634.01	268.16	8.02
	576.00	270.12	620.00	269.95	44.00
	530.00	271.09	538.93	271.23	8.93
	191.00	277.96	199.64	278.70	8.67
	137.85	273.10	150.05	275.04	12.35
	545.17	274.59	552.03	275.47	6.92
	558.00	281.97	567.97	282.48	9.99
	402.81	283.36	408.99	284.03	6.22
	628.02	282.53	634.01	282.93	6.00
	190.98	286.29	211.01	289.73	20.32
	532.04	286.34	540.33	286.59	8.30
	513.99	285.50	531.02	287.71	17.17
	484.96	292.71	490.30	293.54	5.40
	531.96	292.59	540.18	293.71	8.29
	452.00	296.89	460.01	297.38	8.02
	390.99	298.89	406.98	299.88	16.02
	179.00	300.03	187.87	302.33	9.16
	134.20	300.81	150.98	304.11	17.11
	627.00	337.94	634.02	338.48	7.04
