vx	vy	vz	score	numLines
0.99877549	0.04947177	0.00024250	5448.89	263
-0.02551037	0.99967451	-0.00029316	2894.46	206
0.95271837	-0.30383288	-0.00364384	288.53	130

nLines	x1	y1	x2	y2	length
263
	597.99	4.94	634.00	5.74	36.02
	325.04	11.16	336.25	11.04	11.21
	313.00	10.40	318.90	10.66	5.91
	78.94	13.39	224.99	21.29	146.26
	226.02	21.30	301.01	29.72	75.47
	302.02	29.80	432.99	34.96	131.07
	69.99	20.63	5.00	14.67	65.26
	268.05	14.36	274.12	14.59	6.07
	586.02	35.68	362.01	27.90	224.14
	276.09	18.27	288.11	19.34	12.06
	106.07	21.15	118.01	20.92	11.95
	15.00	21.00	27.03	21.45	12.04
	142.69	22.51	172.01	23.38	29.33
	77.00	23.22	125.99	25.70	49.05
	202.02	23.30	235.09	25.40	33.13
	282.08	24.28	301.01	25.02	18.95
	318.99	25.74	341.69	26.35	22.71
	115.19	27.33	138.03	28.63	22.87
	253.01	27.41	267.05	28.44	14.08
	344.11	26.76	360.01	28.13	15.95
	8.89	30.76	139.00	39.21	130.39
	145.08	31.37	179.66	33.61	34.66
	183.02	33.18	449.99	45.08	267.24
	441.05	35.50	450.08	36.34	9.08
	595.01	43.51	621.07	44.47	26.09
	451.99	36.62	544.04	40.86	92.14
	147.00	39.03	154.00	39.05	7.00
	22.04	40.30	33.95	41.18	11.94
	170.95	40.29	179.00	40.86	8.07
	467.85	45.19	480.99	45.61	13.15
	35.95	41.29	45.99	41.91	10.06
	183.05	40.73	215.06	42.67	32.06
	547.23	41.37	584.99	43.01	37.80
	49.99	42.06	104.05	45.46	54.17
	219.00	42.73	227.11	43.30	8.13
	228.94	43.13	249.00	44.06	20.08
	264.97	44.03	285.01	45.49	20.10
	64.14	65.72	90.95	67.24	26.86
	421.31	70.06	438.91	71.76	17.68
	489.03	45.40	511.00	47.09	22.03
	107.92	45.53	117.13	46.34	9.24
	118.93	46.15	140.05	47.50	21.17
	289.01	45.83	317.99	47.76	29.05
	546.91	46.59	633.99	49.12	87.12
	332.33	47.50	343.92	48.33	11.62
	431.99	52.13	448.00	51.93	16.01
	152.85	48.80	160.02	48.74	7.17
	345.92	47.88	351.05	48.25	5.15
	377.92	49.57	384.99	49.89	7.08
	388.89	50.38	417.06	51.53	28.19
	428.03	51.50	421.99	51.63	6.04
	243.02	52.90	249.00	53.03	5.98
	260.00	54.07	269.00	53.98	9.00
	475.99	54.14	481.01	54.21	5.02
	486.01	54.35	493.97	54.33	7.96
	506.00	74.02	532.98	74.90	27.00
	525.80	55.51	533.87	55.66	8.07
	555.02	56.67	587.47	58.65	32.51
	345.01	56.97	351.99	57.48	7.00
	591.67	57.64	634.00	57.98	42.33
	151.97	57.88	161.02	58.21	9.05
	243.12	58.22	251.06	58.30	7.95
	360.97	58.14	368.99	58.63	8.04
	261.07	59.14	267.00	58.97	5.93
	171.98	61.12	179.99	61.63	8.03
	154.01	62.01	161.01	62.45	7.02
	184.03	61.79	192.00	62.02	7.98
	194.00	62.97	215.92	62.67	21.92
	243.07	62.28	251.97	62.58	8.91
	289.19	66.46	338.98	68.48	49.83
	11.00	62.98	46.00	64.99	35.06
	219.03	63.29	239.02	64.16	20.01
	561.14	64.47	567.01	64.52	5.87
	49.89	65.23	61.91	65.84	12.04
	177.96	66.16	188.95	67.31	11.04
	274.02	65.88	286.00	66.19	11.98
	345.89	66.29	353.02	66.47	7.13
	92.78	67.25	104.00	68.12	11.26
	207.00	68.13	212.98	68.31	5.98
	361.99	66.72	370.00	66.99	8.02
	10.05	68.25	46.00	69.07	35.96
	108.99	68.38	118.09	69.31	9.15
	582.86	85.24	587.99	85.23	5.12
	50.00	69.02	104.94	71.71	55.01
	375.18	69.35	387.99	69.97	12.83
	389.97	70.12	419.00	71.24	29.05
	444.93	69.56	451.80	69.54	6.86
	294.00	71.05	307.03	71.22	13.03
	345.66	71.05	353.00	71.03	7.33
	363.19	71.23	369.98	71.11	6.78
	16.99	72.15	49.00	73.20	32.03
	108.11	71.71	134.83	72.47	26.73
	309.07	72.53	324.99	72.14	15.92
	327.02	73.33	337.98	73.12	10.97
	485.13	73.35	504.95	74.28	19.84
	6.95	74.79	12.01	74.79	5.06
	78.88	75.43	111.00	77.36	32.18
	86.02	75.42	97.00	76.11	11.00
	386.03	75.14	396.05	75.40	10.02
	398.00	75.55	425.96	76.59	27.98
	19.86	77.71	35.84	78.57	16.01
	63.06	76.71	69.17	76.59	6.11
	122.00	79.00	115.01	78.96	6.99
	121.16	76.75	139.05	77.82	17.92
	142.99	76.95	167.03	77.70	24.05
	540.37	77.32	545.97	77.29	5.60
	438.29	86.81	470.03	87.83	31.75
	498.06	79.53	518.00	78.94	19.95
	55.72	80.69	64.00	80.63	8.28
	128.99	86.38	7.49	83.45	121.54
	147.00	83.79	165.01	84.27	18.02
	602.97	84.34	613.01	84.06	10.04
	359.00	84.94	373.95	85.60	14.96
	574.00	84.98	581.26	85.52	7.28
	135.99	85.65	141.99	86.23	6.03
	151.78	89.38	161.00	89.25	9.22
	387.01	86.97	436.01	88.46	49.03
	3.98	88.62	111.97	91.40	108.03
	473.94	87.71	480.95	88.32	7.04
	574.01	87.84	589.99	87.95	15.98
	485.63	89.40	493.11	89.80	7.49
	599.00	88.61	605.00	88.95	6.01
	358.06	90.72	382.99	91.45	24.94
	497.00	90.64	536.02	90.10	39.02
	543.02	90.13	559.17	90.54	16.15
	386.99	92.40	434.98	94.10	48.03
	446.05	92.55	481.00	94.05	34.99
	573.98	92.56	625.01	92.96	51.02
	5.97	95.46	15.01	95.84	9.05
	20.01	95.08	89.00	97.99	69.05
	539.16	95.60	561.01	95.91	21.85
	610.02	96.35	633.99	95.76	23.98
	382.07	95.80	440.99	96.83	58.94
	485.00	95.81	530.84	96.36	45.85
	96.97	99.33	138.08	100.39	41.12
	439.05	102.32	414.04	102.31	25.01
	522.04	100.41	537.93	100.58	15.89
	551.04	100.11	560.92	100.35	9.88
	571.98	98.69	633.99	100.26	62.03
	393.00	101.17	410.86	102.65	17.92
	473.02	104.49	493.03	103.72	20.02
	560.21	104.35	597.93	105.57	37.74
	446.97	104.56	455.10	104.31	8.14
	513.02	104.53	531.86	104.65	18.84
	601.05	104.59	608.01	105.25	6.99
	599.98	106.71	633.97	105.77	34.00
	421.03	106.65	439.02	107.32	18.01
	468.00	106.53	474.29	106.61	6.30
	543.01	105.97	554.30	106.81	11.32
	475.88	106.75	534.00	109.15	58.17
	388.98	107.80	398.01	107.89	9.04
	563.96	110.47	571.00	111.04	7.06
	513.96	110.50	524.12	110.46	10.16
	573.96	111.88	584.97	112.16	11.01
	589.00	112.04	634.03	112.40	45.03
	531.98	148.57	514.22	147.64	17.79
	64.02	118.12	74.98	118.11	10.96
	86.93	118.69	97.99	119.07	11.06
	109.91	119.29	120.00	119.96	10.11
	394.94	123.51	401.99	123.83	7.06
	426.01	124.37	431.99	124.83	6.00
	588.99	128.06	595.00	128.57	6.03
	70.00	136.93	132.61	136.39	62.60
	108.89	134.64	120.98	135.53	12.12
	396.01	135.08	403.00	135.04	6.99
	417.01	135.73	422.98	135.71	5.97
	485.01	136.77	500.99	137.56	16.00
	397.00	138.01	404.09	138.33	7.10
	425.95	138.13	432.98	138.33	7.03
	514.01	137.64	527.90	138.17	13.91
	522.04	140.62	529.00	140.54	6.96
	394.13	146.82	409.37	147.19	15.25
	133.01	142.03	141.24	142.45	8.24
	156.95	141.68	161.97	141.74	5.02
	368.19	145.46	377.95	145.37	9.75
	609.00	145.01	615.99	144.68	6.99
	146.35	146.01	166.15	146.42	19.80
	417.02	146.88	463.99	146.88	46.97
	570.01	148.07	620.99	148.34	50.99
	467.99	146.58	481.00	146.76	13.01
	367.94	150.45	358.03	150.72	9.91
	370.00	150.51	388.00	151.00	18.01
	388.10	154.50	449.01	151.50	60.98
	450.02	151.31	535.00	154.64	85.04
	391.93	151.70	406.07	152.48	14.16
	411.96	154.41	422.06	154.71	10.10
	370.03	155.52	378.02	155.58	7.99
	391.01	156.54	396.98	156.73	5.97
	462.28	157.54	467.86	157.63	5.58
	596.95	158.57	605.95	158.83	9.01
	386.00	162.96	410.98	162.87	24.98
	60.13	164.80	75.99	164.05	15.88
	77.00	163.95	122.99	165.08	46.00
	155.01	164.97	165.02	164.55	10.02
	431.00	186.00	439.00	185.92	8.00
	369.98	168.92	381.04	168.52	11.06
	62.99	169.16	72.13	169.47	9.14
	470.94	170.24	481.76	169.66	10.83
	387.97	171.11	395.03	170.77	7.06
	419.97	171.28	427.99	171.36	8.01
	156.97	172.40	165.02	172.87	8.07
	388.98	185.26	410.00	184.94	21.03
	61.00	187.01	75.02	187.41	14.03
	77.99	187.62	107.06	187.54	29.07
	110.99	187.63	124.06	187.65	13.06
	523.87	191.43	488.98	193.51	34.95
	404.13	192.44	390.01	193.11	14.14
	421.01	192.80	443.00	192.97	22.00
	59.78	194.25	75.99	194.94	16.23
	388.01	195.94	441.00	196.56	53.00
	491.99	196.85	531.00	196.78	39.01
	79.00	194.97	107.79	195.40	28.79
	109.99	195.02	123.99	195.25	13.99
	61.99	199.14	121.99	199.47	60.00
	450.95	202.79	455.99	203.03	5.04
	31.89	207.25	46.07	206.37	14.21
	391.02	223.31	447.00	223.83	55.98
	492.01	223.55	531.99	223.64	39.99
	60.03	229.12	125.96	229.08	65.94
	393.99	246.54	414.99	246.12	21.01
	508.00	246.07	532.02	246.39	24.02
	425.88	247.47	446.99	247.10	21.12
	79.00	253.16	108.14	253.47	29.14
	111.01	253.14	118.00	252.92	6.99
	495.26	253.42	531.96	253.75	36.70
	395.99	257.92	445.99	258.05	50.00
	447.00	258.07	452.00	257.99	5.00
	404.97	255.32	411.96	255.66	7.00
	426.97	255.57	449.03	254.83	22.07
	492.06	255.45	531.00	256.99	38.97
	86.00	261.95	108.98	261.72	22.98
	400.96	264.37	387.95	264.82	13.01
	61.99	265.93	129.05	263.56	67.10
	446.01	268.04	452.99	267.79	6.99
	151.93	273.15	159.01	272.77	7.09
	544.00	284.66	552.99	285.06	9.00
	35.08	287.84	56.04	287.50	20.96
	60.91	296.73	126.02	294.69	65.14
	108.06	320.74	77.85	322.84	30.29
	559.98	319.91	545.01	320.71	15.00
	110.88	320.26	120.00	319.94	9.12
	106.98	329.58	116.91	328.81	9.96
	96.00	330.00	101.06	329.60	5.08
	129.13	331.77	56.21	333.42	72.94
	553.94	341.09	559.97	341.19	6.03
	544.00	349.23	562.87	349.30	18.86
	550.11	364.30	561.00	364.09	10.89
	61.00	369.02	126.03	364.80	65.16
	110.39	375.68	124.99	375.57	14.60
	75.29	379.92	61.00	381.03	14.33
	551.93	372.61	562.00	372.16	10.08
	41.95	376.90	52.51	376.15	10.59
	106.99	390.91	81.11	393.28	25.99
	545.00	382.38	562.98	381.48	18.01
	545.00	385.92	572.19	384.11	27.25
	111.00	387.02	124.97	386.79	13.98
	164.04	393.43	156.81	393.66	7.23
	59.00	393.89	64.99	393.60	6.00
	92.96	400.79	121.00	400.02	28.05
	126.00	404.62	53.99	407.03	72.05
	543.96	405.74	573.04	404.40	29.11
	15.75	411.43	46.96	408.32	31.36
	82.01	412.08	103.05	410.58	21.10
206
	258.68	4.11	258.52	17.97	13.86
	400.15	3.93	402.02	27.99	24.13
	376.02	8.00	377.85	24.08	16.19
	360.83	8.83	361.12	15.91	7.09
	599.02	12.00	600.09	18.97	7.06
	625.73	25.93	628.73	43.03	17.36
	600.18	21.96	602.38	42.16	20.32
	7.27	54.00	7.22	65.01	11.01
	250.02	27.95	250.52	33.98	6.04
	182.91	61.03	180.77	33.87	27.25
	47.65	35.95	47.92	68.00	32.05
	216.12	35.98	217.63	62.01	26.08
	250.98	38.01	251.33	44.04	6.04
	21.20	40.76	21.77	62.03	21.28
	105.63	38.90	106.68	71.04	32.16
	286.73	39.95	288.54	65.00	25.11
	145.93	40.99	146.74	57.98	17.01
	169.51	41.96	170.63	60.01	18.09
	319.93	42.00	321.75	66.00	24.07
	34.64	42.94	34.61	63.08	20.15
	15.79	44.05	15.90	60.01	15.95
	192.86	43.99	193.48	61.01	17.03
	205.47	43.95	205.67	60.97	17.02
	42.75	45.06	43.37	62.02	16.97
	62.58	44.89	63.51	65.05	20.18
	239.47	52.05	239.77	63.01	10.97
	386.77	44.90	388.92	69.00	24.20
	418.61	44.85	420.98	69.00	24.27
	228.42	45.95	229.14	62.00	16.06
	76.87	47.00	77.55	65.03	18.04
	91.46	46.96	91.75	66.09	19.13
	198.23	46.94	198.46	56.01	9.07
	201.19	46.94	201.74	52.91	5.99
	485.57	72.02	483.27	48.99	23.15
	70.42	48.17	70.88	62.99	14.83
	118.23	47.96	118.99	67.00	19.06
	232.40	48.40	232.79	60.98	12.58
	275.62	47.92	277.02	64.00	16.13
	472.67	47.98	474.61	68.02	20.13
	513.82	48.01	516.46	72.94	25.07
	85.81	49.02	84.78	64.01	15.03
	112.44	48.95	113.67	65.96	17.06
	130.46	48.95	131.10	68.00	19.06
	297.96	49.00	298.81	65.01	16.03
	309.92	50.01	310.33	65.01	15.01
	331.27	49.99	333.30	66.93	17.07
	519.88	49.99	521.34	72.98	23.04
	55.09	50.99	55.36	55.99	5.01
	124.52	51.08	125.21	61.01	9.96
	341.48	50.64	342.28	57.96	7.37
	39.66	52.00	39.24	60.99	9.00
	59.50	52.04	59.27	58.00	5.96
	327.91	52.03	329.03	65.00	13.02
	376.79	51.86	378.10	68.00	16.19
	383.99	53.00	384.95	67.01	14.04
	398.03	53.00	399.35	63.05	10.13
	408.97	53.00	410.28	68.99	16.04
	392.00	55.00	392.46	62.23	7.24
	394.91	55.01	395.86	62.02	7.07
	424.68	55.33	426.02	69.00	13.74
	495.95	72.01	494.49	57.00	15.07
	504.67	56.02	506.48	72.03	16.11
	588.02	59.00	590.50	87.07	28.19
	295.00	57.00	295.00	63.00	6.00
	523.64	58.14	525.70	71.03	13.05
	591.49	59.02	596.94	87.33	28.83
	572.95	75.00	571.87	66.90	8.17
	243.07	66.02	243.18	75.96	9.94
	270.00	67.00	270.31	74.79	7.80
	168.88	68.00	168.95	76.00	8.00
	260.87	67.97	261.26	80.01	12.05
	580.37	68.14	582.79	84.12	16.17
	179.56	70.99	179.40	77.05	6.06
	577.00	69.00	578.35	82.03	13.10
	164.34	69.86	164.24	75.00	5.14
	631.91	70.00	632.95	77.98	8.05
	184.66	71.01	184.65	77.04	6.03
	204.07	71.00	203.86	77.99	7.00
	345.41	79.99	345.38	71.98	8.01
	602.74	71.05	605.25	82.95	12.16
	209.57	72.01	210.06	77.99	6.01
	273.89	73.01	274.30	79.98	6.98
	280.55	73.06	281.16	80.01	6.98
	375.01	76.00	375.75	85.00	9.03
	541.29	87.99	540.17	78.08	9.98
	384.39	78.07	385.29	83.96	5.96
	403.48	78.08	403.66	85.06	6.98
	408.69	78.15	409.37	85.01	6.89
	419.82	77.97	420.43	82.99	5.06
	437.50	78.04	438.14	85.97	7.96
	389.68	79.00	389.99	85.00	6.01
	394.96	79.00	395.71	85.05	6.10
	416.59	79.04	417.25	85.04	6.03
	557.66	80.07	558.76	87.00	7.02
	487.71	80.94	488.77	88.06	7.19
	514.81	80.96	516.06	87.99	7.14
	525.31	81.18	525.96	89.02	7.86
	495.57	81.97	496.50	88.04	6.15
	153.65	91.04	152.62	139.06	48.02
	143.58	139.04	142.32	95.04	44.02
	4.99	134.00	4.22	98.98	35.03
	17.94	95.98	16.00	244.00	148.03
	363.88	97.97	365.86	144.00	46.07
	161.95	102.05	163.15	134.32	32.29
	377.03	108.00	380.20	143.98	36.12
	558.92	106.04	559.75	114.12	8.12
	440.05	107.78	441.24	116.00	8.31
	61.51	130.97	61.60	113.02	17.95
	76.87	114.01	77.91	131.95	17.96
	465.20	146.00	463.70	110.01	36.02
	84.07	133.09	84.99	114.00	19.11
	99.82	114.05	100.42	131.01	16.97
	107.07	134.12	107.45	117.01	17.11
	122.09	113.97	123.37	132.01	18.09
	474.08	109.01	478.48	144.99	36.25
	408.75	117.85	411.34	141.85	24.14
	550.15	111.58	551.90	126.04	14.56
	384.52	143.87	383.01	120.00	23.92
	404.99	122.00	408.35	144.11	22.36
	454.61	111.96	455.48	133.17	21.23
	539.05	111.77	544.59	146.01	34.69
	416.15	146.91	413.30	121.00	26.07
	435.03	121.99	437.75	146.13	24.29
	367.77	113.97	368.50	124.23	10.29
	482.98	146.01	480.29	122.99	23.18
	501.83	124.03	505.45	146.83	23.08
	361.48	115.01	362.44	128.02	13.04
	392.19	114.89	394.32	135.92	21.14
	512.54	147.00	509.60	123.00	24.18
	530.63	123.96	532.61	136.98	13.17
	423.53	115.90	425.13	137.95	22.11
	518.44	119.05	520.32	135.96	17.02
	569.23	141.96	567.34	127.02	15.06
	581.97	125.01	583.91	143.06	18.16
	157.91	119.98	157.93	131.01	11.03
	544.45	122.12	544.94	130.01	7.91
	578.96	126.02	580.42	142.48	16.52
	596.92	125.04	599.48	142.97	18.11
	606.47	144.59	604.93	127.00	17.66
	615.93	126.02	618.41	143.96	18.11
	446.29	125.96	446.71	135.97	10.02
	363.10	131.98	363.37	140.90	8.93
	573.40	136.02	573.94	141.01	5.02
	449.33	137.98	449.63	144.05	6.08
	478.31	156.46	479.36	165.16	8.77
	59.99	186.00	59.93	165.96	20.05
	123.99	165.05	125.23	186.95	21.94
	484.17	164.97	486.99	191.00	26.18
	397.87	165.99	399.46	183.03	17.11
	410.17	165.98	412.64	192.03	26.18
	417.36	165.98	418.16	170.96	5.05
	77.20	167.00	77.59	186.06	19.06
	93.16	167.03	93.68	186.00	18.97
	108.10	166.99	108.65	194.02	27.04
	429.62	166.96	430.90	183.99	17.07
	511.03	167.00	511.50	174.02	7.04
	404.45	167.87	406.04	184.00	16.21
	449.00	169.00	449.38	174.88	5.89
	73.14	170.00	73.15	186.07	16.08
	83.68	170.04	83.46	185.00	14.96
	145.88	189.99	148.08	410.99	221.00
	118.94	171.01	119.38	186.11	15.10
	440.35	170.95	441.36	183.96	13.05
	385.36	171.97	387.46	189.98	18.13
	524.82	172.05	526.07	182.96	10.98
	418.16	172.98	419.33	191.97	19.02
	77.22	188.98	77.56	194.02	5.05
	125.79	189.03	125.75	194.06	5.03
	416.92	204.90	418.67	221.01	16.20
	3.67	206.90	3.97	214.99	8.10
	447.66	224.29	451.24	253.92	29.85
	491.49	224.05	493.82	253.06	29.10
	415.90	224.97	418.25	252.98	28.11
	390.04	225.99	392.26	251.93	26.03
	401.83	226.01	403.85	245.04	19.14
	422.32	225.84	425.47	253.04	27.38
	434.43	226.96	436.13	245.00	18.12
	12.97	228.99	13.10	236.97	7.98
	59.94	253.02	59.73	229.79	23.23
	126.41	229.95	125.18	255.96	26.04
	108.99	231.00	109.24	259.96	28.96
	77.51	232.05	76.98	252.00	19.96
	93.13	232.01	93.29	251.01	19.00
	453.16	232.80	454.01	239.00	6.26
	17.13	248.00	12.39	412.00	164.07
	77.34	254.92	77.23	260.01	5.09
	553.80	285.37	557.49	311.97	26.85
	547.47	287.98	547.93	294.99	7.03
	127.22	295.97	126.29	327.98	32.02
	76.15	297.96	75.89	318.99	21.03
	109.03	298.00	108.89	319.77	21.77
	122.26	298.98	123.11	318.93	19.97
	64.55	302.14	65.19	317.98	15.85
	59.06	323.05	58.97	329.99	6.94
	65.47	324.02	65.18	329.94	5.93
	58.24	341.03	58.34	348.03	7.00
	563.30	350.05	565.00	363.00	13.06
	560.76	354.05	561.86	361.04	7.08
	59.92	380.00	60.47	370.36	9.66
	127.32	365.99	126.71	390.05	24.06
	562.56	365.98	563.11	370.99	5.03
	93.50	368.49	93.00	390.00	21.52
	109.73	367.90	109.69	374.96	7.06
	75.51	370.06	75.53	379.00	8.94
	87.03	377.00	86.77	389.00	12.00
	57.09	383.01	56.71	401.97	18.96
130
	138.02	24.05	127.98	25.75	10.18
	19.86	23.95	14.04	25.39	5.99
	262.78	43.78	255.01	44.24	7.78
	321.94	47.41	329.82	46.78	7.91
	431.99	52.13	448.00	51.93	16.01
	483.16	48.01	492.07	47.62	8.92
	161.14	53.28	152.22	53.74	8.93
	357.00	48.99	364.05	48.24	7.09
	521.88	49.55	533.01	48.89	11.16
	428.03	51.50	421.99	51.63	6.04
	260.00	54.07	269.00	53.98	9.00
	475.99	54.14	481.01	54.21	5.02
	486.01	54.35	493.97	54.33	7.96
	494.47	55.95	512.00	55.24	17.54
	506.00	74.02	532.98	74.90	27.00
	525.80	55.51	533.87	55.66	8.07
	591.67	57.64	634.00	57.98	42.33
	243.12	58.22	251.06	58.30	7.95
	261.07	59.14	267.00	58.97	5.93
	194.00	62.97	215.92	62.67	21.92
	289.19	66.46	338.98	68.48	49.83
	346.00	62.61	353.09	62.05	7.11
	561.14	64.47	567.01	64.52	5.87
	571.92	65.35	586.00	64.88	14.09
	274.02	65.88	286.00	66.19	11.98
	345.89	66.29	353.02	66.47	7.13
	207.00	68.13	212.98	68.31	5.98
	361.99	66.72	370.00	66.99	8.02
	144.04	68.96	149.48	68.53	5.46
	582.86	85.24	587.99	85.23	5.12
	389.97	70.12	419.00	71.24	29.05
	444.93	69.56	451.80	69.54	6.86
	294.00	71.05	307.03	71.22	13.03
	345.66	71.05	353.00	71.03	7.33
	363.19	71.23	369.98	71.11	6.78
	16.99	72.15	49.00	73.20	32.03
	55.99	76.61	75.00	74.95	19.08
	108.11	71.71	134.83	72.47	26.73
	309.07	72.53	324.99	72.14	15.92
	327.02	73.33	337.98	73.12	10.97
	485.13	73.35	504.95	74.28	19.84
	471.00	74.06	484.13	73.50	13.14
	6.95	74.79	12.01	74.79	5.06
	386.03	75.14	396.05	75.40	10.02
	398.00	75.55	425.96	76.59	27.98
	63.06	76.71	69.17	76.59	6.11
	122.00	79.00	115.01	78.96	6.99
	142.99	76.95	167.03	77.70	24.05
	540.37	77.32	545.97	77.29	5.60
	438.29	86.81	470.03	87.83	31.75
	498.06	79.53	518.00	78.94	19.95
	55.72	80.69	64.00	80.63	8.28
	108.00	79.00	113.04	78.70	5.05
	128.99	86.38	7.49	83.45	121.54
	147.00	83.79	165.01	84.27	18.02
	602.97	84.34	613.01	84.06	10.04
	359.00	84.94	373.95	85.60	14.96
	151.78	89.38	161.00	89.25	9.22
	387.01	86.97	436.01	88.46	49.03
	3.98	88.62	111.97	91.40	108.03
	574.01	87.84	589.99	87.95	15.98
	485.63	89.40	493.11	89.80	7.49
	599.00	88.61	605.00	88.95	6.01
	358.06	90.72	382.99	91.45	24.94
	497.00	90.64	536.02	90.10	39.02
	543.02	90.13	559.17	90.54	16.15
	386.99	92.40	434.98	94.10	48.03
	446.05	92.55	481.00	94.05	34.99
	573.98	92.56	625.01	92.96	51.02
	5.97	95.46	15.01	95.84	9.05
	20.01	95.08	89.00	97.99	69.05
	539.16	95.60	561.01	95.91	21.85
	610.02	96.35	633.99	95.76	23.98
	382.07	95.80	440.99	96.83	58.94
	485.00	95.81	530.84	96.36	45.85
	96.97	99.33	138.08	100.39	41.12
	439.05	102.32	414.04	102.31	25.01
	522.04	100.41	537.93	100.58	15.89
	551.04	100.11	560.92	100.35	9.88
	571.98	98.69	633.99	100.26	62.03
	393.00	101.17	410.86	102.65	17.92
	473.02	104.49	493.03	103.72	20.02
	560.21	104.35	597.93	105.57	37.74
	446.97	104.56	455.10	104.31	8.14
	513.02	104.53	531.86	104.65	18.84
	601.05	104.59	608.01	105.25	6.99
	599.98	106.71	633.97	105.77	34.00
	421.03	106.65	439.02	107.32	18.01
	468.00	106.53	474.29	106.61	6.30
	543.01	105.97	554.30	106.81	11.32
	475.88	106.75	534.00	109.15	58.17
	388.98	107.80	398.01	107.89	9.04
	563.96	110.47	571.00	111.04	7.06
	513.96	110.50	524.12	110.46	10.16
	573.96	111.88	584.97	112.16	11.01
	589.00	112.04	634.03	112.40	45.03
	531.98	148.57	514.22	147.64	17.79
	86.93	118.69	97.99	119.07	11.06
	109.91	119.29	120.00	119.96	10.11
	609.03	119.80	615.02	120.46	6.03
	394.94	123.51	401.99	123.83	7.06
	426.01	124.37	431.99	124.83	6.00
	588.99	128.06	595.00	128.57	6.03
	50.93	133.51	69.01	136.89	18.39
	108.89	134.64	120.98	135.53	12.12
	485.01	136.77	500.99	137.56	16.00
	397.00	138.01	404.09	138.33	7.10
	425.95	138.13	432.98	138.33	7.03
	514.01	137.64	527.90	138.17	13.91
	143.92	140.22	150.02	141.24	6.19
	484.00	145.81	503.00	148.13	19.14
	450.02	151.31	535.00	154.64	85.04
	391.93	151.70	406.07	152.48	14.16
	545.97	153.20	570.93	155.74	25.09
	406.00	157.28	412.99	157.88	7.02
	596.95	158.57	605.95	158.83	9.01
	414.13	160.78	441.99	163.21	27.97
	453.00	168.33	465.91	169.78	12.99
	370.95	175.35	378.94	176.75	8.11
	471.00	176.00	479.86	177.30	8.95
	471.12	181.78	477.78	183.02	6.78
	420.96	184.64	429.96	185.90	9.09
	499.61	185.17	521.97	187.12	22.45
	474.01	193.02	481.90	194.15	7.98
	507.08	212.73	512.63	213.40	5.59
	487.92	216.59	499.95	219.42	12.36
	460.50	224.45	469.00	226.49	8.74
	56.03	263.50	60.99	265.91	5.52
	153.00	309.01	158.06	311.98	5.87
	568.02	343.98	573.07	345.60	5.30
