vx	vy	vz	score	numLines
0.97437727	0.22491940	0.00043705	4917.99	255
-0.12292521	0.99241574	-0.00062478	4525.77	246
-0.98740678	-0.15818802	-0.00209618	351.36	74

nLines	x1	y1	x2	y2	length
255
	523.18	3.34	633.99	37.51	115.97
	558.08	3.39	633.99	27.54	79.66
	599.23	3.46	633.95	15.14	36.64
	620.30	3.37	634.06	7.81	14.46
	469.16	22.50	479.06	25.78	10.43
	526.01	10.94	633.98	42.04	112.36
	583.21	3.54	634.00	20.00	53.39
	5.80	5.27	14.06	6.68	8.37
	417.06	7.73	431.02	11.80	14.54
	416.03	12.84	427.99	16.04	12.38
	517.87	31.79	510.33	29.72	7.81
	17.17	16.80	34.02	20.84	17.33
	547.03	23.07	552.15	24.86	5.42
	467.04	26.35	477.93	30.15	11.54
	15.11	27.39	32.82	30.34	17.95
	11.99	50.50	27.95	53.76	16.29
	361.03	30.88	395.03	39.06	34.97
	428.08	43.83	436.99	46.04	9.18
	521.95	33.10	527.95	34.60	6.19
	341.06	46.72	443.92	69.33	105.31
	444.99	69.54	520.97	90.55	78.83
	339.08	35.49	397.99	50.05	60.68
	397.03	40.57	416.14	45.59	19.76
	517.04	40.82	525.11	43.32	8.44
	38.00	44.01	44.98	45.58	7.16
	565.99	45.06	575.31	48.12	9.81
	423.95	46.42	451.01	52.68	27.78
	472.17	47.60	485.95	50.57	14.09
	535.02	63.96	521.90	61.28	13.39
	361.81	49.72	366.81	50.66	5.09
	401.97	51.19	423.15	55.30	21.58
	565.82	51.39	570.84	52.46	5.14
	27.02	71.87	11.00	68.45	16.38
	353.05	53.41	359.05	54.89	6.18
	559.89	54.41	577.09	58.89	17.78
	424.03	56.89	432.83	59.37	9.15
	364.01	57.97	380.99	62.32	17.53
	340.02	58.91	347.00	60.50	7.15
	609.01	58.51	617.20	60.84	8.52
	434.99	60.04	488.99	73.20	55.58
	628.02	61.16	633.98	62.60	6.13
	493.95	64.28	524.38	72.71	31.57
	604.91	66.15	610.05	67.84	5.42
	372.76	69.34	380.33	70.87	7.73
	421.99	71.01	449.06	78.13	27.99
	525.87	72.22	566.99	85.10	43.08
	12.02	72.87	45.91	79.29	34.49
	32.09	72.82	47.04	75.70	15.23
	491.14	73.61	506.22	76.42	15.34
	412.06	75.24	418.51	77.04	6.70
	8.99	78.08	30.23	81.38	21.49
	340.96	77.83	349.99	79.57	9.20
	418.92	77.83	427.95	79.72	9.23
	507.02	77.96	557.04	91.42	51.80
	588.05	89.71	597.05	91.62	9.20
	381.01	94.97	392.05	96.85	11.20
	3.95	83.25	47.00	90.98	43.74
	477.94	84.69	522.97	95.39	46.29
	611.95	86.16	622.99	89.41	11.50
	4.01	89.94	47.27	97.51	43.92
	522.64	91.17	634.02	118.92	114.78
	561.08	92.29	583.16	97.50	22.69
	4.06	93.78	47.04	100.85	43.56
	27.98	114.36	4.00	108.52	24.69
	602.01	94.93	613.02	97.95	11.41
	500.02	95.88	513.98	100.08	14.58
	3.99	97.09	46.02	104.35	42.66
	368.02	97.74	378.16	100.03	10.39
	370.00	122.02	377.96	124.20	8.26
	382.92	140.00	397.22	143.38	14.70
	529.02	97.93	575.07	107.71	47.07
	434.09	106.63	428.13	104.89	6.21
	586.05	98.79	591.02	99.90	5.09
	382.00	100.01	392.93	102.16	11.14
	4.03	102.88	47.01	109.89	43.55
	491.25	119.71	502.10	121.81	11.05
	576.04	111.31	613.01	118.04	37.58
	428.01	111.87	434.00	113.01	6.10
	439.99	115.02	449.03	116.89	9.23
	461.31	156.22	474.00	158.00	12.81
	540.39	131.06	551.17	133.46	11.04
	492.99	125.05	503.08	127.48	10.38
	355.03	130.72	367.99	132.87	13.14
	515.70	166.94	528.93	168.80	13.37
	484.98	133.76	491.18	135.25	6.38
	338.98	135.08	344.10	136.36	5.28
	357.98	135.27	368.94	138.10	11.32
	535.03	135.10	540.06	135.91	5.09
	495.93	136.29	504.00	138.04	8.26
	347.01	137.26	353.99	138.51	7.08
	340.63	140.39	368.19	146.38	28.20
	544.97	140.11	552.98	142.06	8.24
	430.97	141.57	438.03	142.86	7.19
	377.08	147.87	429.11	158.64	53.14
	442.02	143.96	452.93	146.27	11.15
	394.99	147.34	407.12	149.47	12.31
	420.01	148.11	430.89	150.71	11.19
	454.92	155.53	442.03	152.86	13.16
	437.68	148.57	453.05	150.80	15.53
	495.99	148.46	506.07	151.32	10.48
	341.06	162.73	634.08	217.64	298.13
	590.66	149.37	599.05	151.51	8.66
	410.00	149.84	416.01	150.95	6.12
	22.08	153.81	40.96	156.49	19.07
	4.04	156.71	41.03	162.78	37.48
	339.95	158.22	425.92	174.37	87.48
	549.23	174.68	558.08	176.73	9.08
	616.53	188.10	626.01	189.85	9.63
	452.75	159.36	465.08	161.32	12.48
	478.03	160.20	487.94	162.19	10.10
	547.02	160.20	556.02	162.42	9.27
	497.98	164.04	507.98	166.05	10.20
	502.98	169.04	519.97	172.38	17.31
	355.28	169.57	369.88	173.26	15.07
	594.94	170.58	604.09	172.26	9.30
	533.03	171.63	541.90	173.23	9.02
	500.98	173.05	507.61	174.43	6.77
	397.92	180.35	434.00	184.68	36.33
	432.99	175.92	505.83	190.59	74.30
	524.90	177.66	540.99	181.41	16.53
	470.98	180.27	477.90	181.32	7.00
	560.05	179.88	569.00	181.99	9.20
	583.98	182.33	589.00	182.99	5.07
	496.95	185.37	503.94	186.39	7.06
	557.84	185.52	592.13	191.57	34.82
	437.97	186.10	459.97	191.65	22.69
	599.18	187.34	617.00	191.98	18.42
	412.96	188.57	420.94	190.09	8.12
	462.92	191.26	512.05	200.44	49.98
	510.90	191.70	631.94	214.29	123.13
	614.03	196.54	633.98	200.72	20.39
	350.98	199.60	360.86	201.35	10.03
	4.00	200.98	10.11	201.86	6.16
	519.78	202.39	543.97	205.27	24.36
	19.02	202.81	29.98	204.15	11.04
	355.05	204.85	360.03	205.62	5.04
	560.08	206.33	568.05	207.88	8.12
	552.07	207.79	563.96	210.15	12.11
	412.26	210.36	424.00	212.03	11.86
	380.09	210.92	389.06	212.64	9.13
	392.88	213.62	405.05	215.69	12.35
	586.26	213.57	634.02	222.88	48.65
	417.11	214.80	424.02	216.25	7.06
	443.15	221.82	449.96	223.31	6.97
	393.97	219.22	406.90	221.21	13.08
	509.02	232.00	521.11	234.47	12.34
	478.01	220.86	484.83	222.22	6.96
	454.02	223.95	465.07	225.65	11.17
	13.35	228.67	33.04	231.18	19.85
	454.95	229.34	467.17	231.34	12.38
	3.96	231.23	39.03	235.40	35.32
	533.99	230.80	540.08	231.46	6.12
	382.02	232.37	388.06	233.29	6.11
	510.96	266.15	505.96	265.51	5.04
	382.95	238.19	389.99	238.90	7.07
	514.66	266.03	525.95	268.25	11.50
	512.05	238.52	523.10	240.42	11.21
	3.97	244.33	13.17	245.42	9.27
	397.98	246.09	407.02	247.35	9.13
	34.96	248.08	47.10	249.46	12.22
	3.99	250.06	47.03	255.31	43.36
	446.91	253.48	452.03	253.87	5.14
	383.96	254.18	391.01	255.09	7.11
	459.98	255.12	467.94	256.17	8.04
	398.00	256.02	407.97	257.28	10.06
	4.01	256.84	41.98	261.54	38.26
	3.96	260.43	46.02	265.78	42.40
	4.00	263.99	46.00	269.03	42.30
	518.04	263.77	524.09	264.66	6.12
	4.01	271.41	47.08	275.36	43.26
	516.00	270.59	527.23	272.18	11.34
	338.99	271.57	345.99	272.28	7.03
	357.07	272.40	366.01	273.06	8.96
	369.05	271.57	382.01	273.83	13.16
	369.11	276.31	376.96	277.24	7.90
	3.99	279.03	45.97	281.49	42.05
	358.99	278.30	366.04	279.40	7.13
	373.54	280.00	380.32	281.25	6.89
	435.11	280.17	447.05	281.64	12.03
	9.21	290.88	3.94	290.33	5.30
	402.00	283.01	414.04	284.83	12.18
	435.93	284.78	447.94	286.73	12.17
	343.04	285.84	349.05	286.63	6.07
	28.00	287.15	41.01	288.96	13.13
	355.03	287.91	388.03	291.47	33.19
	440.53	289.02	446.08	290.07	5.65
	481.14	289.55	493.99	290.33	12.87
	496.95	288.80	508.98	290.26	12.12
	339.04	290.70	634.01	325.89	297.06
	498.90	293.40	508.92	294.86	10.13
	488.94	295.28	494.04	295.89	5.14
	420.00	296.05	454.02	299.70	34.21
	514.02	307.09	484.99	302.96	29.33
	460.12	300.34	475.02	302.79	15.10
	339.89	303.25	492.50	321.48	153.69
	521.95	308.14	529.00	309.09	7.12
	338.91	308.67	634.03	340.75	296.85
	544.03	310.78	570.94	314.32	27.14
	625.99	312.01	634.01	312.86	8.06
	576.04	315.44	587.96	316.33	11.96
	591.00	316.98	622.95	320.31	32.12
	625.00	321.48	634.02	322.39	9.06
	497.98	322.99	516.78	324.57	18.87
	38.98	325.96	31.00	325.21	8.01
	358.03	325.64	369.89	326.16	11.87
	469.06	325.29	475.02	325.89	5.98
	523.01	326.01	619.97	335.12	97.38
	386.09	329.20	391.08	329.78	5.02
	375.14	331.16	381.77	332.25	6.72
	498.20	330.73	522.01	333.33	23.95
	622.01	334.58	633.98	336.38	12.11
	541.88	337.41	634.03	346.33	92.59
	442.91	342.37	449.00	343.00	6.12
	608.90	372.80	617.00	374.00	8.19
	397.91	353.84	417.97	354.76	20.09
	397.02	358.81	419.97	361.14	23.06
	465.01	359.09	480.93	360.58	15.98
	338.97	360.27	353.72	362.23	14.87
	461.90	363.52	483.97	366.25	22.24
	498.03	363.91	505.09	364.40	7.08
	527.00	364.01	539.02	365.54	12.11
	341.99	365.13	351.08	365.75	9.11
	395.94	365.44	404.39	366.70	8.55
	525.99	370.12	542.95	371.41	17.01
	409.02	366.66	421.76	368.32	12.85
	556.97	368.85	562.99	369.03	6.03
	585.00	368.93	593.02	369.82	8.06
	475.69	411.02	490.77	412.51	15.15
	473.01	371.26	484.95	372.16	11.98
	554.19	372.60	563.01	373.56	8.87
	581.32	374.61	597.00	375.68	15.72
	464.97	412.48	473.01	412.88	8.05
	611.77	377.49	617.00	378.04	5.26
	409.90	378.20	420.97	378.60	11.07
	394.94	381.32	403.10	381.65	8.17
	590.01	380.54	597.93	381.26	7.96
	412.03	382.43	420.99	383.23	8.99
	475.98	382.71	484.02	383.32	8.06
	462.97	386.30	467.97	386.65	5.01
	476.97	387.23	484.00	387.93	7.07
	536.00	386.87	542.99	387.09	6.99
	3.99	389.12	18.61	390.44	14.68
	525.00	389.95	530.02	390.35	5.03
	535.99	390.52	546.03	391.77	10.12
	592.00	390.81	597.95	391.24	5.97
	341.03	397.51	355.06	397.87	14.04
	3.99	401.52	12.01	402.46	8.07
	413.02	401.90	423.99	402.14	10.97
	4.00	406.85	13.94	407.00	9.94
	340.02	408.18	356.05	408.87	16.05
	396.06	410.27	411.02	412.02	15.06
	538.98	417.09	549.00	417.86	10.05
	593.45	420.46	606.08	420.36	12.64
	466.06	420.82	472.99	420.78	6.93
	478.18	421.36	490.96	421.62	12.78
246
	505.76	14.24	507.03	20.99	6.87
	353.16	3.98	355.43	18.03	14.22
	357.14	3.98	359.60	21.11	17.30
	436.07	3.96	438.33	16.75	12.99
	457.53	3.98	458.30	8.94	5.01
	407.87	4.98	412.57	33.09	28.50
	391.63	7.02	394.20	30.99	24.11
	388.48	10.92	390.86	34.00	23.20
	411.37	11.12	412.80	21.04	10.02
	436.72	22.04	439.03	36.99	15.13
	450.39	14.56	451.72	21.97	7.53
	551.90	28.12	553.44	33.88	5.97
	422.89	17.03	425.21	33.01	16.15
	460.79	18.98	465.17	42.97	24.38
	468.11	44.99	464.87	27.11	18.17
	444.94	24.00	448.84	47.05	23.37
	6.46	22.99	3.66	37.93	15.21
	14.17	28.04	11.78	48.94	21.04
	501.06	30.88	504.92	60.99	30.36
	510.66	33.01	515.19	54.96	22.41
	486.56	35.02	489.18	49.96	15.17
	442.39	38.04	443.73	46.05	8.12
	438.73	40.27	439.83	46.03	5.87
	514.94	40.06	517.76	56.08	16.26
	481.73	40.97	482.95	46.09	5.26
	547.67	43.37	553.30	74.13	31.28
	522.13	44.96	526.14	60.00	15.56
	557.28	46.94	562.64	72.88	26.48
	533.64	47.93	536.36	61.88	14.21
	10.14	67.85	10.95	52.74	15.13
	591.03	54.46	598.41	86.03	32.43
	528.35	53.97	529.64	59.61	5.78
	577.77	59.25	581.12	75.95	17.03
	566.22	55.77	569.65	71.06	15.68
	562.23	56.92	566.81	75.07	18.72
	600.42	57.86	606.99	84.00	26.95
	587.61	65.95	592.08	84.98	19.55
	555.89	62.02	556.77	68.00	6.04
	387.09	65.86	387.76	71.81	5.99
	572.06	65.99	573.30	71.69	5.84
	352.81	88.04	350.42	70.03	18.17
	357.95	69.02	365.75	130.13	61.60
	536.97	67.02	538.20	71.93	5.07
	606.02	68.99	609.37	79.91	11.42
	609.31	68.81	614.03	84.00	15.91
	620.12	73.97	622.99	87.01	13.34
	627.63	75.92	633.89	96.03	21.06
	417.06	82.97	426.82	142.02	59.85
	346.65	93.94	351.95	131.02	37.45
	469.06	113.00	465.72	96.96	16.39
	476.28	106.01	483.78	154.00	48.57
	379.11	100.99	382.39	123.05	22.30
	367.39	98.13	369.31	120.58	22.53
	393.94	103.07	397.20	124.95	22.13
	399.58	106.01	404.16	144.89	39.14
	524.82	108.15	526.41	115.92	7.93
	407.85	108.90	413.81	144.07	35.66
	519.61	109.98	520.72	117.09	7.20
	527.91	121.00	531.33	137.92	17.26
	427.11	112.08	428.62	126.98	14.98
	412.40	113.02	414.72	134.01	21.12
	352.40	115.06	353.27	125.06	10.04
	449.91	117.22	452.64	132.07	15.10
	456.85	128.02	460.92	155.01	27.29
	520.88	119.04	522.18	125.97	7.05
	609.91	125.14	616.96	148.01	23.93
	458.54	122.19	463.90	153.02	31.30
	465.31	121.91	472.30	154.90	33.72
	538.05	122.00	539.66	130.03	8.19
	576.54	129.98	579.93	147.02	17.37
	404.44	123.05	404.97	131.01	7.98
	519.01	136.00	525.59	166.03	30.74
	535.49	125.03	537.02	130.96	6.12
	503.85	129.05	507.89	149.03	20.39
	396.42	129.60	398.38	142.94	13.49
	510.40	131.12	515.45	166.01	35.25
	585.05	133.01	585.93	138.02	5.09
	622.29	142.92	632.26	185.00	43.24
	512.89	135.02	518.70	166.11	31.63
	484.02	135.99	486.06	144.96	9.19
	19.63	138.04	18.39	150.98	13.00
	525.54	138.98	527.05	148.00	9.15
	369.59	140.01	369.94	145.02	5.02
	534.31	139.93	538.60	156.65	17.26
	568.42	146.99	574.46	174.00	27.68
	560.42	146.86	566.10	177.95	31.60
	588.64	149.96	594.03	168.99	19.78
	506.99	152.03	509.65	165.08	13.32
	600.48	151.97	604.51	169.78	18.26
	614.93	159.01	622.39	187.06	29.02
	487.02	151.00	487.82	156.03	5.10
	431.30	151.94	432.17	158.41	6.53
	564.49	156.07	568.44	176.14	20.46
	609.25	158.01	616.40	187.08	29.94
	556.96	163.08	559.37	176.19	13.32
	577.73	162.09	579.68	174.06	12.13
	621.59	163.15	625.17	176.93	14.24
	23.86	172.06	20.42	194.04	22.25
	43.90	174.99	37.38	227.07	52.48
	604.28	174.75	607.37	186.90	12.54
	542.93	176.02	543.98	181.60	5.68
	15.35	178.05	13.01	195.00	17.11
	625.70	179.01	627.01	184.00	5.15
	366.16	265.98	361.23	191.00	75.15
	390.82	199.90	391.92	212.99	13.13
	431.06	197.90	432.87	212.02	14.23
	424.28	198.87	427.51	221.04	22.40
	15.63	200.87	12.93	227.99	27.26
	493.87	225.01	504.19	284.98	60.85
	36.69	202.19	34.68	229.98	27.86
	368.45	204.04	370.53	225.99	22.06
	347.82	212.96	353.22	273.03	60.32
	490.75	209.21	492.59	223.77	14.68
	450.51	209.88	452.65	223.01	13.30
	343.79	213.02	345.74	242.97	30.01
	373.35	211.34	378.99	269.01	57.94
	381.22	246.97	378.78	225.01	22.09
	391.51	219.97	394.74	249.04	29.25
	549.38	233.02	552.67	249.87	17.16
	46.40	217.99	45.90	227.83	9.86
	359.36	221.97	363.99	270.00	48.25
	433.48	217.85	443.25	277.05	60.01
	550.69	292.05	541.15	226.98	65.76
	545.88	219.09	547.35	226.95	7.99
	407.53	221.89	410.49	251.05	29.31
	423.77	233.99	429.52	279.02	45.40
	412.45	225.19	419.19	280.97	56.19
	445.32	257.05	442.30	232.03	25.20
	453.08	230.99	456.83	259.01	28.27
	600.32	239.01	604.04	256.99	18.36
	467.80	232.10	471.59	261.02	29.17
	590.00	229.00	592.07	239.01	10.22
	559.53	229.97	561.59	239.99	10.23
	484.98	232.05	485.83	239.99	7.98
	366.66	234.07	367.11	242.01	7.94
	426.56	234.01	432.02	278.03	44.36
	473.72	235.01	480.50	289.00	54.42
	483.17	239.96	492.17	286.91	47.80
	505.13	264.93	501.41	246.01	19.28
	509.36	238.96	514.17	264.98	26.45
	523.73	241.16	527.92	267.01	26.19
	435.27	240.01	436.30	246.90	6.96
	624.29	242.04	625.88	250.98	9.08
	345.18	246.94	347.17	270.98	24.12
	490.53	245.10	492.05	257.00	12.00
	529.83	244.99	538.32	296.91	52.61
	371.91	245.98	372.57	251.94	5.99
	560.48	274.02	556.41	255.02	19.43
	562.67	247.93	567.88	274.02	26.61
	580.52	280.96	584.68	302.08	21.52
	576.31	251.06	580.31	277.05	26.30
	538.94	248.76	548.87	293.88	46.20
	547.74	249.92	549.31	259.87	10.07
	381.98	252.99	384.42	271.75	18.92
	630.31	284.06	625.67	261.09	23.43
	582.29	254.02	591.56	303.73	50.57
	410.12	254.90	412.48	278.95	24.17
	611.38	282.09	606.60	261.99	20.66
	610.00	254.61	617.80	281.04	27.56
	455.80	262.91	459.32	285.03	22.40
	479.88	258.01	481.43	275.10	17.16
	592.47	258.04	599.38	284.10	26.96
	585.29	259.17	587.59	269.03	10.13
	471.39	265.01	474.52	288.08	23.28
	549.91	261.97	550.77	267.03	5.12
	446.34	262.90	448.54	279.00	16.26
	513.54	271.98	517.22	292.04	20.40
	506.20	270.94	508.28	284.94	14.15
	527.93	273.02	531.65	295.08	22.37
	550.56	273.25	551.58	280.98	7.80
	405.98	274.00	406.63	279.96	6.00
	537.27	274.05	540.57	293.11	19.34
	588.54	274.12	589.36	279.15	5.09
	382.67	280.01	383.35	288.00	8.01
	499.16	275.99	499.70	280.98	5.02
	482.40	279.12	484.46	289.10	10.19
	566.63	278.91	572.03	298.99	20.80
	561.82	280.06	564.10	292.98	13.12
	574.20	282.01	577.07	298.98	17.22
	590.38	282.17	594.89	302.98	21.30
	631.01	289.00	634.42	306.88	18.21
	513.66	299.23	514.81	306.68	7.54
	567.14	303.96	568.35	309.94	6.10
	415.40	327.03	416.06	332.00	5.01
	23.79	339.01	20.21	379.03	40.18
	42.83	335.02	35.23	421.01	86.33
	378.17	374.97	373.56	337.99	37.27
	381.78	336.90	390.69	420.99	84.56
	356.64	347.94	356.76	353.02	5.08
	377.16	338.02	378.65	354.02	16.08
	35.66	341.97	29.94	420.99	79.23
	449.55	343.95	451.30	369.08	25.19
	562.92	391.00	567.89	421.01	30.42
	26.78	343.96	22.46	392.91	49.14
	422.26	346.04	423.33	353.24	7.28
	514.51	362.98	518.49	386.93	24.28
	572.45	368.99	575.49	386.89	18.15
	512.57	350.97	514.29	361.96	11.13
	569.74	355.18	571.32	362.99	7.96
	354.08	362.99	356.89	404.00	41.11
	622.52	360.85	629.59	396.91	36.75
	610.76	362.15	613.27	372.06	10.22
	617.90	364.03	627.31	421.03	57.76
	407.18	367.04	409.31	408.03	41.04
	358.79	366.09	363.42	421.00	55.11
	443.37	371.98	446.37	406.06	34.21
	392.13	377.01	395.49	407.12	30.29
	422.22	368.92	426.59	409.81	41.12
	433.84	421.01	430.53	372.99	48.13
	505.06	368.07	512.93	421.02	53.53
	453.47	369.98	459.65	420.97	51.37
	470.93	373.01	475.45	410.01	37.28
	485.91	373.06	490.89	411.02	38.29
	372.73	385.00	374.67	421.01	36.07
	531.03	378.00	536.30	420.96	43.29
	556.87	375.04	557.88	383.94	8.96
	460.93	375.95	463.56	408.99	33.14
	544.70	377.85	551.22	417.20	39.88
	446.94	377.01	448.02	395.01	18.03
	494.46	377.01	498.23	420.97	44.13
	522.19	386.97	526.92	415.04	28.47
	609.67	377.14	611.97	387.99	11.09
	377.97	381.00	380.95	421.00	40.11
	586.35	380.92	594.48	418.37	38.32
	598.87	381.79	607.16	417.97	37.12
	579.79	391.04	585.22	417.81	27.32
	499.01	383.00	503.15	407.97	25.31
	551.74	382.98	558.03	420.99	38.53
	369.60	387.12	370.44	392.92	5.86
	606.77	386.98	612.95	421.01	34.58
	18.97	391.01	16.98	421.00	30.06
	568.62	389.11	574.85	416.98	28.55
	566.53	391.04	571.81	421.04	30.47
	41.99	394.00	40.88	418.97	25.00
	517.71	394.95	518.50	400.86	5.97
	45.32	401.06	43.92	419.97	18.97
	518.34	407.05	519.53	412.83	5.91
	356.62	409.28	357.88	421.01	11.80
	339.10	409.00	339.68	420.99	12.00
	446.66	409.04	448.09	420.98	12.02
	343.53	411.02	344.13	420.99	9.99
	395.71	411.20	396.31	420.98	9.79
	348.79	411.99	349.43	421.01	9.04
	409.45	412.98	410.14	420.99	8.04
	426.88	414.03	428.00	421.00	7.06
	423.33	415.98	423.57	421.00	5.03
74
	359.09	26.97	349.98	23.09	9.91
	457.53	3.98	458.30	8.94	5.01
	5.80	5.27	14.06	6.68	8.37
	23.08	14.39	33.17	15.75	10.18
	460.79	18.98	465.17	42.97	24.38
	468.11	44.99	464.87	27.11	18.17
	15.11	27.39	32.82	30.34	17.95
	341.06	46.72	443.92	69.33	105.31
	339.08	35.49	397.99	50.05	60.68
	605.08	46.09	613.99	44.52	9.05
	361.81	49.72	366.81	50.66	5.09
	353.05	53.41	359.05	54.89	6.18
	11.87	64.67	17.16	64.44	5.30
	359.98	63.96	379.04	65.85	19.16
	382.23	63.56	420.03	68.70	38.15
	510.61	68.08	519.09	66.68	8.59
	428.94	80.79	437.01	79.47	8.17
	370.03	82.14	375.93	82.08	5.90
	409.95	82.99	416.57	81.93	6.70
	522.64	91.17	634.02	118.92	114.78
	561.08	92.29	583.16	97.50	22.69
	476.28	106.01	483.78	154.00	48.57
	586.05	98.79	591.02	99.90	5.09
	525.17	101.71	534.00	105.99	9.82
	549.94	108.26	563.99	113.57	15.02
	596.97	120.11	608.88	124.68	12.75
	622.91	121.20	633.97	125.16	11.75
	4.04	125.07	18.94	122.64	15.10
	20.90	123.40	25.95	123.17	5.05
	488.97	124.09	492.30	132.92	9.44
	484.02	135.99	486.06	144.96	9.19
	492.02	148.51	497.00	163.00	15.32
	487.02	151.00	487.82	156.03	5.10
	9.60	168.80	4.28	170.05	5.46
	544.78	177.37	548.04	181.93	5.61
	378.00	193.00	383.09	185.74	8.87
	440.01	198.53	436.38	211.98	13.94
	493.87	225.01	504.19	284.98	60.85
	482.54	201.93	482.84	208.01	6.09
	490.75	209.21	492.59	223.77	14.68
	486.82	214.97	487.66	231.09	16.14
	530.12	213.74	537.29	228.91	16.77
	573.83	228.17	579.04	235.99	9.40
	570.03	234.98	573.88	242.05	8.05
	484.98	232.05	485.83	239.99	7.98
	533.12	234.83	534.99	240.00	5.50
	505.13	264.93	501.41	246.01	19.28
	509.36	238.96	514.17	264.98	26.45
	487.75	243.04	488.51	252.00	8.99
	490.53	245.10	492.05	257.00	12.00
	479.88	258.01	481.43	275.10	17.16
	489.66	258.06	490.26	265.02	6.98
	513.54	271.98	517.22	292.04	20.40
	506.20	270.94	508.28	284.94	14.15
	499.16	275.99	499.70	280.98	5.02
	434.00	294.00	435.16	285.78	8.30
	513.66	299.23	514.81	306.68	7.54
	539.32	303.16	541.27	308.98	6.14
	619.02	309.99	624.16	317.96	9.48
	391.64	333.68	386.74	350.95	17.96
	559.24	347.12	564.70	360.97	14.89
	514.51	362.98	518.49	386.93	24.28
	512.57	350.97	514.29	361.96	11.13
	602.85	358.16	609.27	371.08	14.42
	593.76	365.19	597.61	374.16	9.75
	394.61	367.08	392.14	376.01	9.27
	505.06	368.07	512.93	421.02	53.53
	531.03	378.00	536.30	420.96	43.29
	494.46	377.01	498.23	420.97	44.13
	522.19	386.97	526.92	415.04	28.47
	505.51	386.01	507.62	411.08	25.16
	453.74	388.99	453.31	394.95	5.98
	517.71	394.95	518.50	400.86	5.97
	518.34	407.05	519.53	412.83	5.91
