vx	vy	vz	score	numLines
0.99802745	0.06277889	0.00013275	2835.66	303
-0.09441317	0.99553303	-0.00038251	1903.60	137

nLines	x1	y1	x2	y2	length
303
	239.16	32.57	252.04	33.95	12.96
	234.96	37.93	242.00	38.38	7.05
	382.06	64.63	389.02	65.26	6.99
	455.10	74.39	464.98	74.93	9.90
	452.09	83.50	457.73	83.97	5.66
	386.04	147.23	408.96	147.66	22.92
	408.02	164.44	423.97	166.07	16.04
	407.99	179.16	424.99	180.04	17.02
	223.90	181.36	236.12	182.56	12.28
	237.24	184.56	246.01	185.11	8.78
	254.99	189.55	262.00	190.04	7.03
	407.92	186.38	423.36	187.69	15.49
	193.00	186.92	204.01	187.73	11.04
	226.00	189.81	234.00	189.97	8.01
	264.07	191.86	276.32	192.30	12.27
	408.97	193.25	424.04	194.89	15.16
	408.93	200.45	430.01	201.02	21.08
	410.00	208.01	431.01	208.02	21.01
	154.00	217.97	161.03	218.57	7.06
	410.02	221.94	430.00	224.03	20.09
	174.01	233.69	180.95	234.29	6.97
	191.10	234.34	201.00	235.09	9.93
	394.22	240.39	409.91	239.92	15.70
	206.97	239.95	213.01	240.13	6.05
	220.97	253.17	210.01	252.30	10.99
	189.01	257.38	200.99	258.15	12.00
	395.03	262.12	407.01	262.01	11.97
	188.98	262.50	196.93	262.57	7.96
	187.99	265.93	201.00	266.98	13.05
	394.73	269.65	411.80	270.29	17.08
	448.00	269.08	506.01	269.87	58.02
	188.00	271.31	201.02	271.52	13.03
	112.01	273.08	143.19	272.31	31.19
	207.00	271.88	215.97	271.86	8.97
	228.99	271.92	233.99	272.03	5.00
	239.98	272.85	288.96	274.68	49.01
	93.98	290.09	123.89	291.46	29.95
	412.97	275.23	443.00	278.01	30.16
	395.91	277.25	411.96	277.14	16.05
	70.01	277.47	78.00	278.04	8.00
	188.00	279.96	200.95	280.80	12.98
	281.99	280.29	241.04	281.57	40.97
	412.80	282.31	442.98	284.10	30.23
	322.14	284.33	329.23	284.36	7.09
	315.39	286.31	323.11	286.23	7.73
	188.03	289.78	201.00	289.52	12.97
	209.05	289.45	220.05	290.33	11.04
	234.92	291.21	229.01	291.36	5.91
	413.95	290.26	444.01	290.87	30.06
	56.91	291.38	63.90	291.76	7.00
	395.98	291.79	412.98	293.04	17.05
	117.04	293.84	142.01	295.78	25.05
	413.92	298.25	440.09	298.62	26.17
	229.01	305.48	235.95	305.68	6.95
	434.97	306.83	442.15	307.22	7.19
	398.00	307.20	407.97	306.84	9.97
	187.00	308.23	201.00	309.13	14.03
	205.03	308.22	215.00	309.10	10.02
	187.01	313.16	198.05	313.41	11.04
	416.00	314.01	434.89	315.64	18.96
	420.95	323.86	398.05	322.50	22.94
	186.99	318.22	193.01	318.35	6.02
	229.03	319.32	234.93	319.73	5.91
	415.96	321.60	422.98	321.35	7.02
	205.98	323.58	219.99	322.90	14.03
	362.93	326.71	354.97	326.84	7.96
	205.02	327.31	220.76	328.29	15.77
	324.09	327.18	330.85	327.75	6.78
	123.06	331.86	130.80	332.31	7.76
	235.04	332.78	228.98	332.75	6.06
	271.08	332.21	279.03	331.93	7.95
	186.00	332.00	200.00	333.07	14.04
	4.00	332.97	11.00	332.92	7.00
	4.00	336.57	22.10	337.81	18.13
	7.06	344.57	21.17	344.29	14.11
	26.94	343.54	34.00	343.94	7.06
	190.00	378.26	197.78	378.17	7.78
	186.05	380.51	193.99	380.67	7.93
	364.96	388.88	353.03	389.45	11.95
	204.02	386.07	213.94	386.70	9.94
	340.72	389.12	348.94	389.42	8.22
	3.99	391.58	12.00	391.92	8.01
	205.05	391.29	214.96	391.09	9.91
	347.15	394.42	365.66	394.46	18.50
	205.05	396.27	213.89	396.54	8.84
	318.99	398.26	325.95	398.70	6.98
	22.64	399.52	30.00	399.19	7.37
	48.14	399.77	56.70	399.65	8.56
	185.00	400.08	199.01	400.28	14.01
	219.93	400.30	205.00	401.01	14.95
	152.94	404.39	158.99	404.32	6.05
	184.99	405.45	199.00	405.45	14.01
	349.02	405.87	367.93	406.38	18.91
	185.02	409.67	198.99	410.31	13.98
	185.00	415.25	199.00	415.13	14.00
	340.01	415.22	345.01	415.24	5.00
	352.41	416.14	366.80	415.65	14.41
	206.04	416.42	213.03	416.38	6.99
	228.02	416.20	234.01	416.56	6.00
	184.99	419.38	199.00	420.07	14.02
	398.13	419.45	404.01	419.12	5.89
	354.99	423.10	368.02	423.41	13.04
	340.00	422.98	345.00	422.99	5.00
	306.00	424.99	329.82	426.40	23.86
	277.00	425.01	290.10	424.81	13.09
	293.00	426.02	304.89	426.64	11.90
	157.01	429.27	249.73	428.52	92.72
	332.99	431.19	368.01	431.50	35.02
	431.77	447.59	412.03	447.94	19.74
	158.04	433.53	249.00	433.64	90.96
	273.04	433.83	329.96	433.56	56.91
	315.99	438.70	307.97	438.16	8.04
	338.82	447.63	368.96	448.30	30.14
	160.01	438.32	167.04	438.64	7.04
	172.01	438.75	181.02	438.25	9.03
	185.94	438.23	196.01	438.08	10.07
	202.02	438.15	210.00	437.99	7.98
	217.98	438.18	228.00	438.07	10.02
	234.03	437.52	247.01	438.19	13.00
	324.98	438.11	330.00	438.20	5.03
	393.99	437.91	399.02	437.63	5.03
	67.03	439.67	85.05	439.52	18.02
	354.97	438.83	368.06	439.61	13.11
	436.02	440.41	442.88	440.29	6.85
	266.10	440.62	275.00	441.00	8.91
	413.00	442.76	430.05	441.90	17.07
	158.02	444.68	251.99	443.89	93.97
	290.02	444.63	317.96	444.79	27.94
	322.00	445.00	330.05	445.33	8.05
	245.98	449.59	234.02	449.52	11.95
	75.01	449.31	84.99	449.48	9.98
	159.09	448.62	166.82	448.69	7.73
	172.92	448.71	181.00	448.99	8.08
	187.02	448.86	204.96	449.26	17.95
	217.97	449.18	228.01	449.26	10.04
	89.02	450.07	101.02	450.42	12.00
	137.00	451.11	143.92	450.71	6.93
	411.95	451.71	422.96	451.51	11.01
	87.99	453.48	102.00	454.02	14.02
	347.33	455.49	342.06	455.37	5.27
	217.00	454.87	228.82	454.78	11.82
	429.90	456.72	435.75	456.65	5.85
	243.06	457.62	264.07	457.74	21.01
	417.01	461.18	429.00	461.60	12.00
	90.97	462.22	100.01	461.90	9.05
	182.03	464.10	199.05	464.85	17.04
	4.06	467.74	13.99	467.81	9.92
	376.01	467.76	381.99	467.87	5.98
	192.89	474.40	200.98	474.11	8.10
	259.81	474.54	268.00	473.98	8.21
	338.03	484.97	356.14	485.41	18.11
	6.00	475.71	17.91	475.50	11.91
	42.06	488.66	4.00	490.08	38.09
	293.94	475.20	298.98	475.08	5.04
	447.00	475.93	452.01	475.67	5.02
	20.97	477.13	3.97	477.58	17.01
	143.12	477.98	173.75	479.59	30.67
	282.16	479.12	298.94	479.31	16.78
	373.94	480.48	384.00	480.04	10.07
	204.96	481.61	226.01	481.96	21.05
	241.01	483.03	278.02	484.26	37.03
	8.04	485.30	44.01	484.76	35.97
	185.21	484.34	198.99	484.30	13.78
	207.00	488.35	237.00	488.92	30.00
	312.00	483.87	328.05	484.44	16.05
	148.98	486.63	170.01	486.39	21.03
	176.03	489.83	200.97	491.31	24.99
	373.99	486.12	402.01	487.01	28.03
	241.05	491.63	246.91	491.28	5.87
	301.01	491.60	308.16	491.69	7.15
	438.02	492.96	460.99	494.48	23.03
	340.01	495.29	347.58	495.49	7.57
	301.15	500.00	308.01	499.97	6.86
	202.52	500.17	229.05	499.36	26.54
	408.97	502.78	435.00	503.99	26.07
	439.74	506.38	462.14	505.67	22.42
	215.00	505.07	224.31	505.34	9.31
	283.01	506.29	335.00	504.82	52.02
	341.99	505.09	350.99	504.93	9.00
	446.17	510.50	437.83	510.69	8.34
	198.99	510.89	217.94	510.89	18.96
	248.04	514.32	255.99	514.62	7.96
	319.85	514.33	336.04	514.79	16.20
	297.99	516.86	303.01	516.67	5.03
	231.95	517.82	248.06	518.63	16.13
	375.01	520.72	383.15	520.99	8.14
	447.99	519.89	454.00	520.11	6.02
	100.10	521.82	107.97	522.24	7.88
	190.06	524.09	195.99	523.87	5.93
	306.97	525.42	312.03	525.44	5.06
	349.66	526.38	358.00	526.47	8.34
	110.99	527.42	118.06	527.34	7.07
	356.09	529.15	365.98	529.45	9.89
	39.16	529.67	47.99	529.34	8.83
	159.98	529.86	175.98	529.41	16.00
	217.06	530.36	229.65	529.67	12.61
	188.98	531.07	194.00	531.04	5.02
	193.96	533.42	198.98	533.22	5.02
	231.99	534.71	237.76	534.28	5.78
	460.03	536.77	469.05	537.18	9.04
	171.04	537.72	178.89	537.72	7.85
	348.14	543.43	338.00	543.00	10.15
	268.36	540.58	275.98	540.65	7.62
	200.00	542.02	212.00	542.38	12.01
	434.09	542.00	442.92	542.09	8.84
	136.99	544.92	146.92	544.47	9.94
	248.34	546.59	262.38	547.24	14.05
	330.96	552.08	336.12	551.86	5.16
	217.09	556.57	233.77	555.21	16.74
	7.99	551.61	38.07	550.55	30.10
	58.17	550.28	69.01	550.08	10.84
	231.02	550.82	241.60	550.58	10.59
	41.98	551.55	55.02	551.40	13.03
	215.93	551.73	226.94	551.81	11.01
	185.97	552.81	192.91	552.83	6.95
	248.65	554.65	256.04	554.90	7.40
	319.99	554.89	325.92	554.67	5.93
	54.98	558.71	71.83	559.63	16.87
	396.20	556.62	391.00	556.96	5.21
	14.98	559.80	40.18	560.18	25.20
	192.99	558.94	204.06	558.90	11.07
	427.05	559.85	432.92	559.68	5.88
	141.12	560.60	166.95	561.27	25.84
	395.01	560.03	406.98	560.18	11.97
	451.02	561.42	457.95	561.39	6.92
	171.01	564.29	181.94	563.45	10.96
	349.96	563.10	357.06	563.39	7.10
	21.98	565.15	28.03	564.74	6.07
	263.00	566.02	280.01	566.08	17.01
	295.97	566.34	307.99	566.81	12.03
	148.98	568.10	157.09	567.61	8.13
	381.84	566.88	396.86	567.50	15.04
	332.04	568.69	339.98	568.14	7.96
	218.02	569.89	233.99	570.08	15.97
	234.92	573.31	243.90	573.48	8.99
	24.16	573.41	36.20	572.49	12.07
	248.90	573.22	266.96	573.16	18.05
	282.07	574.95	295.91	574.18	13.86
	304.04	574.08	312.04	574.36	8.01
	487.00	574.01	495.00	574.13	8.00
	77.79	574.76	87.00	574.59	9.21
	311.02	576.41	323.99	576.11	12.97
	348.03	577.38	354.99	576.87	6.98
	428.70	579.52	441.99	580.18	13.31
	474.97	578.12	480.00	577.81	5.04
	5.03	579.15	10.95	579.05	5.92
	261.01	582.16	287.00	580.01	26.08
	36.02	581.21	41.07	581.22	5.05
	480.05	582.17	492.01	581.55	11.98
	158.92	584.73	168.95	584.75	10.03
	165.03	587.48	175.09	587.63	10.06
	192.12	587.70	201.82	588.20	9.71
	214.07	589.41	224.86	589.62	10.80
	410.98	589.60	419.16	589.49	8.18
	243.98	596.06	233.02	595.79	10.97
	460.55	590.47	475.94	590.17	15.40
	428.13	592.68	436.12	592.56	7.99
	314.01	595.62	319.79	595.62	5.79
	119.38	600.13	129.97	600.58	10.60
	266.03	596.87	289.99	597.72	23.98
	490.70	597.53	504.08	597.44	13.38
	185.03	598.80	219.00	598.37	33.97
	322.00	601.01	329.94	601.08	7.94
	62.98	600.22	91.35	599.95	28.37
	424.99	600.06	435.13	599.25	10.17
	437.02	600.40	463.01	599.35	26.01
	160.03	602.95	169.86	603.25	9.83
	331.00	603.33	337.84	603.50	6.84
	479.86	603.58	496.04	603.89	16.18
	20.40	604.79	41.98	604.68	21.58
	322.06	606.74	333.42	605.91	11.39
	310.97	605.32	316.01	605.20	5.04
	390.26	604.73	396.21	604.78	5.95
	6.02	607.37	11.62	607.36	5.60
	455.90	607.75	460.95	607.52	5.06
	23.97	609.45	30.02	609.04	6.06
	128.02	610.59	147.97	609.26	20.00
	197.97	610.56	206.99	610.95	9.03
	272.95	611.55	279.92	611.74	6.97
	27.89	613.78	38.18	613.30	10.30
	420.02	612.94	433.04	613.25	13.02
	446.81	613.73	451.91	613.63	5.10
	134.96	616.61	147.00	615.65	12.08
	194.99	616.92	205.99	615.94	11.05
	27.67	619.13	35.92	619.17	8.25
	373.17	618.59	384.98	617.84	11.83
	36.64	618.75	46.01	618.77	9.38
	71.03	620.18	86.71	619.75	15.69
	236.00	621.83	259.03	621.78	23.03
	119.26	624.49	139.02	624.42	19.76
	296.29	623.26	302.01	622.90	5.74
	310.05	625.87	319.96	625.43	9.92
	377.00	626.00	401.03	626.04	24.03
	464.00	632.11	415.95	632.69	48.06
	89.98	627.37	94.98	626.95	5.01
	284.97	630.10	303.21	629.74	18.24
	107.00	630.41	90.02	631.35	17.01
	167.97	629.53	175.03	629.56	7.05
	190.07	631.62	212.99	630.95	22.93
	339.36	631.34	352.91	630.94	13.55
	3.95	631.24	26.96	631.55	23.01
	239.96	631.46	256.06	631.49	16.10
	112.03	633.96	120.92	634.24	8.89
137
	405.83	156.03	406.24	161.96	5.95
	361.70	171.93	361.12	164.00	7.96
	387.81	160.02	396.31	328.98	169.17
	427.87	177.10	429.06	186.02	9.00
	440.91	216.08	448.16	313.99	98.18
	167.18	231.96	163.58	335.17	103.28
	171.99	241.00	173.38	223.31	17.75
	178.10	226.01	177.60	232.37	6.39
	151.11	228.00	150.78	246.98	18.98
	237.87	230.05	237.56	333.01	102.95
	329.93	233.00	330.94	246.02	13.06
	185.78	236.03	185.75	241.98	5.95
	331.87	294.96	330.94	250.01	44.96
	303.43	261.73	306.04	326.00	64.32
	171.44	247.98	169.22	335.00	87.05
	151.64	248.93	151.05	264.01	15.09
	185.61	250.02	185.03	274.01	24.00
	362.92	262.45	363.00	255.97	6.48
	176.90	257.96	176.37	264.85	6.92
	226.08	267.99	226.31	274.99	7.00
	150.38	271.21	150.53	279.04	7.83
	298.40	271.01	296.13	333.90	62.92
	146.50	274.03	146.21	281.05	7.03
	176.04	277.01	175.84	296.95	19.94
	203.71	279.16	203.67	285.92	6.76
	226.31	282.02	226.59	289.02	7.00
	203.38	288.89	203.73	295.94	7.06
	226.04	291.00	226.58	307.95	16.96
	149.26	295.05	148.74	301.94	6.90
	176.01	299.00	175.26	320.90	21.92
	505.09	299.01	506.67	319.96	21.01
	148.99	305.00	149.03	312.01	7.00
	494.55	327.99	492.43	311.02	17.10
	202.91	308.03	202.74	323.97	15.94
	225.97	310.00	226.28	325.99	15.99
	501.88	309.99	503.21	324.99	15.06
	333.11	311.01	332.86	319.94	8.93
	479.29	331.93	478.46	315.02	16.93
	465.38	317.34	466.34	334.97	17.66
	487.90	313.99	488.63	329.11	15.14
	70.14	317.05	69.45	325.02	8.00
	452.56	322.00	453.79	337.98	16.02
	473.60	318.03	474.81	332.01	14.03
	62.61	319.03	61.54	340.06	21.05
	81.81	320.00	81.46	336.98	16.99
	441.31	341.00	440.35	326.01	15.02
	460.75	321.97	461.52	336.12	14.17
	148.02	322.98	148.26	334.87	11.90
	175.06	323.02	174.96	335.01	11.99
	448.14	326.03	449.23	338.99	13.00
	182.02	327.00	182.28	333.03	6.04
	92.55	329.13	91.86	337.98	8.88
	306.34	328.96	306.12	335.00	6.04
	418.32	344.02	417.59	333.02	11.02
	428.76	328.98	429.52	343.97	15.02
	436.05	329.00	437.02	341.99	13.03
	145.01	330.00	144.49	336.33	6.35
	96.54	330.98	95.95	339.00	8.04
	407.73	342.99	407.06	335.02	7.99
	424.84	331.99	425.58	343.97	12.01
	413.53	335.02	413.68	343.01	7.99
	505.21	347.07	505.95	353.00	5.98
	172.36	425.01	173.80	380.97	44.07
	237.09	377.01	239.00	422.01	45.04
	161.38	417.06	162.35	379.09	37.98
	306.91	378.02	306.97	384.00	5.97
	201.98	379.00	201.58	415.97	36.97
	167.52	379.79	167.06	423.01	43.22
	78.35	380.71	77.50	423.10	42.40
	89.74	382.10	88.73	398.03	15.96
	94.01	382.00	91.49	419.41	37.50
	63.41	382.95	59.44	431.97	49.18
	142.96	382.99	142.89	390.03	7.05
	21.70	384.10	19.03	404.29	20.37
	75.16	384.02	74.92	391.99	7.97
	64.55	408.01	65.25	402.01	6.04
	182.66	386.97	181.99	409.00	22.04
	307.28	386.98	307.61	422.07	35.09
	431.82	407.01	431.91	393.97	13.04
	451.45	391.04	452.43	411.88	20.86
	145.50	408.86	145.36	414.88	6.02
	141.86	413.01	143.52	391.80	21.27
	215.65	391.94	216.04	399.00	7.07
	225.47	392.99	227.01	423.94	30.98
	337.42	397.56	337.52	405.01	7.45
	145.63	397.85	145.82	406.06	8.21
	88.50	400.16	87.90	413.99	13.83
	81.53	401.97	81.21	415.02	13.05
	428.09	402.00	428.30	407.99	5.99
	409.28	403.99	410.25	415.97	12.02
	391.52	407.88	392.66	417.98	10.16
	404.86	409.01	405.09	417.00	8.00
	216.23	411.04	215.57	424.09	13.06
	179.69	414.95	179.88	425.02	10.07
	338.06	416.01	337.51	430.05	14.06
	346.27	416.05	346.97	422.99	6.98
	142.08	417.01	142.24	425.00	7.99
	152.21	417.07	150.76	450.94	33.90
	156.90	419.99	156.87	425.92	5.94
	404.68	420.88	405.53	432.01	11.16
	64.71	425.03	64.61	432.32	7.29
	392.71	424.99	392.97	433.00	8.01
	156.55	430.78	156.33	443.02	12.24
	265.43	431.19	265.79	438.98	7.79
	410.45	433.94	410.68	441.05	7.11
	230.47	436.01	230.32	442.04	6.03
	278.16	435.99	279.59	461.09	25.14
	337.86	435.97	338.09	446.92	10.95
	347.14	436.03	347.16	444.96	8.94
	318.75	438.90	318.98	443.99	5.10
	406.09	438.99	406.07	448.02	9.03
	393.22	440.00	393.86	451.10	11.11
	265.59	457.06	265.57	446.99	10.08
	230.51	447.05	230.26	454.04	7.00
	287.92	447.01	287.53	455.02	8.02
	204.72	462.08	203.92	479.98	17.92
	63.98	462.99	63.08	475.00	12.05
	237.43	464.95	237.93	481.01	16.07
	71.01	466.01	71.01	475.00	8.99
	223.45	465.98	223.30	471.01	5.03
	276.84	467.06	276.70	474.03	6.97
	150.81	475.01	150.64	468.19	6.81
	389.64	467.96	390.03	475.00	7.05
	25.25	468.99	24.50	477.00	8.04
	248.68	471.07	248.24	479.94	8.88
	336.94	474.01	337.38	484.12	10.12
	360.73	474.08	361.09	484.95	10.87
	47.22	475.96	46.97	482.99	7.04
	40.78	476.99	40.69	482.99	6.00
	302.07	477.99	301.99	490.00	12.01
	404.85	477.93	405.42	490.14	12.23
	109.87	499.99	108.80	521.11	21.15
	84.01	501.99	83.37	508.90	6.94
	356.88	507.95	356.92	513.01	5.06
	65.78	537.39	65.74	532.25	5.14
	429.27	561.54	429.39	566.59	5.06
	104.67	570.27	103.98	579.48	9.24
