vx	vy	vz	score	numLines
-0.30135980	0.95351021	0.00073920	7844.55	193
0.85888191	-0.51216936	-0.00210184	3416.92	221
-1.00000000	0.00002600	-0.00000988	2185.99	175

nLines	x1	y1	x2	y2	length
193
	167.28	26.05	123.25	124.09	107.47
	260.09	26.03	238.81	65.91	45.20
	305.51	25.93	291.20	51.11	28.96
	350.08	26.04	344.94	33.97	9.44
	393.39	26.16	316.90	146.98	142.99
	436.55	26.17	313.92	208.95	220.11
	478.51	25.67	414.23	117.17	111.82
	520.51	25.95	461.83	104.88	98.36
	507.85	94.90	561.69	25.67	87.70
	602.02	26.01	596.03	34.02	10.00
	18.31	26.95	3.33	69.78	45.38
	70.33	26.93	17.85	163.95	146.72
	119.34	26.91	46.44	199.96	187.78
	214.05	27.02	185.82	83.93	63.53
	246.10	200.06	327.89	62.98	159.63
	328.36	61.95	342.66	38.74	27.26
	11.90	27.97	3.37	53.79	27.19
	63.79	28.10	3.57	188.83	171.64
	112.54	28.02	25.99	236.99	226.19
	160.93	27.97	56.20	260.12	254.68
	186.91	27.96	178.04	48.02	21.93
	207.96	27.98	94.21	261.13	259.42
	253.47	27.99	155.01	217.01	213.13
	298.75	28.13	194.16	217.09	215.98
	343.44	27.96	218.43	239.26	245.51
	386.67	28.11	254.92	237.92	247.75
	429.98	27.99	289.61	240.40	254.61
	471.65	28.10	360.51	189.35	195.84
	485.00	28.00	462.89	56.35	35.95
	513.64	28.09	413.53	166.39	170.73
	524.94	27.96	511.52	44.49	21.30
	465.53	145.41	554.75	27.81	147.61
	595.13	28.10	507.51	138.44	140.90
	634.21	30.19	557.44	122.36	119.96
	634.49	36.43	602.37	73.91	49.37
	591.09	40.09	553.28	86.23	59.66
	87.21	41.93	84.71	47.84	6.42
	134.70	43.88	121.29	72.24	31.37
	392.83	44.91	381.42	63.95	22.20
	288.12	57.08	212.93	190.96	153.55
	83.13	52.14	79.64	60.10	8.69
	346.21	53.84	335.12	74.09	23.09
	582.66	55.74	564.63	77.41	28.19
	80.59	62.86	69.97	90.99	30.06
	455.89	62.75	452.79	66.77	5.08
	538.49	62.60	517.61	88.49	33.26
	298.54	64.74	279.51	97.49	37.88
	183.38	89.93	120.70	217.07	141.75
	237.68	70.10	162.49	212.02	160.60
	112.87	70.98	110.08	79.00	8.50
	494.42	70.57	481.14	90.12	23.64
	118.38	75.29	114.11	84.08	9.77
	250.74	74.75	237.49	101.53	29.88
	634.42	75.37	604.56	111.50	46.87
	486.87	210.87	600.85	77.81	175.20
	449.72	79.80	438.46	97.59	21.05
	634.34	81.30	582.90	139.92	77.99
	26.70	83.91	17.81	109.88	27.45
	549.12	91.10	454.25	209.09	151.40
	200.60	92.73	189.18	115.17	25.18
	553.14	92.73	538.49	113.59	25.49
	502.34	101.91	474.55	138.05	45.59
	55.31	96.18	53.23	102.07	6.24
	457.27	111.20	394.45	196.98	106.32
	150.85	108.94	141.11	129.08	22.38
	313.62	110.78	304.05	127.56	19.32
	603.28	111.25	594.54	121.48	13.46
	272.04	112.59	268.44	118.55	6.96
	606.55	117.61	593.78	132.52	19.63
	268.61	120.77	261.04	136.03	17.03
	421.47	122.58	411.99	136.99	17.25
	634.19	123.17	626.45	130.99	11.00
	556.45	124.39	550.51	131.46	9.22
	101.90	124.97	92.87	143.89	20.97
	124.99	125.00	82.85	211.94	96.62
	565.42	124.55	549.79	142.18	23.56
	13.16	177.08	9.71	186.06	9.63
	408.10	126.09	367.65	183.10	69.91
	627.47	126.46	620.50	133.47	9.89
	586.36	131.32	576.49	142.42	14.86
	425.31	201.86	471.90	141.90	75.93
	523.87	131.88	514.12	145.11	16.43
	376.90	132.94	368.88	145.90	15.24
	221.46	133.70	212.18	151.20	19.81
	313.29	152.86	277.44	208.96	66.57
	545.46	137.39	535.39	148.32	14.86
	8.89	138.94	3.45	151.65	13.82
	580.10	143.11	560.42	164.98	29.42
	481.84	139.88	472.15	153.13	16.42
	333.50	141.71	320.88	160.82	22.90
	621.46	141.53	612.79	151.66	13.34
	51.06	143.01	44.14	159.10	17.52
	464.50	145.38	458.53	154.39	10.81
	568.85	161.09	583.79	145.82	21.37
	174.81	147.91	168.20	161.24	14.88
	145.65	208.98	142.41	215.96	7.70
	440.22	147.80	432.07	160.06	14.71
	498.33	149.27	487.50	162.39	17.01
	290.40	151.95	282.92	164.92	14.97
	543.81	151.81	534.08	164.07	15.66
	457.34	155.27	441.59	175.46	25.61
	599.35	161.35	541.01	225.01	86.35
	493.79	171.74	503.61	158.69	16.33
	634.31	161.28	623.89	171.92	14.89
	127.50	161.73	122.15	174.18	13.55
	246.63	161.79	240.49	174.00	13.67
	518.79	214.93	539.55	188.50	33.61
	540.69	186.79	557.77	168.76	24.84
	356.37	164.91	349.91	175.94	12.78
	72.72	195.96	66.58	210.40	15.69
	412.30	167.23	401.59	182.41	18.58
	555.80	179.71	564.56	168.63	14.13
	620.17	176.17	594.47	206.04	39.40
	201.48	173.70	190.52	196.00	24.84
	313.74	174.83	297.73	200.73	30.44
	421.47	174.99	402.98	201.98	32.72
	502.88	203.88	525.53	174.62	37.00
	80.55	175.79	74.58	191.82	17.10
	36.36	182.25	29.78	198.92	17.92
	381.57	181.64	365.81	205.93	28.95
	485.87	181.90	473.35	198.87	21.09
	586.70	182.74	556.96	217.97	46.10
	271.95	183.97	267.62	191.83	8.98
	540.49	184.40	537.42	188.35	5.01
	366.23	186.19	329.95	236.97	62.41
	155.88	186.94	147.71	203.98	18.90
	188.08	199.98	182.84	209.94	11.26
	359.47	189.32	343.48	212.35	28.03
	612.48	188.63	596.99	207.01	24.03
	430.38	190.28	425.54	197.43	8.63
	25.80	211.07	15.69	238.01	28.77
	230.41	193.07	226.23	199.33	7.54
	392.36	194.26	386.46	202.35	10.00
	112.17	196.31	105.78	211.83	16.78
	135.99	196.00	132.01	203.02	8.07
	634.30	196.34	607.94	221.93	36.74
	440.84	196.95	436.95	201.94	6.33
	424.38	198.30	418.25	207.20	10.81
	342.51	267.00	387.38	205.91	75.80
	454.50	204.39	448.23	212.19	10.01
	331.14	205.09	326.53	212.74	8.93
	384.40	205.32	375.58	217.43	14.99
	204.44	206.26	195.76	219.89	16.16
	590.71	207.50	550.44	250.27	58.75
	553.46	208.41	549.49	212.44	5.66
	630.48	207.62	626.67	211.79	5.65
	531.79	208.86	528.28	213.22	5.59
	40.42	209.67	30.81	235.92	27.96
	363.25	209.86	355.77	220.76	13.23
	418.98	209.99	387.51	250.99	51.69
	483.23	211.19	473.50	223.42	15.63
	65.21	211.95	50.87	249.92	40.59
	516.27	212.24	503.39	227.34	19.85
	493.55	215.60	486.64	223.54	10.52
	272.55	216.02	259.29	237.27	25.04
	14.24	243.87	12.43	248.98	5.42
	523.11	219.13	518.78	224.73	7.07
	516.04	228.02	507.81	238.85	13.60
	439.13	223.10	435.44	228.36	6.42
	475.59	223.51	455.82	248.90	32.17
	595.76	235.71	608.03	223.55	17.27
	551.08	225.08	547.71	228.80	5.02
	93.27	237.96	88.47	249.38	12.39
	451.96	226.97	449.01	231.01	5.00
	503.87	228.88	499.93	232.95	5.67
	579.16	229.13	572.67	236.74	10.00
	634.30	229.30	627.63	235.65	9.21
	226.87	231.91	206.07	266.05	39.97
	423.34	243.27	432.06	232.05	14.21
	498.49	232.60	494.34	237.31	6.28
	607.08	233.09	603.01	237.00	5.65
	243.50	234.07	240.53	239.07	5.82
	72.41	235.18	69.39	240.97	6.53
	502.31	277.35	522.43	253.96	30.85
	522.32	239.30	494.78	269.51	40.87
	250.29	241.18	233.45	267.33	31.10
	288.37	241.26	280.85	251.84	12.98
	494.28	241.17	485.65	250.63	12.81
	374.67	241.75	370.99	246.28	5.83
	106.07	246.03	98.13	261.03	16.97
	424.94	245.95	420.70	251.08	6.65
	213.49	247.31	206.40	259.24	13.88
	385.50	249.38	378.51	258.37	11.39
	59.81	260.90	63.49	252.02	9.61
	6.06	259.01	8.19	253.26	6.13
	441.46	261.37	446.17	256.14	7.04
	545.02	256.02	540.21	261.19	7.06
	250.51	258.23	244.55	267.03	10.63
	395.73	262.96	398.71	258.72	5.18
	381.09	260.13	375.23	268.21	9.98
	611.00	280.00	622.79	267.80	16.96
	362.28	300.20	366.83	294.73	7.12
	379.45	338.94	383.07	334.65	5.62
221
	175.02	28.02	168.03	30.85	7.54
	314.05	37.22	309.04	38.59	5.20
	261.05	55.14	252.98	56.90	8.26
	245.38	72.33	239.00	73.94	6.58
	173.02	133.89	180.24	132.27	7.41
	41.85	139.79	28.91	142.82	13.29
	128.98	146.56	135.08	145.13	6.27
	156.91	147.91	166.60	145.78	9.92
	36.21	146.25	26.97	148.29	9.46
	122.01	152.47	129.44	150.86	7.61
	122.15	157.32	116.01	158.03	6.19
	77.97	162.77	86.20	161.21	8.38
	108.06	163.63	115.07	162.47	7.11
	57.96	186.15	65.11	185.27	7.20
	60.16	194.70	65.94	194.11	5.81
	7.00	203.97	14.94	202.91	8.01
	129.94	206.22	141.99	204.97	12.11
	247.02	227.08	236.01	227.77	11.03
	10.05	207.67	16.95	207.30	6.91
	355.00	208.05	362.00	207.67	7.01
	48.99	215.06	62.99	214.16	14.03
	79.08	226.37	86.03	226.15	6.95
	87.95	250.19	82.00	250.30	5.95
	196.81	228.46	202.99	227.92	6.20
	299.03	231.02	307.99	230.48	8.97
	64.35	250.91	78.97	251.61	14.64
	419.05	269.61	411.00	269.85	8.06
	492.03	269.85	472.90	268.50	19.18
	30.00	250.56	42.97	251.29	12.99
	358.03	251.70	366.94	251.26	8.92
	30.00	257.19	41.00	256.98	11.00
	288.98	254.12	296.01	254.41	7.04
	294.07	272.36	319.99	273.86	25.96
	457.87	265.09	444.96	264.43	12.93
	309.98	258.26	317.99	258.11	8.01
	450.92	257.55	456.06	257.67	5.14
	65.98	260.25	82.03	261.26	16.08
	375.03	269.04	396.64	270.98	21.70
	212.00	261.00	228.00	261.97	16.03
	352.00	262.02	360.98	261.81	8.98
	34.80	263.46	49.98	263.72	15.19
	418.29	262.82	424.88	263.14	6.60
	543.05	266.37	548.09	266.60	5.04
	70.86	271.27	57.45	270.04	13.47
	58.12	265.09	69.08	265.43	10.97
	112.97	265.35	133.02	264.80	20.05
	41.84	271.61	47.89	272.30	6.09
	208.03	268.68	281.99	271.91	74.04
	629.00	269.01	634.00	269.35	5.01
	94.99	270.00	111.94	271.71	17.03
	535.98	271.10	543.01	270.98	7.03
	568.95	270.80	576.10	270.64	7.16
	29.97	276.59	52.98	278.18	23.07
	228.00	275.98	196.98	274.65	31.05
	325.94	274.50	593.01	284.73	267.27
	99.98	275.55	115.00	277.05	15.09
	117.00	276.01	133.00	277.88	16.11
	232.00	276.67	249.99	277.13	17.99
	3.89	279.28	18.03	280.81	14.22
	103.00	281.91	132.99	284.11	30.07
	269.11	285.86	289.98	287.83	20.97
	304.88	280.24	325.21	282.50	20.45
	29.08	280.77	41.74	281.55	12.68
	197.11	280.78	252.95	285.28	56.02
	335.92	282.18	377.00	284.07	41.12
	5.99	284.86	13.03	285.19	7.04
	45.53	282.44	57.00	284.15	11.60
	413.96	282.71	427.95	282.73	13.99
	87.02	286.79	120.16	289.60	33.26
	381.03	284.09	433.99	285.97	52.99
	202.00	288.83	224.04	291.38	22.19
	594.97	285.82	634.01	286.88	39.05
	346.01	290.89	362.96	292.26	17.01
	435.97	287.75	539.01	292.90	103.17
	550.00	292.43	571.01	293.28	21.03
	4.02	288.92	14.90	289.80	10.91
	85.56	291.29	98.99	292.34	13.47
	449.00	298.11	471.01	299.84	22.08
	226.19	291.67	255.88	293.42	29.75
	618.00	296.94	626.00	297.07	8.00
	612.94	291.44	628.12	291.68	15.18
	36.15	291.74	44.94	292.54	8.83
	6.13	293.70	17.01	295.02	10.96
	276.00	294.07	295.98	296.91	20.18
	576.06	294.85	601.05	294.78	24.99
	424.10	295.52	436.96	296.20	12.88
	560.03	304.94	576.87	306.36	16.90
	209.98	296.85	215.03	297.33	5.08
	511.00	298.02	542.97	300.36	32.06
	596.02	307.34	623.07	308.59	27.08
	231.17	298.64	258.95	301.13	27.89
	318.84	307.23	342.00	310.00	23.32
	491.82	299.83	499.94	300.71	8.17
	450.95	308.10	470.00	310.02	19.15
	506.00	302.00	548.02	305.32	42.15
	280.98	302.71	300.03	305.11	19.20
	358.99	303.40	387.05	304.78	28.09
	3.99	304.10	132.99	322.18	130.26
	33.99	304.35	55.78	306.58	21.91
	247.05	303.69	261.05	305.69	14.13
	477.89	305.69	491.97	306.27	14.09
	582.04	306.92	593.01	308.39	11.07
	252.03	308.79	261.06	309.79	9.08
	381.07	312.17	356.03	310.70	25.08
	518.00	313.79	529.02	314.70	11.06
	606.96	320.07	631.97	323.14	25.19
	473.00	312.01	494.00	313.00	21.02
	222.99	313.07	231.00	314.14	8.08
	393.97	314.76	424.99	316.14	31.05
	420.97	312.75	426.05	313.45	5.13
	104.01	313.92	132.01	316.79	28.15
	309.14	314.48	316.03	314.78	6.90
	365.99	319.99	350.17	318.69	15.88
	254.91	316.51	265.99	317.20	11.11
	543.98	317.34	559.00	318.07	15.04
	431.02	324.97	444.00	326.02	13.02
	429.01	317.52	442.02	318.74	13.07
	450.07	318.88	468.01	320.81	18.05
	220.14	319.54	232.98	321.17	12.95
	369.99	322.06	394.04	324.33	24.16
	471.00	321.97	484.98	323.18	14.03
	580.11	329.83	585.92	330.66	5.87
	230.99	329.32	218.94	327.09	12.25
	460.11	329.32	467.61	329.70	7.51
	620.99	334.55	633.96	335.16	12.98
	195.85	325.32	216.08	327.61	20.36
	262.95	325.47	268.02	325.86	5.09
	332.97	325.17	347.99	327.09	15.14
	470.00	329.01	479.98	330.38	10.07
	407.09	325.61	416.02	326.97	9.03
	482.05	332.61	497.08	333.27	15.05
	551.98	327.04	569.12	329.42	17.30
	536.03	327.60	549.99	328.59	14.00
	410.02	328.91	416.00	329.93	6.07
	196.00	332.51	634.01	397.45	442.80
	368.12	337.83	378.03	339.22	10.01
	504.03	331.62	511.04	332.57	7.07
	261.99	333.51	289.93	338.66	28.41
	610.01	333.90	615.02	334.30	5.02
	410.01	334.70	430.00	338.02	20.26
	413.27	342.83	437.00	345.68	23.91
	306.96	342.18	338.99	345.06	32.16
	417.08	339.28	430.99	341.56	14.10
	124.97	342.20	130.92	343.24	6.04
	493.94	342.05	515.85	344.36	22.03
	486.00	344.04	500.98	346.31	15.15
	596.52	344.43	634.00	348.49	37.70
	392.00	344.93	402.14	345.64	10.16
	578.93	346.86	590.99	348.61	12.19
	527.16	347.45	564.00	351.04	37.01
	224.00	348.04	241.00	350.00	17.11
	272.94	348.25	277.96	348.85	5.05
	443.02	347.60	456.00	350.04	13.21
	481.99	353.14	472.04	351.44	10.09
	206.00	350.32	217.02	351.82	11.12
	606.01	349.93	616.80	351.43	10.90
	283.01	352.06	287.99	352.81	5.04
	405.03	351.95	411.06	352.34	6.04
	398.05	353.60	444.00	360.09	46.41
	323.09	355.33	346.98	359.62	24.27
	501.95	355.02	521.91	358.47	20.26
	478.98	364.71	591.21	381.22	113.44
	548.00	355.99	561.00	358.01	13.16
	601.01	356.99	634.00	360.01	33.13
	136.97	357.19	142.05	358.39	5.22
	4.04	358.84	49.03	369.94	46.34
	528.87	359.26	564.02	364.79	35.59
	362.03	361.32	379.07	364.94	17.43
	451.13	361.91	475.04	364.25	24.03
	503.02	362.46	508.00	363.06	5.01
	309.97	363.54	319.00	364.41	9.07
	572.01	364.56	590.01	366.09	18.07
	162.01	365.70	221.98	379.14	61.46
	330.01	365.98	335.04	366.61	5.07
	394.00	366.91	404.00	368.04	10.06
	542.08	367.78	547.01	368.76	5.02
	599.42	370.03	588.05	369.35	11.39
	183.02	368.50	208.00	371.97	25.22
	406.04	368.81	411.99	370.02	6.08
	605.84	369.35	632.08	371.36	26.32
	414.92	370.69	464.94	378.19	50.57
	257.00	372.35	264.00	374.05	7.20
	399.00	372.99	409.00	375.17	10.23
	553.00	372.06	572.13	373.39	19.18
	93.98	372.66	111.99	376.50	18.41
	626.95	385.53	634.02	386.87	7.19
	37.03	373.88	59.02	379.98	22.82
	587.01	373.95	597.99	376.04	11.18
	296.15	374.73	315.09	378.73	19.37
	433.85	376.33	445.09	378.38	11.43
	274.01	376.70	292.96	381.51	19.56
	320.99	379.17	331.94	380.56	11.04
	224.99	380.62	285.00	392.97	61.27
	383.01	381.05	392.03	382.48	9.14
	473.98	380.67	488.01	383.77	14.37
	592.77	381.82	624.98	386.08	32.49
	174.01	382.89	182.99	385.45	9.34
	276.00	383.38	284.02	384.89	8.16
	343.02	382.91	351.01	383.86	8.05
	371.99	382.91	390.09	385.80	18.34
	511.06	383.29	521.95	384.91	11.01
	78.01	384.81	88.02	387.53	10.37
	125.00	386.75	149.00	394.22	25.14
	394.95	386.15	400.94	386.83	6.03
	200.00	388.54	210.01	391.03	10.32
	222.96	391.63	228.93	392.65	6.06
	424.93	390.74	453.99	397.05	29.73
	526.99	390.62	559.08	396.46	32.62
	513.00	393.14	519.00	393.99	6.06
	73.97	398.18	81.00	400.14	7.30
	585.97	397.43	625.06	403.19	39.51
	459.03	397.91	464.98	398.80	6.01
	161.01	399.75	217.97	415.09	58.99
	280.03	399.90	304.98	405.58	25.59
	594.00	401.97	611.03	403.85	17.13
	485.14	402.58	506.00	406.56	21.24
	156.05	404.09	176.96	409.10	21.50
	572.95	404.52	578.99	405.48	6.11
	428.00	406.99	442.01	409.99	14.32
	358.00	407.71	384.94	414.71	27.83
	526.15	407.60	533.96	409.33	7.99
175
	4.00	24.54	634.00	24.42	630.00
	23.57	45.03	41.00	44.03	17.46
	78.98	30.33	90.99	31.03	12.03
	34.02	32.90	45.07	33.59	11.08
	119.00	32.86	126.99	33.03	7.99
	128.05	38.56	117.02	38.59	11.03
	75.06	35.39	91.02	36.24	15.98
	70.99	40.91	85.03	41.85	14.07
	120.07	48.59	113.02	48.82	7.06
	18.88	54.61	37.02	53.83	18.16
	25.00	48.08	38.03	48.91	13.06
	65.00	51.03	78.10	51.62	13.12
	61.00	56.74	75.99	55.89	15.01
	17.99	58.26	31.02	58.85	13.04
	30.88	63.27	11.82	63.81	19.06
	6.00	73.00	24.00	72.01	18.03
	61.00	61.04	68.95	61.15	7.96
	247.04	64.70	253.07	65.10	6.04
	12.03	68.20	23.96	68.25	11.93
	55.03	73.58	63.04	73.69	8.01
	8.97	77.70	15.86	77.62	6.89
	4.00	88.91	10.98	89.24	6.98
	131.99	111.09	139.61	111.34	7.62
	50.04	121.60	57.01	121.64	6.98
	4.00	133.89	9.00	134.06	5.00
	247.02	227.08	236.01	227.77	11.03
	10.05	207.67	16.95	207.30	6.91
	355.00	208.05	362.00	207.67	7.01
	48.99	215.06	62.99	214.16	14.03
	45.91	227.21	57.00	227.69	11.09
	79.08	226.37	86.03	226.15	6.95
	87.95	250.19	82.00	250.30	5.95
	299.03	231.02	307.99	230.48	8.97
	64.35	250.91	78.97	251.61	14.64
	419.05	269.61	411.00	269.85	8.06
	30.00	250.56	42.97	251.29	12.99
	358.03	251.70	366.94	251.26	8.92
	30.00	257.19	41.00	256.98	11.00
	288.98	254.12	296.01	254.41	7.04
	294.07	272.36	319.99	273.86	25.96
	63.99	257.17	74.11	256.54	10.14
	457.87	265.09	444.96	264.43	12.93
	269.95	259.25	278.98	258.61	9.06
	309.98	258.26	317.99	258.11	8.01
	450.92	257.55	456.06	257.67	5.14
	65.98	260.25	82.03	261.26	16.08
	212.00	261.00	228.00	261.97	16.03
	352.00	262.02	360.98	261.81	8.98
	34.80	263.46	49.98	263.72	15.19
	418.29	262.82	424.88	263.14	6.60
	543.05	266.37	548.09	266.60	5.04
	58.12	265.09	69.08	265.43	10.97
	112.97	265.35	133.02	264.80	20.05
	208.03	268.68	281.99	271.91	74.04
	535.98	271.10	543.01	270.98	7.03
	568.95	270.80	576.10	270.64	7.16
	29.09	271.71	35.03	271.62	5.94
	228.00	275.98	196.98	274.65	31.05
	325.94	274.50	593.01	284.73	267.27
	63.01	274.48	74.00	274.34	11.00
	232.00	276.67	249.99	277.13	17.99
	29.08	280.77	41.74	281.55	12.68
	335.92	282.18	377.00	284.07	41.12
	5.99	284.86	13.03	285.19	7.04
	413.96	282.71	427.95	282.73	13.99
	381.03	284.09	433.99	285.97	52.99
	594.97	285.82	634.01	286.88	39.05
	435.97	287.75	539.01	292.90	103.17
	550.00	292.43	571.01	293.28	21.03
	67.03	290.88	78.99	290.96	11.97
	397.01	295.46	414.04	295.28	17.03
	226.19	291.67	255.88	293.42	29.75
	618.00	296.94	626.00	297.07	8.00
	612.94	291.44	628.12	291.68	15.18
	576.06	294.85	601.05	294.78	24.99
	424.10	295.52	436.96	296.20	12.88
	596.02	307.34	623.07	308.59	27.08
	91.00	299.12	101.10	298.90	10.10
	110.95	300.19	122.09	299.91	11.14
	9.92	300.46	15.04	300.64	5.13
	19.99	302.38	25.99	302.46	6.01
	358.99	303.40	387.05	304.78	28.09
	477.89	305.69	491.97	306.27	14.09
	67.00	307.96	77.72	308.38	10.72
	381.07	312.17	356.03	310.70	25.08
	86.00	310.27	94.05	310.41	8.05
	429.88	313.19	438.96	312.57	9.09
	473.00	312.01	494.00	313.00	21.02
	393.97	314.76	424.99	316.14	31.05
	540.99	313.21	554.07	312.74	13.08
	309.14	314.48	316.03	314.78	6.90
	4.01	315.77	15.99	315.19	12.00
	531.99	315.28	537.98	315.24	5.99
	254.91	316.51	265.99	317.20	11.11
	543.98	317.34	559.00	318.07	15.04
	59.99	320.06	80.02	321.15	20.06
	598.94	320.43	603.95	320.21	5.01
	29.00	321.23	50.01	320.95	21.01
	491.03	323.72	508.99	323.04	17.97
	460.11	329.32	467.61	329.70	7.51
	620.99	334.55	633.96	335.16	12.98
	482.05	332.61	497.08	333.27	15.05
	85.05	327.85	94.01	327.34	8.97
	116.98	329.06	127.01	329.11	10.03
	45.96	332.62	64.98	331.78	19.03
	366.01	330.97	385.99	330.96	19.99
	232.95	331.05	261.27	331.64	28.32
	590.86	332.30	595.99	332.11	5.13
	119.07	334.53	126.03	334.30	6.97
	97.09	336.54	111.99	335.81	14.91
	223.05	342.68	246.02	343.69	22.99
	560.99	344.04	579.01	342.86	18.05
	350.01	348.30	364.00	348.98	14.01
	74.98	345.53	87.97	346.15	13.01
	197.99	345.87	215.80	345.45	17.82
	473.01	349.32	489.13	349.72	16.13
	100.10	350.67	107.92	350.23	7.83
	392.02	350.09	401.88	349.93	9.86
	296.99	351.61	304.05	351.69	7.06
	405.03	351.95	411.06	352.34	6.04
	563.01	353.60	579.98	353.57	16.97
	306.04	354.77	320.07	354.61	14.03
	277.00	358.00	294.01	357.63	17.01
	573.91	373.18	581.02	372.91	7.11
	42.97	360.88	49.99	360.58	7.02
	115.00	364.03	138.99	364.89	24.01
	169.00	364.87	181.90	365.51	12.91
	599.42	370.03	588.05	369.35	11.39
	526.65	368.34	540.11	369.12	13.48
	350.07	370.25	372.99	371.05	22.94
	4.00	372.23	35.93	370.31	31.99
	338.02	370.18	343.79	370.44	5.78
	106.00	372.04	112.03	371.63	6.04
	51.03	374.18	81.99	375.22	30.98
	373.97	374.11	384.01	373.69	10.05
	137.99	374.09	148.01	373.61	10.03
	31.00	377.98	40.01	378.07	9.00
	9.03	377.41	15.00	377.35	5.98
	65.01	378.90	86.01	378.75	21.00
	130.97	384.46	139.03	384.22	8.06
	488.98	384.17	508.94	383.35	19.98
	626.91	381.69	634.03	381.31	7.13
	62.30	383.14	68.99	383.48	6.70
	461.03	383.45	467.98	383.65	6.95
	69.99	384.60	77.25	384.90	7.26
	89.08	387.83	123.99	387.07	34.91
	407.99	386.25	422.08	385.44	14.11
	424.04	385.36	448.01	386.87	24.02
	448.97	385.37	457.96	385.15	8.99
	11.95	385.68	18.00	386.07	6.07
	138.06	388.25	147.03	387.85	8.98
	361.00	388.43	377.01	388.63	16.02
	482.89	387.65	493.09	388.20	10.22
	338.01	392.31	309.97	392.24	28.05
	384.99	389.09	395.02	388.56	10.04
	393.99	391.77	405.00	391.58	11.01
	59.98	394.49	66.00	394.65	6.02
	211.11	394.28	235.01	395.05	23.91
	44.94	395.19	56.06	395.15	11.12
	243.00	395.60	265.03	395.32	22.03
	486.18	395.57	494.02	395.12	7.85
	12.96	396.38	27.02	395.58	14.08
	4.02	398.06	11.97	397.74	7.96
	168.07	398.39	192.91	397.49	24.85
	4.00	409.91	159.99	399.77	156.32
	417.05	406.70	423.05	406.77	6.01
	554.00	407.14	564.99	407.18	10.99
	509.00	408.89	516.04	408.65	7.05
	159.98	411.22	185.00	412.03	25.03
	281.05	411.81	292.03	412.48	11.00
	538.02	411.08	543.10	411.32	5.09
	599.03	413.93	605.01	413.50	6.00
	63.88	414.55	69.98	414.84	6.11
	196.01	415.68	202.94	415.37	6.94
	4.00	418.53	634.00	418.56	630.00
