vx	vy	vz	score	numLines
-0.03068530	0.99952909	-0.00009783	7344.52	330
0.98551384	-0.16959487	-0.00024555	3648.78	364

nLines	x1	y1	x2	y2	length
330
	9.27	60.88	10.04	12.00	48.88
	79.41	10.05	77.10	184.00	173.97
	100.31	10.04	98.02	113.00	102.99
	120.54	9.96	118.99	96.00	86.05
	141.54	10.10	140.55	46.04	35.95
	143.02	51.00	139.68	95.06	44.18
	139.18	122.99	138.51	153.06	30.08
	140.79	160.98	136.43	266.97	106.08
	138.78	284.02	135.05	328.00	44.14
	162.18	10.04	160.74	40.87	30.86
	225.79	10.02	225.87	91.00	80.98
	291.41	10.08	290.74	71.00	60.92
	313.84	10.01	313.04	69.00	59.00
	336.51	10.03	337.27	464.96	454.93
	39.63	11.00	26.30	433.00	422.21
	26.39	433.99	24.64	460.99	27.06
	183.21	11.00	182.58	41.07	30.08
	204.31	11.00	203.12	85.00	74.02
	247.37	10.99	247.58	95.01	84.02
	269.34	10.98	269.34	157.91	146.93
	16.49	11.97	16.48	21.08	9.12
	305.87	12.00	305.69	32.80	20.80
	301.45	12.95	301.45	19.15	6.20
	28.00	17.00	27.40	34.05	17.06
	380.66	16.96	380.09	31.98	15.03
	360.71	22.96	361.36	34.04	11.10
	405.59	22.98	405.35	38.96	15.97
	288.30	24.09	288.27	30.91	6.82
	21.11	28.00	21.49	42.07	14.08
	16.83	32.01	15.34	49.03	17.09
	33.55	40.03	33.45	48.00	7.97
	162.75	41.99	159.25	104.01	62.11
	158.66	105.00	158.91	207.00	101.99
	347.87	43.96	348.58	57.89	13.95
	183.93	42.99	176.69	464.98	422.05
	26.89	46.99	27.21	61.01	14.03
	370.75	48.01	371.22	62.88	14.87
	393.23	48.98	393.48	66.02	17.05
	361.03	50.00	361.04	56.00	6.00
	403.15	51.97	402.68	59.96	8.01
	20.66	53.97	21.14	68.01	14.04
	16.40	60.02	16.02	72.00	11.98
	256.54	65.00	256.54	59.53	5.47
	32.67	65.95	32.58	70.97	5.02
	314.40	70.99	313.45	203.00	132.02
	26.60	75.02	26.16	89.00	13.99
	348.27	74.98	348.07	88.00	13.02
	298.52	77.01	298.14	85.14	8.14
	383.06	77.01	382.91	95.98	18.98
	370.65	78.01	370.89	90.00	12.00
	379.62	78.92	380.28	92.98	14.07
	402.49	79.03	402.58	96.98	17.95
	392.69	81.99	392.49	92.98	10.99
	409.09	81.99	408.76	92.94	10.96
	9.30	90.99	9.13	164.96	73.96
	15.10	87.00	14.36	102.02	15.04
	170.98	92.01	169.21	117.01	25.07
	150.61	94.03	150.53	99.13	5.10
	198.63	169.92	197.94	153.00	16.94
	203.04	146.00	202.33	95.05	50.95
	198.60	96.02	199.08	111.78	15.77
	246.08	95.97	247.43	149.96	54.01
	219.91	98.01	219.46	109.73	11.73
	239.90	99.01	240.20	106.89	7.89
	361.81	103.80	360.85	123.96	20.18
	402.41	108.06	402.07	126.96	18.91
	408.27	109.11	408.98	121.00	11.91
	225.04	110.01	223.96	140.00	30.01
	220.09	151.01	220.19	161.93	10.92
	223.89	171.01	223.27	201.99	30.99
	406.40	110.84	406.10	118.00	7.17
	119.31	119.01	117.66	156.08	37.11
	120.10	173.01	116.74	214.05	41.18
	98.81	123.99	97.67	232.92	108.94
	26.72	127.02	25.03	145.00	18.06
	31.55	129.94	31.37	135.98	6.05
	293.84	133.12	294.65	153.93	20.82
	360.98	136.00	360.55	151.97	15.97
	311.62	137.05	311.73	144.96	7.90
	404.86	137.97	405.24	158.96	20.99
	250.72	139.17	249.71	165.08	25.94
	357.90	138.99	358.04	145.98	7.00
	403.22	156.73	402.82	138.78	17.95
	392.62	140.02	393.00	146.00	5.99
	245.37	141.01	244.89	340.00	198.99
	12.76	141.96	13.22	158.03	16.07
	9.83	166.93	9.23	190.93	24.01
	227.81	142.06	226.86	157.80	15.77
	409.19	141.91	409.29	147.97	6.06
	375.50	143.01	375.64	148.85	5.84
	192.00	172.00	192.87	148.01	24.01
	31.06	147.99	29.97	162.00	14.05
	201.82	150.00	201.87	265.00	115.01
	167.65	151.01	167.41	167.01	16.00
	225.59	152.99	224.84	165.99	13.02
	206.07	154.01	206.12	164.02	10.01
	24.34	157.01	24.37	162.99	5.98
	267.45	156.98	266.43	328.00	171.02
	184.44	159.98	183.92	169.89	9.92
	85.82	161.09	86.19	170.02	8.94
	69.31	179.98	69.85	168.98	11.02
	347.61	163.04	348.13	178.01	14.98
	123.56	164.11	123.59	172.93	8.82
	358.09	164.03	357.71	178.97	14.94
	362.16	163.98	360.94	184.99	21.05
	380.86	165.01	380.13	185.99	20.99
	13.53	167.03	12.67	176.97	9.98
	402.27	168.06	401.98	189.01	20.94
	110.80	168.97	110.50	177.02	8.05
	406.03	168.99	406.00	189.00	20.00
	9.98	221.00	9.28	244.86	23.87
	384.50	170.00	383.95	186.99	17.00
	115.48	170.88	115.21	176.81	5.93
	30.42	177.02	30.55	188.04	11.02
	60.56	177.05	60.44	185.97	8.93
	40.57	179.93	39.85	189.96	10.06
	347.86	192.94	347.68	208.86	15.92
	360.76	194.11	361.07	214.01	19.91
	11.98	195.00	11.70	201.98	6.98
	315.94	194.62	315.94	209.33	14.70
	379.24	194.97	380.41	215.09	20.15
	277.14	195.95	277.87	220.09	24.14
	384.41	195.94	383.50	216.96	21.04
	371.06	198.00	371.69	212.97	14.99
	403.14	198.02	403.30	218.90	20.89
	237.90	203.03	237.87	226.97	23.94
	393.03	200.00	393.32	215.07	15.07
	406.60	200.15	406.56	219.83	19.69
	311.39	201.00	311.33	209.00	7.99
	399.19	203.03	398.59	218.07	15.05
	225.94	204.07	226.88	220.90	16.85
	224.26	209.00	222.84	259.00	50.02
	223.21	288.05	222.44	388.00	99.95
	312.83	208.98	312.74	249.99	41.01
	316.43	265.99	316.06	255.99	10.00
	150.90	210.99	149.46	229.99	19.06
	161.00	211.00	159.72	227.97	17.02
	128.47	214.08	127.15	238.00	23.96
	135.00	215.00	134.39	236.36	21.37
	103.11	216.98	102.44	229.97	13.00
	107.57	218.06	106.85	229.95	11.91
	117.02	218.00	115.44	337.01	119.01
	116.32	338.08	112.05	389.00	51.10
	358.25	223.07	358.34	242.90	19.83
	76.57	223.88	76.69	229.07	5.20
	156.56	224.00	158.20	259.01	35.04
	157.02	296.00	157.44	353.01	57.01
	362.28	223.88	361.55	243.93	20.06
	380.74	224.96	380.04	247.00	22.04
	9.91	246.95	8.99	272.00	25.07
	65.96	228.01	64.73	244.07	16.11
	142.35	227.89	142.03	234.02	6.14
	403.70	228.01	403.74	248.35	20.34
	44.89	228.97	44.29	244.05	15.10
	92.70	228.88	92.73	236.09	7.21
	407.37	229.98	406.11	251.00	21.06
	371.08	235.01	370.94	240.02	5.01
	399.66	234.93	399.54	241.12	6.19
	409.99	235.00	409.78	241.77	6.77
	96.15	236.01	95.89	293.00	56.99
	95.88	294.00	92.27	334.10	40.27
	23.13	237.99	21.69	256.96	19.02
	28.58	243.02	28.30	249.17	6.15
	325.36	248.97	324.69	265.06	16.10
	306.82	276.06	306.31	265.01	11.06
	279.00	255.00	279.38	281.99	27.00
	9.67	274.02	9.42	298.88	24.86
	274.07	255.97	274.65	264.96	9.01
	263.34	257.11	263.35	275.93	18.82
	370.70	257.10	371.33	274.98	17.89
	252.28	258.10	252.78	284.07	25.98
	237.97	260.03	237.14	285.96	25.95
	408.73	260.03	408.85	270.89	10.85
	382.54	261.20	383.74	277.04	15.89
	403.20	261.01	404.31	278.00	17.02
	311.66	261.98	311.27	267.98	6.01
	393.72	262.00	394.75	277.91	15.94
	192.87	268.98	192.44	285.00	16.03
	226.70	266.00	226.66	287.69	21.69
	248.76	266.05	248.74	276.94	10.89
	313.88	266.00	313.05	314.99	49.00
	22.60	267.03	21.33	286.03	19.04
	164.80	268.06	165.01	283.93	15.87
	27.73	270.93	27.24	281.06	10.14
	324.09	271.00	323.98	278.00	7.00
	16.03	272.00	14.68	291.02	19.07
	133.74	272.95	133.36	293.20	20.25
	128.38	273.99	126.76	296.11	22.18
	105.98	275.01	104.69	298.99	24.02
	113.49	275.04	112.93	290.01	14.98
	100.99	276.00	100.31	293.07	17.08
	90.42	276.83	90.06	292.03	15.21
	159.23	277.99	158.95	285.00	7.01
	78.53	285.08	78.60	278.98	6.10
	130.39	279.06	130.63	289.88	10.82
	74.65	283.00	74.88	302.01	19.01
	358.60	287.03	359.06	305.00	17.97
	370.68	287.06	371.40	305.98	18.94
	380.69	287.89	380.98	309.01	21.11
	386.72	288.00	386.95	306.00	18.00
	404.97	289.01	405.47	312.98	23.98
	355.46	292.96	356.09	303.92	10.98
	19.46	296.91	19.84	313.96	17.05
	14.55	300.97	14.06	319.98	19.02
	322.92	312.03	324.25	338.95	26.96
	9.97	327.98	9.67	352.98	25.00
	315.86	313.18	315.73	336.91	23.72
	298.57	314.02	298.70	326.99	12.97
	279.14	316.27	277.24	343.96	27.75
	347.49	317.34	348.30	334.06	16.74
	381.72	317.91	381.91	338.08	20.16
	252.77	319.07	252.23	337.96	18.89
	315.11	320.99	315.32	330.04	9.05
	361.73	320.99	361.68	337.98	17.00
	385.76	321.21	384.92	338.99	17.80
	19.68	323.06	18.50	343.01	19.99
	211.29	332.83	210.50	348.94	16.13
	407.05	322.94	407.37	340.89	17.95
	243.96	343.01	245.59	409.08	66.09
	285.73	326.00	285.65	332.93	6.93
	304.98	326.00	305.00	338.00	12.00
	162.36	328.06	163.09	353.95	25.90
	13.21	329.02	12.22	349.01	20.01
	147.04	329.99	146.65	355.97	25.98
	136.65	329.91	133.64	389.02	59.19
	158.27	329.98	158.64	347.89	17.91
	140.31	332.29	139.95	352.98	20.69
	198.32	333.05	198.02	342.95	9.90
	94.42	333.80	90.87	390.99	57.30
	174.04	334.99	173.90	343.02	8.02
	314.30	335.00	312.80	384.01	49.04
	99.48	338.07	99.35	343.91	5.84
	224.62	335.96	224.70	341.08	5.12
	84.16	337.09	83.71	353.03	15.95
	75.94	338.04	74.71	358.93	20.92
	111.47	337.99	111.37	350.88	12.89
	194.29	338.93	193.83	344.95	6.04
	9.39	356.15	9.31	381.90	25.75
	267.11	345.01	266.67	465.05	120.05
	344.56	344.98	344.42	360.46	15.49
	365.00	348.00	365.16	366.93	18.93
	81.60	349.04	81.85	361.02	11.98
	358.93	348.99	359.12	368.03	19.05
	362.11	349.13	362.47	369.92	20.79
	155.72	350.01	155.56	412.98	62.97
	348.96	351.00	349.44	362.92	11.93
	372.28	351.00	372.66	368.94	17.95
	384.54	351.09	385.23	373.00	21.92
	382.53	353.11	381.58	373.31	20.23
	394.68	355.08	395.43	372.19	17.13
	403.93	354.98	405.32	372.91	17.98
	379.25	355.98	379.47	361.06	5.08
	54.03	357.00	53.69	363.82	6.82
	343.46	362.26	343.79	368.17	5.92
	408.33	366.95	408.65	373.98	7.04
	9.99	384.00	9.11	409.97	25.98
	306.75	378.04	306.39	393.01	14.97
	361.65	379.22	362.29	403.01	23.80
	261.27	379.93	262.26	396.96	17.06
	311.60	381.09	311.49	392.80	11.71
	382.72	382.11	382.77	403.90	21.79
	16.03	383.01	14.21	404.03	21.10
	233.83	390.00	233.67	411.00	21.00
	385.10	382.87	385.73	404.99	22.13
	408.79	384.00	409.13	408.01	24.02
	215.32	400.92	215.93	411.03	10.13
	224.93	385.05	224.93	400.97	15.92
	405.17	385.02	405.55	405.03	20.01
	189.16	387.00	187.41	411.96	25.02
	166.16	390.05	164.11	416.04	26.07
	135.32	390.86	135.48	416.06	25.21
	145.80	391.03	145.05	409.03	18.01
	378.43	390.92	378.41	398.91	7.99
	313.15	392.04	314.34	445.01	52.99
	220.00	393.00	221.97	465.00	72.02
	401.06	392.99	400.99	400.00	7.01
	75.08	396.97	75.08	410.01	13.05
	87.63	396.95	87.40	414.64	17.69
	152.78	397.13	152.60	464.97	67.84
	250.53	397.95	249.85	409.02	11.09
	219.43	400.00	219.22	407.95	7.95
	172.50	401.19	172.45	407.00	5.81
	244.06	400.99	242.99	465.00	64.01
	9.54	412.98	9.23	438.91	25.93
	59.91	405.00	58.81	419.98	15.02
	21.39	408.01	21.45	415.99	7.98
	116.37	407.90	115.77	414.88	7.01
	14.98	411.00	14.23	419.94	8.97
	409.62	411.99	409.91	440.97	28.99
	362.79	414.00	363.53	432.92	18.94
	383.28	414.04	382.88	439.15	25.12
	350.34	414.95	350.92	428.00	13.06
	360.42	415.04	359.99	431.00	15.96
	406.40	415.06	407.52	432.99	17.97
	387.30	415.81	387.07	437.01	21.20
	356.95	417.02	356.57	423.98	6.97
	396.40	418.95	396.64	434.88	15.94
	9.34	441.94	9.58	466.95	25.01
	19.88	439.01	19.18	457.03	18.03
	324.72	440.06	326.06	462.00	21.99
	361.37	441.03	362.01	453.00	11.98
	288.63	449.90	288.37	461.09	11.19
	14.52	442.95	12.82	463.00	20.12
	235.82	445.99	234.94	464.99	19.03
	193.29	450.97	192.75	465.00	14.04
	404.10	449.00	404.28	456.03	7.03
	155.58	451.89	156.00	461.00	9.12
	385.75	453.90	386.07	459.01	5.12
	237.82	455.23	237.73	460.74	5.51
	351.41	456.79	351.36	462.99	6.20
	88.18	544.02	87.49	489.01	55.02
	16.65	507.95	16.11	521.02	13.08
	93.28	521.01	92.61	536.09	15.09
	77.18	521.99	76.17	549.05	27.08
	83.90	521.99	84.29	543.82	21.83
	70.33	524.14	69.49	542.86	18.74
	14.84	530.99	13.37	556.07	25.13
	44.90	552.12	44.34	534.96	17.17
	9.35	569.01	9.39	628.93	59.91
	163.33	608.99	162.83	628.00	19.02
	189.26	628.00	189.62	608.95	19.06
	210.12	609.03	210.77	627.99	18.97
	339.46	609.03	340.16	628.99	19.97
	182.31	610.00	182.18	627.00	17.00
	206.20	627.01	206.60	612.58	14.44
	397.59	629.02	397.93	616.97	12.05
	230.43	613.99	230.87	628.96	14.97
	193.74	616.25	194.11	629.02	12.77
	202.39	616.13	202.89	628.00	11.88
	115.35	620.81	115.38	627.09	6.27
364
	123.98	10.28	138.04	8.77	14.14
	159.10	10.33	146.04	13.20	13.38
	313.15	70.04	293.92	72.74	19.42
	103.98	13.80	116.99	11.95	13.15
	272.96	15.81	287.01	13.58	14.22
	83.99	16.93	97.00	15.03	13.15
	125.01	16.53	138.01	14.60	13.14
	230.02	17.19	243.00	15.00	13.16
	265.03	17.15	251.01	19.45	14.20
	63.99	19.89	76.03	18.23	12.16
	103.86	19.63	116.98	17.89	13.23
	207.99	20.83	221.94	18.80	14.09
	42.92	22.58	56.02	21.19	13.17
	83.98	22.92	95.99	20.97	12.17
	228.97	22.76	243.03	20.70	14.21
	187.03	24.20	200.03	22.11	13.16
	64.00	25.99	76.03	24.18	12.17
	207.98	26.87	222.08	24.69	14.27
	165.99	27.70	179.00	25.59	13.18
	43.09	29.26	56.00	27.29	13.06
	186.97	30.29	200.00	28.01	13.23
	144.99	30.94	157.98	28.83	13.15
	123.99	34.22	137.03	32.15	13.20
	166.01	33.55	179.03	31.80	13.14
	115.99	35.43	103.98	37.25	12.15
	144.99	36.96	156.98	34.90	12.17
	318.02	37.09	333.00	34.82	15.16
	123.99	39.95	137.03	38.17	13.15
	298.98	39.90	310.05	38.39	11.17
	83.05	40.28	95.96	38.83	12.99
	102.98	42.78	116.01	41.07	13.14
	150.22	42.26	159.01	40.55	8.96
	318.01	43.57	333.05	40.58	15.33
	63.03	43.41	75.03	41.62	12.13
	273.01	44.49	287.02	42.14	14.21
	228.99	45.46	244.99	43.68	16.11
	83.01	46.07	96.05	44.40	13.15
	43.02	46.41	54.96	44.74	12.05
	259.95	45.79	265.00	44.94	5.12
	294.95	47.24	310.00	44.91	15.23
	229.01	51.04	244.02	48.65	15.20
	272.80	50.62	287.00	48.57	14.35
	207.04	54.65	223.07	52.41	16.18
	185.17	57.67	201.85	55.67	16.80
	233.98	56.91	242.03	56.19	8.08
	165.00	61.03	180.00	58.99	15.13
	220.98	59.33	208.01	60.90	13.07
	318.01	61.53	332.03	59.09	14.23
	144.00	64.09	159.06	62.16	15.18
	294.93	65.20	309.04	62.64	14.34
	323.04	64.68	332.12	63.21	9.19
	188.03	64.52	195.02	63.88	7.01
	137.06	65.29	124.94	66.63	12.20
	273.05	68.56	286.02	66.50	13.13
	102.95	70.63	116.00	68.98	13.15
	251.01	71.85	264.03	69.73	13.18
	82.97	73.27	94.99	71.95	12.10
	123.83	73.66	136.00	72.10	12.27
	230.02	75.07	241.98	73.15	12.11
	62.03	76.41	75.01	74.76	13.09
	102.97	76.87	116.00	75.04	13.16
	208.00	78.76	219.97	76.82	12.13
	250.00	79.50	266.00	77.00	16.19
	42.01	79.44	53.99	77.89	12.08
	83.01	79.54	95.00	78.00	12.08
	195.03	80.39	186.99	81.94	8.19
	243.98	80.40	227.93	82.85	16.24
	61.99	82.47	75.00	80.85	13.11
	165.00	85.24	178.02	83.08	13.20
	222.67	83.49	205.95	85.94	16.90
	42.00	85.50	53.99	83.82	12.11
	144.00	88.30	157.00	86.55	13.12
	188.19	88.72	201.83	86.81	13.77
	134.97	89.29	124.00	90.89	11.08
	174.93	91.31	180.10	90.82	5.20
	103.01	94.11	115.01	92.06	12.18
	123.07	95.56	135.01	93.06	12.20
	293.00	96.01	303.02	94.36	10.15
	316.05	96.70	333.00	93.99	17.16
	82.00	97.18	94.96	95.88	13.03
	270.84	97.47	277.99	96.98	7.17
	62.00	99.98	74.06	98.29	12.18
	103.09	101.21	116.98	98.97	14.07
	295.98	99.32	301.95	98.60	6.01
	41.00	103.00	54.07	101.29	13.19
	93.95	101.28	82.01	103.04	12.07
	331.97	101.43	318.00	103.00	14.06
	60.96	105.63	74.09	104.47	13.17
	262.92	104.48	255.87	105.30	7.09
	294.98	106.83	309.09	104.53	14.30
	40.99	108.39	53.00	107.00	12.09
	281.01	108.75	287.00	107.81	6.07
	252.95	113.45	265.00	110.96	12.31
	229.00	116.44	242.01	114.58	13.14
	220.94	117.39	207.01	119.55	14.10
	317.00	121.97	332.00	120.02	15.14
	196.95	121.46	186.00	122.51	11.00
	108.02	126.59	101.02	127.31	7.04
	293.98	125.25	307.98	122.76	14.22
	167.98	124.88	178.01	123.60	10.11
	285.95	126.30	272.00	128.34	14.10
	144.00	128.50	157.03	126.62	13.16
	316.01	128.64	321.99	127.95	6.02
	325.25	133.49	331.98	132.59	6.80
	249.85	131.59	264.02	129.68	14.29
	228.04	134.42	241.97	132.81	14.03
	295.99	133.93	305.03	132.73	9.12
	39.94	135.58	53.02	134.29	13.14
	81.98	137.46	94.00	135.25	12.22
	205.95	138.28	220.00	135.57	14.31
	254.04	137.78	262.03	136.24	8.14
	60.96	139.27	73.00	137.99	12.11
	185.03	140.44	195.99	138.92	11.07
	39.89	141.70	52.99	140.41	13.17
	236.87	141.42	242.11	140.73	5.29
	163.98	143.40	177.01	141.65	13.15
	254.00	142.23	262.01	141.76	8.02
	330.97	144.35	326.00	145.06	5.02
	143.00	145.94	156.00	144.59	13.07
	193.14	147.06	199.17	146.41	6.07
	170.05	153.45	179.08	152.59	9.08
	81.00	154.11	89.03	153.15	8.08
	141.99	152.99	147.11	152.56	5.14
	120.82	155.62	136.01	154.08	15.27
	60.01	156.89	71.98	154.89	12.14
	323.99	155.89	331.97	154.54	8.10
	86.11	157.34	92.03	156.56	5.98
	109.22	158.83	115.77	158.19	6.58
	40.02	159.52	52.00	157.97	12.08
	60.02	162.56	69.00	161.41	9.05
	316.96	163.80	331.99	161.68	15.19
	40.02	165.08	52.01	163.65	12.07
	146.54	165.96	156.01	165.07	9.51
	253.00	165.00	264.00	164.03	11.05
	295.02	166.59	306.02	165.21	11.08
	175.83	173.91	168.02	174.69	7.85
	272.05	169.72	287.01	167.61	15.11
	214.04	170.21	219.95	169.61	5.95
	252.91	172.51	263.98	170.90	11.19
	213.01	173.12	218.99	172.65	6.00
	227.99	175.44	242.01	173.74	14.12
	206.04	178.13	220.01	176.22	14.10
	134.97	180.86	124.91	181.71	10.10
	185.01	181.06	193.99	179.90	9.04
	332.02	180.42	316.99	182.40	15.16
	166.91	182.60	177.00	181.96	10.10
	112.00	183.44	104.01	184.85	8.11
	294.00	185.05	308.00	183.02	14.15
	364.97	184.98	376.95	184.11	12.01
	285.97	186.32	272.02	188.13	14.07
	250.00	190.82	264.05	189.27	14.13
	296.04	191.24	307.03	190.17	11.04
	38.98	193.27	51.01	191.72	12.13
	228.02	193.64	241.00	192.00	13.08
	58.97	195.93	72.00	195.00	13.06
	206.01	196.38	219.99	194.97	14.05
	38.99	198.92	51.98	197.29	13.10
	197.02	197.45	183.88	199.68	13.33
	264.99	199.25	256.01	199.85	9.00
	165.19	201.56	176.01	200.06	10.93
	144.00	203.78	155.01	202.61	11.07
	200.01	204.49	193.20	205.35	6.87
	175.97	206.30	169.01	207.13	7.01
	105.04	208.75	110.00	208.03	5.01
	149.02	210.42	141.21	211.40	7.88
	168.00	213.05	178.52	211.51	10.64
	316.00	212.78	324.01	212.13	8.04
	59.01	214.12	70.98	212.76	12.06
	294.98	215.40	303.00	214.14	8.12
	38.00	216.63	51.05	215.22	13.12
	99.21	216.29	115.01	214.67	15.88
	59.00	218.74	71.06	216.74	12.23
	317.03	217.60	324.79	216.61	7.82
	78.98	218.73	88.96	217.52	10.05
	294.00	219.96	302.99	218.84	9.06
	37.99	221.49	51.07	220.67	13.11
	316.98	224.35	331.99	222.75	15.09
	293.96	226.82	309.06	225.28	15.19
	227.95	227.76	236.02	227.10	8.10
	272.04	229.75	277.99	228.97	6.01
	172.03	231.35	177.93	231.12	5.91
	250.02	232.64	264.01	230.79	14.11
	228.97	234.27	241.99	233.21	13.07
	92.32	335.13	76.00	336.05	16.35
	151.68	236.05	141.00	237.96	10.85
	205.97	237.37	218.89	235.54	13.05
	107.97	241.88	99.00	243.00	9.04
	134.99	238.43	120.01	240.42	15.11
	183.99	239.90	198.03	238.43	14.12
	164.00	242.01	176.00	241.00	12.04
	317.01	243.20	332.02	241.60	15.09
	141.94	244.28	155.02	243.20	13.12
	293.99	245.75	309.00	243.92	15.12
	270.96	248.39	286.02	246.61	15.17
	36.98	251.43	48.85	249.34	12.05
	250.02	250.07	263.02	249.15	13.03
	298.12	251.52	305.99	250.94	7.89
	71.03	252.43	58.01	254.07	13.12
	226.99	253.12	240.97	251.79	14.05
	205.01	255.91	219.00	253.97	14.12
	332.03	254.40	326.95	255.20	5.14
	36.98	256.37	50.00	254.96	13.09
	255.04	256.55	261.00	256.01	5.98
	299.01	256.59	306.00	255.82	7.03
	184.00	258.20	197.08	257.25	13.11
	165.05	260.22	175.03	259.22	10.03
	229.99	259.41	234.97	258.70	5.02
	145.04	262.50	154.05	261.28	9.09
	210.16	261.69	216.00	261.05	5.88
	167.07	266.66	172.97	265.77	5.97
	140.02	270.05	149.03	269.14	9.05
	297.96	269.41	304.00	268.98	6.06
	57.00	271.82	69.97	270.83	13.00
	119.07	272.26	134.02	270.78	15.02
	35.94	274.36	48.98	272.85	13.13
	97.97	274.73	112.00	272.99	14.14
	68.97	275.35	56.97	276.37	12.05
	76.94	276.82	91.98	275.25	15.12
	326.99	277.76	332.01	277.13	5.06
	214.99	288.42	220.96	288.20	5.98
	296.98	280.80	304.98	279.74	8.07
	307.88	282.33	300.91	283.47	7.07
	316.99	285.92	332.00	284.20	15.11
	307.64	286.35	294.01	288.06	13.74
	255.99	287.55	261.75	287.30	5.76
	249.00	293.55	262.99	291.30	14.17
	165.97	294.50	171.99	293.93	6.05
	227.01	295.10	241.00	293.86	14.04
	205.01	297.51	217.02	296.12	12.09
	117.98	299.84	133.95	297.63	16.12
	164.01	301.49	174.98	300.30	11.04
	97.10	301.54	111.01	300.57	13.94
	78.02	303.66	91.79	302.71	13.80
	142.90	303.58	153.00	302.64	10.15
	332.00	303.47	317.00	304.96	15.07
	294.01	307.12	307.99	305.73	14.05
	271.00	309.58	286.10	308.38	15.14
	34.99	309.92	47.01	308.60	12.09
	248.98	311.08	263.01	310.11	14.06
	56.03	312.64	69.00	311.06	13.06
	240.01	312.49	225.98	314.14	14.12
	34.94	314.74	47.98	313.55	13.09
	217.99	314.45	203.97	316.21	14.13
	326.00	314.35	331.00	314.05	5.01
	195.98	316.35	183.01	318.26	13.11
	162.00	319.95	174.00	318.98	12.03
	139.98	322.37	153.11	321.45	13.16
	211.00	321.96	217.99	320.93	7.07
	119.00	324.00	123.99	323.56	5.01
	173.97	325.29	165.02	326.22	9.00
	79.08	328.47	89.04	327.63	9.99
	55.03	330.69	68.07	329.42	13.10
	141.04	329.34	146.64	329.19	5.60
	133.44	390.05	115.04	392.07	18.51
	34.02	332.85	47.00	331.62	13.04
	165.99	333.09	175.95	331.95	10.02
	34.02	337.14	44.04	336.76	10.02
	34.02	339.96	43.98	338.70	10.04
	281.02	344.58	286.00	344.06	5.01
	303.97	349.30	294.00	350.43	10.03
	207.98	346.33	202.98	346.87	5.03
	333.06	346.47	317.01	348.14	16.13
	181.00	348.01	188.00	347.17	7.05
	271.01	352.16	286.00	350.99	15.03
	191.01	352.81	197.00	352.02	6.05
	120.03	359.09	132.15	358.60	12.13
	165.95	354.51	174.01	354.19	8.07
	226.00	356.37	240.00	355.04	14.06
	203.99	358.42	218.04	357.16	14.10
	65.97	362.39	56.96	362.90	9.02
	33.01	366.04	45.00	364.51	12.09
	52.92	366.64	66.00	365.94	13.09
	331.99	366.45	317.00	367.84	15.06
	32.96	369.35	45.00	368.07	12.11
	294.01	369.65	308.01	368.20	14.08
	54.01	372.07	67.02	370.70	13.08
	270.99	371.82	285.01	370.53	14.08
	247.99	373.42	263.05	372.28	15.10
	32.99	373.93	46.05	372.54	13.14
	226.01	375.59	239.98	374.32	14.02
	204.00	377.41	215.00	376.50	11.03
	273.00	378.92	280.03	378.57	7.03
	282.80	405.96	276.95	406.04	5.85
	161.01	381.06	173.00	379.97	12.04
	141.03	382.85	151.00	382.04	10.01
	181.02	385.47	186.00	384.99	5.00
	207.05	387.39	217.00	386.01	10.05
	235.97	386.58	241.00	386.06	5.06
	73.98	388.73	86.01	387.08	12.14
	53.00	390.58	65.98	389.47	13.02
	136.91	390.79	144.91	390.13	8.03
	328.00	390.94	333.01	390.84	5.01
	32.02	392.50	43.99	391.53	12.00
	94.33	394.58	110.00	392.78	15.77
	53.00	394.91	64.98	393.81	12.04
	90.50	394.24	77.02	395.35	13.52
	44.00	395.44	31.99	396.89	12.09
	53.00	397.92	66.00	396.78	13.05
	80.92	423.25	87.04	423.24	6.12
	30.98	399.89	44.00	399.01	13.05
	167.98	400.52	173.99	399.89	6.04
	202.00	399.92	214.01	399.91	12.01
	253.00	410.02	262.00	409.09	9.05
	316.98	412.18	333.03	411.26	16.08
	225.00	413.06	231.05	412.25	6.11
	293.96	413.82	307.03	412.78	13.11
	167.00	416.76	172.95	416.60	5.96
	253.00	417.02	263.00	415.98	10.06
	144.99	418.41	151.00	418.15	6.02
	226.00	419.01	240.00	417.91	14.04
	115.00	420.83	131.01	419.54	16.05
	202.95	420.74	216.89	419.57	13.99
	93.04	422.28	108.00	421.53	14.98
	181.02	422.56	186.00	421.99	5.01
	161.01	423.89	173.04	422.63	12.10
	51.99	424.83	64.02	423.54	12.09
	72.00	424.02	80.04	423.57	8.06
	151.09	424.42	142.00	425.24	9.13
	29.98	426.70	43.06	425.76	13.12
	50.99	427.86	63.99	426.90	13.04
	43.00	428.43	29.99	429.92	13.10
	316.98	432.20	333.00	430.98	16.07
	52.00	433.01	63.99	431.90	12.04
	294.01	433.51	309.03	431.69	15.13
	29.75	434.44	43.03	433.73	13.30
	271.00	435.11	284.98	434.31	14.00
	248.00	436.64	263.02	436.13	15.03
	238.99	437.46	225.01	438.48	14.01
	203.01	440.23	214.98	439.22	12.02
	181.02	441.70	190.01	441.22	9.00
	158.73	442.38	171.99	442.49	13.27
	139.00	444.17	150.01	444.05	11.01
	252.02	450.25	259.98	449.40	8.00
	156.96	450.92	163.99	450.53	7.04
	296.81	465.33	302.00	464.96	5.20
	90.94	484.55	99.01	484.47	8.07
	77.96	486.23	85.95	485.48	8.02
	49.00	496.00	61.99	494.47	13.08
	42.50	533.07	25.00	534.97	17.60
	48.01	514.83	59.99	513.92	12.01
	26.08	516.74	39.01	515.53	12.99
	89.89	519.70	102.01	518.88	12.16
	33.06	520.53	39.00	520.01	5.96
	70.01	521.08	82.97	520.17	12.99
	97.96	548.93	89.03	549.84	8.98
	47.02	522.71	60.99	521.65	14.01
	24.96	523.90	39.01	523.19	14.06
	44.58	533.98	62.08	533.81	17.50
	67.01	550.83	83.99	550.15	16.99
	46.02	552.41	61.90	551.46	15.91
	23.99	553.87	40.00	552.89	16.04
	10.08	568.12	102.00	562.43	92.10
	11.96	573.64	101.00	568.15	89.20
	55.06	575.13	61.11	575.36	6.06
	72.99	594.12	81.87	593.78	8.88
	369.01	614.56	385.99	614.38	16.98
	328.00	615.42	334.98	615.27	6.98
	343.91	614.56	360.02	614.75	16.11
	234.01	629.85	248.85	629.07	14.86
	253.25	629.47	279.91	629.50	26.66
	329.99	629.79	336.00	629.47	6.01
	10.14	629.59	193.04	629.73	182.90
	220.06	629.70	229.98	629.84	9.91
	344.00	629.96	360.97	629.63	16.97
