vx	vy	vz	score	numLines
0.90866228	0.41752684	0.00205145	8654.64	262
0.00912510	0.99995837	0.00000599	2289.27	127
0.99999860	-0.00167430	-0.00007756	480.36	62

nLines	x1	y1	x2	y2	length
262
	15.88	92.65	28.78	95.74	13.26
	3.95	97.61	56.09	110.44	53.69
	3.99	105.03	42.99	113.83	39.98
	46.06	114.30	58.02	117.37	12.34
	58.95	117.72	139.20	132.87	81.67
	58.11	108.85	285.86	166.67	234.97
	139.97	134.53	300.98	171.58	165.22
	318.06	176.18	381.98	191.05	65.62
	134.08	136.73	145.01	138.95	11.15
	159.02	142.92	164.98	144.08	6.07
	179.13	147.56	186.00	148.95	7.01
	469.06	148.02	464.94	157.78	10.59
	30.98	157.32	70.97	162.10	40.27
	90.92	165.35	120.20	168.26	29.42
	121.06	195.00	133.65	195.50	12.61
	135.93	170.23	157.94	171.37	22.04
	73.96	174.18	87.95	176.12	14.12
	210.97	173.71	219.97	175.28	9.13
	339.00	175.07	358.86	179.59	20.37
	198.99	177.07	211.82	178.44	12.90
	110.09	177.56	117.99	178.28	7.94
	123.98	178.11	132.95	179.12	9.02
	221.98	179.64	231.80	181.23	9.94
	361.00	180.00	369.95	183.06	9.46
	149.11	180.81	155.99	181.59	6.92
	241.06	182.75	248.86	183.38	7.82
	256.00	183.92	261.93	184.31	5.94
	7.99	192.30	16.01	192.83	8.03
	18.00	193.04	28.04	192.64	10.05
	74.01	194.56	87.99	195.40	14.01
	368.00	195.99	380.99	197.04	13.03
	160.01	197.33	168.00	197.73	8.00
	212.74	233.97	201.10	235.59	11.75
	370.28	203.55	382.04	203.13	11.77
	596.00	208.67	610.95	208.70	14.95
	485.89	206.59	491.99	207.14	6.13
	499.00	206.90	515.01	207.56	16.02
	558.98	208.13	580.00	208.80	21.03
	619.97	208.83	625.95	208.81	5.97
	628.06	208.79	633.99	209.10	5.94
	500.96	218.86	506.93	220.14	6.11
	275.24	229.18	264.04	231.30	11.39
	294.97	257.89	381.02	228.53	90.93
	247.00	234.18	260.17	232.48	13.28
	499.08	233.24	504.05	235.85	5.62
	504.96	236.08	586.95	279.08	92.58
	214.28	237.41	194.96	240.59	19.58
	372.93	236.97	353.14	245.24	21.45
	512.11	242.93	531.30	253.65	21.98
	362.68	246.06	351.49	252.55	12.94
	78.97	247.82	85.01	247.09	6.09
	324.98	251.96	334.93	247.84	10.77
	375.06	248.65	360.03	258.55	18.00
	476.38	248.71	481.46	255.01	8.09
	348.99	252.29	339.91	257.30	10.37
	510.05	252.95	518.96	260.08	11.41
	331.06	256.63	336.09	254.21	5.58
	298.07	264.21	309.10	258.76	12.31
	380.92	257.85	370.07	268.22	15.01
	598.99	258.07	607.06	261.40	8.73
	531.93	258.64	538.03	261.91	6.92
	282.97	267.20	302.98	259.81	21.33
	479.49	260.50	580.39	421.08	189.65
	274.75	261.12	268.99	263.08	6.08
	281.83	263.73	289.93	260.61	8.68
	493.66	260.95	513.38	284.42	30.65
	500.37	262.63	506.81	270.26	9.97
	316.10	264.98	294.18	276.23	24.64
	539.10	265.32	545.13	268.94	7.04
	378.06	266.60	374.44	270.33	5.19
	512.25	268.65	525.81	279.78	17.54
	494.67	270.21	503.30	281.77	14.42
	526.27	270.17	544.84	283.25	22.71
	557.06	269.94	574.27	278.35	19.16
	59.92	272.30	66.73	271.50	6.86
	346.98	277.97	352.84	272.85	7.78
	270.95	276.61	278.99	272.98	8.82
	313.03	273.12	285.57	287.39	30.94
	319.96	274.92	309.03	282.08	13.07
	491.87	273.07	499.22	283.81	13.01
	510.55	273.38	634.50	397.50	175.41
	326.01	275.02	316.90	280.82	10.81
	478.01	275.00	549.08	420.95	162.34
	508.55	275.42	515.24	282.84	9.98
	482.73	276.09	564.35	421.12	166.41
	364.12	277.08	357.97	283.41	8.83
	475.14	276.95	533.89	421.05	155.62
	554.24	277.42	564.05	283.45	11.51
	373.81	277.88	367.96	283.40	8.05
	267.93	285.34	282.11	278.52	15.73
	348.32	280.02	341.97	285.44	8.35
	530.09	279.91	536.90	286.27	9.32
	575.10	279.81	581.02	282.98	6.71
	341.21	281.23	336.92	284.37	5.31
	264.22	284.30	269.00	281.98	5.31
	227.01	295.54	252.92	283.57	28.54
	282.49	284.43	260.04	294.07	24.43
	284.53	295.52	305.80	283.72	24.32
	326.03	287.12	317.94	292.93	9.96
	596.74	284.47	624.05	297.28	30.16
	353.69	293.05	362.82	284.87	12.26
	508.00	288.00	528.59	312.97	32.36
	529.38	313.73	593.41	398.05	105.88
	518.09	284.92	531.03	299.43	19.44
	575.00	285.01	580.64	288.44	6.61
	320.48	286.99	313.85	291.30	7.91
	336.90	289.61	341.05	286.53	5.17
	378.06	287.07	270.24	421.24	172.13
	502.49	286.72	525.44	320.03	40.44
	354.01	287.54	330.80	308.19	31.06
	537.42	288.46	547.02	296.43	12.47
	549.91	287.65	564.37	297.53	17.51
	564.15	287.95	574.28	294.67	12.15
	380.90	288.91	284.70	421.14	163.52
	318.01	337.01	363.17	289.81	65.33
	516.66	289.97	535.48	312.00	28.98
	228.12	291.46	220.12	295.22	8.84
	323.00	296.48	329.71	290.77	8.81
	259.19	292.36	239.86	303.39	22.25
	334.58	292.49	313.86	309.50	26.80
	343.27	292.05	338.16	296.10	6.52
	578.77	291.84	592.11	299.68	15.48
	186.78	321.63	249.79	292.52	69.41
	281.78	292.57	276.65	295.65	5.99
	179.96	293.53	168.07	297.55	12.55
	310.38	294.44	301.19	301.18	11.39
	365.42	293.66	307.97	356.45	85.11
	539.40	294.56	554.08	308.30	20.10
	590.07	294.79	597.98	300.02	9.48
	200.21	304.24	218.12	296.72	19.43
	225.88	297.73	214.40	303.31	12.76
	308.32	299.29	296.81	306.83	13.76
	267.05	311.15	283.92	299.89	20.28
	290.89	299.80	275.88	308.78	17.49
	301.94	314.93	321.24	300.21	24.26
	531.84	300.76	634.47	412.55	151.76
	574.87	302.34	601.84	322.15	33.47
	603.80	301.81	613.04	307.92	11.07
	211.96	302.89	199.10	308.24	13.92
	243.20	310.36	259.02	302.59	17.63
	343.88	302.85	335.79	311.21	11.63
	231.79	304.64	221.03	310.05	12.05
	228.88	309.80	239.00	304.99	11.20
	298.14	310.14	305.04	305.07	8.56
	560.38	305.22	631.20	369.22	95.45
	565.01	304.98	572.83	312.25	10.68
	589.23	305.61	633.10	337.32	54.13
	374.20	309.19	300.98	420.98	133.64
	250.96	330.89	284.25	310.58	38.99
	290.31	310.32	284.15	314.57	7.49
	278.09	338.12	312.83	310.84	44.17
	555.01	310.53	559.54	314.49	6.01
	190.07	312.16	179.20	317.70	12.20
	334.28	311.90	317.57	329.04	23.94
	561.30	345.13	628.04	420.97	101.03
	381.11	313.09	315.88	420.94	126.04
	615.05	313.83	634.38	325.53	22.59
	561.70	315.47	634.29	384.71	100.32
	585.87	316.26	616.04	339.45	38.05
	613.73	316.60	622.27	322.61	10.44
	223.99	317.93	216.20	321.38	8.51
	279.83	318.19	273.59	322.48	7.57
	139.15	334.40	175.11	319.22	39.04
	287.07	319.16	280.29	324.38	8.55
	320.01	319.01	305.60	331.04	18.77
	475.07	319.10	502.13	420.97	105.40
	126.98	322.43	134.01	320.06	7.43
	4.03	384.05	156.03	319.70	165.06
	186.17	320.38	179.18	323.45	7.64
	203.01	320.49	189.02	328.46	16.10
	585.48	320.45	634.14	362.84	64.53
	603.62	320.39	610.93	325.05	8.67
	188.20	345.23	233.97	320.92	51.82
	526.51	321.02	595.98	421.01	121.76
	85.26	421.34	214.75	340.55	152.62
	215.77	339.63	249.01	322.04	37.61
	625.34	324.50	634.27	331.06	11.08
	231.88	325.83	69.37	421.55	188.61
	234.01	336.02	249.81	325.82	18.81
	258.90	338.37	271.98	328.96	16.11
	608.99	327.03	634.29	345.62	31.40
	380.28	327.89	332.38	420.96	104.68
	51.00	412.05	211.05	329.07	180.28
	12.23	372.26	100.17	338.36	94.25
	201.96	370.86	261.95	329.55	72.84
	278.98	329.52	189.85	399.27	113.18
	316.02	330.02	244.53	400.05	100.07
	131.79	347.49	170.07	330.73	41.79
	223.06	349.09	249.03	332.59	30.77
	46.88	346.66	85.96	333.78	41.14
	293.31	333.88	286.98	338.93	8.10
	136.95	336.88	84.16	356.71	56.40
	165.92	336.79	4.08	416.15	180.25
	174.97	336.91	140.67	353.34	38.03
	231.19	337.27	204.67	355.36	32.10
	244.04	349.80	257.42	338.95	17.23
	291.99	364.47	316.98	338.51	36.03
	381.89	338.90	346.47	420.98	89.39
	178.14	341.26	24.16	421.25	173.52
	617.01	340.53	634.37	354.64	22.38
	273.09	352.06	284.95	341.76	15.71
	295.04	342.04	287.67	348.65	9.89
	4.03	402.58	134.39	343.59	143.09
	184.04	348.08	55.13	421.23	148.21
	265.29	348.36	180.91	417.64	109.17
	4.05	409.09	130.81	348.58	140.46
	241.28	350.35	183.09	393.61	72.51
	219.90	351.35	193.01	369.01	32.17
	473.86	351.03	487.67	421.06	71.38
	281.33	352.29	277.01	356.42	5.98
	138.94	354.88	9.15	421.32	145.81
	3.90	396.32	96.13	356.33	100.53
	275.85	357.60	267.22	365.59	11.76
	309.28	357.91	279.80	390.74	44.13
	10.99	358.95	3.95	361.46	7.47
	263.13	359.71	248.98	371.41	18.36
	11.05	362.35	4.14	365.18	7.47
	181.08	369.14	191.98	361.97	13.04
	345.11	363.14	341.76	367.87	5.79
	4.09	390.67	69.17	363.57	70.50
	493.99	365.00	496.33	371.87	7.25
	291.34	365.63	264.88	392.33	37.59
	264.92	367.38	248.94	381.89	21.59
	4.05	379.70	32.12	369.26	29.95
	564.03	368.81	571.94	378.66	12.63
	190.04	371.06	184.08	375.13	7.22
	198.69	373.47	176.67	388.55	26.69
	242.96	375.97	218.08	399.01	33.91
	181.04	377.05	146.20	400.50	42.00
	150.96	389.89	164.05	380.64	16.03
	207.91	388.90	203.91	391.90	5.00
	130.27	421.36	174.98	389.94	54.64
	180.93	390.89	174.85	394.73	7.18
	385.77	390.98	377.09	421.01	31.26
	412.54	390.95	408.33	421.02	30.36
	425.55	390.88	423.38	420.99	30.19
	440.09	391.00	439.61	421.01	30.02
	454.03	391.00	456.38	421.01	30.11
	467.76	391.01	471.18	420.98	30.16
	143.96	391.94	99.31	421.52	53.56
	279.04	392.57	274.55	398.00	7.05
	248.91	411.94	264.52	393.56	24.11
	181.12	395.09	146.23	421.26	43.62
	362.73	394.93	359.73	402.73	8.35
	233.52	398.46	223.52	407.67	13.59
	273.27	398.88	254.35	420.92	29.05
	594.60	398.95	612.00	421.00	28.09
	398.57	400.01	394.08	421.01	21.47
	144.33	401.31	116.15	421.25	34.52
	243.37	400.91	223.16	421.22	28.65
	607.38	402.18	611.00	406.96	6.00
	375.14	404.08	373.57	409.60	5.74
	403.39	404.95	399.08	421.13	16.74
	182.06	405.04	161.19	421.28	26.45
	475.88	410.05	474.92	404.94	5.21
	204.07	411.14	210.40	405.93	8.20
	209.23	421.23	221.78	409.68	17.05
	340.39	410.28	337.72	415.53	5.90
	583.17	410.82	589.86	421.11	12.27
	202.43	411.99	192.11	421.10	13.76
	247.40	411.99	240.50	420.33	10.83
	491.25	413.01	492.24	417.97	5.06
127
	587.94	40.99	587.18	208.04	167.05
	591.68	41.02	594.74	207.93	166.94
	39.66	93.08	40.06	101.00	7.93
	485.17	109.03	484.55	206.03	97.00
	495.77	203.98	495.30	149.98	54.00
	469.86	150.99	470.44	179.01	28.02
	5.98	156.00	5.99	169.00	13.00
	71.78	162.80	72.23	193.97	31.17
	30.19	158.03	29.43	176.06	18.05
	89.54	165.97	89.92	180.00	14.03
	121.14	168.99	121.06	194.00	25.01
	109.23	171.06	109.06	176.99	5.94
	134.37	171.06	134.24	177.00	5.94
	459.34	171.11	459.20	178.98	7.88
	476.53	171.86	477.11	205.00	33.15
	159.26	173.03	159.04	196.99	23.96
	400.25	172.99	400.06	180.00	7.01
	42.15	174.00	41.79	189.96	15.97
	96.62	175.03	96.28	191.04	16.02
	187.77	176.16	188.37	195.97	19.82
	212.65	179.04	212.86	198.04	19.00
	134.07	179.98	134.21	194.98	15.00
	232.67	181.99	233.55	198.98	17.01
	238.74	184.05	237.89	227.97	43.93
	249.44	184.03	249.29	197.99	13.96
	196.54	184.93	196.73	197.87	12.94
	262.90	185.02	263.90	199.82	14.84
	267.48	186.03	267.46	199.87	13.84
	219.31	187.03	219.53	197.99	10.96
	275.99	187.00	275.58	197.99	11.00
	279.37	187.04	279.18	199.92	12.88
	297.01	189.00	297.61	199.98	11.00
	305.21	189.96	305.47	200.00	10.04
	312.40	190.98	312.47	200.98	10.00
	286.87	191.99	286.84	199.94	7.95
	288.97	193.08	289.50	199.94	6.88
	330.67	192.98	330.50	201.96	8.98
	344.03	195.00	345.63	235.94	40.97
	72.12	195.99	71.92	254.01	58.02
	353.75	196.01	353.48	214.94	18.94
	362.96	197.00	363.93	213.99	17.01
	121.25	197.99	121.16	245.97	47.98
	137.02	198.00	137.11	219.03	21.03
	347.39	198.00	346.66	215.97	17.99
	133.79	199.00	135.31	242.83	43.85
	158.68	200.00	158.84	241.03	41.03
	188.39	199.98	188.42	238.00	38.02
	88.23	200.98	89.07	244.01	43.04
	169.24	200.99	169.85	239.09	38.10
	196.86	201.01	197.78	217.19	16.21
	212.62	200.99	212.76	233.00	32.01
	219.53	200.98	219.36	229.98	29.00
	232.38	200.92	232.59	226.99	26.08
	27.21	202.98	28.04	216.99	14.04
	279.41	202.99	279.07	210.00	7.02
	297.34	203.01	296.53	224.16	21.17
	305.17	202.98	304.91	223.00	20.03
	312.64	202.95	312.15	221.05	18.10
	319.31	202.97	319.45	220.97	18.01
	330.63	203.98	331.05	219.00	15.03
	335.40	203.93	334.54	218.86	14.95
	148.27	206.01	147.90	240.01	34.00
	372.49	211.06	373.37	223.00	11.97
	357.89	217.98	359.08	233.97	16.03
	364.87	218.00	365.07	230.97	12.97
	368.52	217.92	368.43	224.96	7.04
	339.67	220.22	339.47	226.95	6.73
	349.97	220.00	351.07	236.01	16.05
	327.39	222.27	327.87	245.02	22.75
	136.99	224.00	136.59	232.94	8.95
	312.03	226.00	312.05	250.99	24.99
	301.80	227.14	302.26	253.97	26.83
	290.93	228.02	291.21	258.93	30.91
	339.97	229.00	339.41	241.26	12.28
	278.25	230.00	278.88	264.04	34.04
	334.52	230.99	334.09	242.98	12.00
	261.64	232.90	261.34	269.05	36.15
	243.86	234.05	244.57	275.74	41.70
	321.25	233.99	320.62	246.93	12.96
	216.95	238.03	217.40	284.02	46.00
	10.85	241.94	10.97	248.00	6.06
	191.91	242.03	192.34	294.92	52.90
	36.52	243.02	36.94	252.00	8.99
	206.31	245.06	206.61	251.93	6.88
	153.36	246.70	154.34	306.94	60.24
	81.30	248.83	81.49	253.96	5.13
	222.67	253.09	222.32	258.99	5.91
	102.75	255.05	103.55	324.99	69.94
	139.10	254.99	138.97	264.00	9.01
	252.44	255.91	252.83	263.04	7.14
	595.57	257.04	595.75	279.91	22.87
	164.22	259.78	164.31	271.01	11.23
	147.07	260.00	146.95	267.00	7.00
	233.85	261.01	233.91	267.01	6.00
	43.77	264.01	43.79	271.01	7.00
	89.59	263.95	89.31	270.00	6.06
	33.27	265.04	33.02	288.12	23.08
	37.71	264.88	37.45	275.00	10.12
	85.63	265.24	85.37	275.05	9.81
	206.14	268.02	206.62	274.88	6.87
	121.02	269.00	120.79	281.04	12.04
	179.02	283.00	179.00	276.00	7.00
	604.67	284.06	604.96	277.97	6.10
	70.72	283.92	71.14	290.03	6.13
	53.35	291.07	53.02	285.00	6.07
	11.34	278.03	10.99	290.00	11.98
	18.09	278.01	19.03	291.00	13.03
	44.24	278.99	44.45	294.01	15.02
	31.60	279.99	33.41	335.00	55.04
	23.27	284.94	23.26	294.02	9.08
	85.56	285.02	85.49	290.99	5.97
	138.87	285.02	139.19	294.95	9.94
	96.07	286.00	95.92	291.00	5.00
	148.37	288.00	148.37	293.01	5.01
	32.98	290.98	33.30	301.00	10.02
	96.15	296.97	96.27	302.99	6.02
	37.75	299.14	38.53	308.95	9.84
	85.69	299.02	86.24	310.91	11.89
	22.90	302.99	22.88	308.98	5.99
	31.64	303.01	31.33	326.01	23.01
	11.15	318.99	11.35	332.89	13.90
	3.64	325.98	3.66	331.96	5.99
	30.68	334.01	31.40	347.99	14.00
	440.09	391.00	439.61	421.01	30.02
	463.75	402.63	463.50	407.66	5.04
	518.96	404.74	519.08	413.03	8.29
	537.44	413.56	537.79	421.03	7.48
62
	439.02	19.90	452.03	20.38	13.02
	587.05	20.65	601.12	20.73	14.07
	579.83	24.79	587.94	24.42	8.12
	495.14	82.19	503.00	82.61	7.88
	537.99	83.36	583.05	83.34	45.06
	4.01	86.04	36.99	87.06	32.99
	29.98	93.74	39.06	94.36	9.10
	494.03	125.24	513.84	126.28	19.84
	167.98	168.93	173.99	169.06	6.01
	121.06	195.00	133.65	195.50	12.61
	135.93	170.23	157.94	171.37	22.04
	239.90	178.64	246.86	178.51	6.97
	241.06	182.75	248.86	183.38	7.82
	256.00	183.92	261.93	184.31	5.94
	7.99	192.30	16.01	192.83	8.03
	500.02	191.77	536.97	193.13	36.97
	18.00	193.04	28.04	192.64	10.05
	74.01	194.56	87.99	195.40	14.01
	368.00	195.99	380.99	197.04	13.03
	160.01	197.33	168.00	197.73	8.00
	158.63	242.15	138.00	242.96	20.65
	370.28	203.55	382.04	203.13	11.77
	596.00	208.67	610.95	208.70	14.95
	499.00	206.90	515.01	207.56	16.02
	558.98	208.13	580.00	208.80	21.03
	505.93	209.46	516.10	209.60	10.17
	619.97	208.83	625.95	208.81	5.97
	628.06	208.79	633.99	209.10	5.94
	559.03	212.37	565.01	212.16	5.99
	364.75	215.30	369.99	215.13	5.24
	171.96	239.12	187.00	239.06	15.04
	161.00	244.00	185.00	243.06	24.01
	93.02	248.59	147.03	248.75	54.01
	31.00	257.02	94.94	256.27	63.94
	116.96	261.75	123.07	261.75	6.12
	122.02	283.03	116.88	283.20	5.15
	358.18	269.76	364.01	269.52	5.83
	603.97	270.97	611.00	271.07	7.03
	353.49	272.49	358.87	272.35	5.39
	631.86	281.87	623.96	281.38	7.92
	195.99	284.89	214.99	285.34	19.01
	587.72	291.80	594.97	292.28	7.27
	124.00	295.01	133.11	294.68	9.12
	157.99	293.50	168.96	294.47	11.01
	179.98	295.53	188.99	295.83	9.01
	162.99	300.97	174.96	301.54	11.98
	141.97	301.28	147.02	301.26	5.05
	62.01	302.63	67.84	303.10	5.85
	610.99	304.94	634.00	306.21	23.05
	108.00	306.47	150.98	308.45	43.03
	68.02	311.25	79.01	310.76	11.00
	89.00	310.99	95.07	310.76	6.07
	111.85	314.78	119.95	315.42	8.12
	81.00	317.87	88.01	318.10	7.01
	37.01	322.42	58.00	322.01	21.00
	55.85	324.36	100.00	326.66	44.22
	13.89	333.28	20.98	333.15	7.09
	4.04	341.31	17.97	341.22	13.92
	6.21	351.55	15.01	351.25	8.81
	34.00	356.12	39.71	356.32	5.71
	501.76	369.59	508.93	370.24	7.20
	376.76	393.28	381.92	393.70	5.18
