vx	vy	vz	score	numLines
0.91041947	-0.41368621	-0.00033815	2841.31	98
0.02096484	0.99978021	0.00009955	2690.52	98
0.89292982	-0.45019576	0.00033892	386.78	61

nLines	x1	y1	x2	y2	length
98
	258.02	7.71	266.89	3.70	9.73
	341.04	17.03	299.95	33.46	44.26
	343.03	17.07	376.85	3.61	36.40
	385.21	44.36	343.02	60.06	45.02
	411.12	25.68	405.00	28.12	6.59
	242.13	13.80	254.03	8.52	13.02
	340.94	103.96	299.98	118.93	43.61
	387.93	43.26	420.93	30.82	35.26
	256.10	50.07	296.05	34.53	42.87
	407.59	51.47	415.00	48.82	7.87
	241.98	55.95	253.98	50.93	13.01
	359.13	63.16	367.01	60.32	8.38
	339.02	61.06	300.03	76.10	41.79
	387.03	87.73	421.01	75.03	36.28
	296.02	77.04	257.99	91.96	40.85
	315.43	85.94	326.99	81.05	12.55
	359.32	87.35	368.03	83.75	9.42
	383.01	88.46	342.98	103.53	42.77
	385.01	132.01	341.08	147.07	46.45
	340.47	190.48	383.02	176.05	44.93
	273.05	95.06	279.00	92.51	6.48
	254.00	93.02	242.13	97.77	12.79
	407.08	95.10	415.06	92.71	8.34
	415.11	96.16	406.95	98.84	8.59
	340.23	147.23	298.95	161.94	43.82
	366.39	128.56	359.07	130.84	7.67
	420.97	119.40	386.97	131.54	36.10
	296.01	120.02	257.92	134.39	40.70
	313.27	124.26	324.89	120.28	12.28
	384.33	219.40	342.09	233.35	44.49
	254.02	135.06	240.92	139.69	13.90
	406.19	140.22	413.98	137.11	8.38
	276.62	141.56	283.95	138.79	7.84
	258.02	176.09	297.36	162.30	41.69
	387.02	175.11	421.08	163.70	35.91
	254.05	177.12	240.93	181.72	13.90
	414.20	187.44	406.07	190.31	8.62
	299.90	204.22	339.17	190.70	41.53
	340.39	233.44	299.00	247.00	43.56
	270.99	205.44	276.00	203.98	5.22
	258.03	218.13	297.35	205.26	41.37
	296.21	247.44	257.14	260.70	41.26
	386.17	219.46	420.97	207.91	36.67
	240.87	223.46	254.86	218.87	14.73
	384.05	263.04	341.89	276.43	44.23
	280.87	243.82	273.08	246.28	8.17
	283.97	226.39	277.66	228.44	6.63
	339.92	276.94	257.05	302.47	86.71
	385.99	262.97	420.99	251.96	36.69
	242.03	265.10	253.99	260.98	12.65
	383.96	306.97	421.03	296.09	38.63
	406.16	277.38	415.00	274.00	9.46
	340.56	319.49	382.88	306.77	44.19
	297.06	332.05	340.02	320.02	44.62
	364.19	296.22	356.73	298.56	7.82
	241.00	307.00	253.88	302.73	13.57
	311.92	307.89	329.05	302.61	17.92
	273.96	305.43	279.00	304.14	5.20
	296.34	332.38	256.89	344.44	41.25
	386.00	349.98	421.02	340.08	36.40
	240.98	348.92	253.96	344.80	13.62
	341.91	362.27	382.08	350.64	41.82
	298.90	374.33	338.00	363.02	40.71
	257.04	386.13	294.99	374.93	39.56
	383.63	393.61	420.98	383.91	38.59
	253.92	386.37	240.95	390.23	13.53
	255.06	428.05	295.03	417.14	41.44
	339.65	405.67	382.80	393.62	44.79
	297.01	417.01	337.98	405.87	42.45
	357.83	413.85	364.97	411.52	7.51
	420.95	471.27	295.90	500.91	128.51
	296.90	458.90	421.04	427.15	128.13
	240.95	431.76	254.03	428.05	13.59
	407.00	450.00	411.82	448.58	5.02
	240.96	472.81	295.92	458.90	56.69
	410.20	465.29	403.87	466.80	6.50
	254.05	594.05	380.99	566.94	129.80
	271.47	480.55	284.01	476.61	13.14
	382.63	523.62	421.01	515.05	39.32
	256.99	510.40	294.90	500.82	39.10
	296.00	543.00	255.88	552.42	41.21
	323.70	526.62	317.23	528.41	6.71
	355.97	511.43	369.98	508.57	14.30
	241.03	514.17	253.80	510.76	13.22
	361.81	528.37	380.99	523.93	19.68
	274.02	529.92	283.10	527.40	9.42
	338.88	533.90	360.41	528.58	22.18
	338.31	533.34	297.97	542.86	41.46
	241.04	555.59	253.11	552.54	12.45
	270.23	558.27	278.87	556.50	8.82
	384.97	566.37	420.95	558.80	36.77
	338.74	618.69	421.06	602.27	83.94
	412.99	579.97	403.03	582.13	10.19
	240.96	596.79	252.96	593.90	12.34
	358.13	601.64	363.04	600.71	5.00
	313.96	609.80	321.97	608.54	8.11
	258.08	634.40	337.13	618.59	80.61
	311.06	634.06	320.88	631.49	10.15
98
	256.25	3.99	255.75	48.02	44.03
	298.04	4.00	297.54	160.06	156.06
	341.13	4.00	340.70	15.92	11.93
	385.69	4.01	385.08	43.03	39.03
	419.68	6.43	419.08	15.03	8.62
	266.97	26.80	266.84	19.96	6.84
	287.72	14.53	288.03	20.01	5.49
	341.50	18.94	340.55	102.80	83.87
	308.56	54.75	308.81	46.95	7.80
	255.51	217.07	255.91	50.94	166.14
	385.66	45.98	385.42	87.56	41.58
	266.24	69.91	266.80	61.93	8.00
	271.57	73.99	271.92	61.95	12.05
	397.24	109.86	397.68	98.07	11.80
	417.97	91.02	418.47	104.71	13.70
	385.30	89.95	384.81	130.92	40.97
	340.87	147.92	340.39	189.13	41.21
	400.16	112.90	400.67	105.04	7.87
	414.84	97.91	414.63	104.72	6.81
	341.16	105.98	340.55	146.29	40.32
	297.80	161.65	297.31	203.06	41.42
	313.62	142.81	313.90	131.94	10.87
	385.28	133.96	384.31	218.10	84.14
	271.46	159.02	270.98	148.99	10.05
	352.51	169.72	352.84	157.93	11.80
	308.04	186.99	308.84	173.94	13.07
	395.95	197.03	396.83	186.93	10.14
	341.14	192.03	340.07	232.01	40.00
	297.52	204.50	297.39	241.00	36.50
	297.39	242.00	297.02	247.02	5.03
	255.61	218.56	255.32	259.08	40.52
	385.10	221.02	384.30	262.31	41.30
	399.07	243.96	399.19	237.03	6.92
	340.69	234.93	340.25	276.31	41.39
	404.16	236.07	404.18	245.90	9.83
	408.51	238.23	407.91	245.99	7.78
	372.92	241.66	372.91	250.91	9.25
	297.49	248.91	297.03	289.02	40.11
	323.53	257.02	323.84	267.00	9.99
	255.60	260.55	255.24	386.32	125.77
	395.05	287.98	395.79	275.92	12.08
	418.58	272.96	417.92	281.98	9.04
	384.63	264.95	383.92	305.96	41.01
	340.66	278.01	339.74	318.00	40.01
	333.78	287.01	333.72	293.00	5.99
	297.23	291.96	296.54	330.85	38.90
	340.52	321.06	339.65	404.01	82.96
	265.34	326.86	265.18	319.01	7.85
	384.22	308.97	383.79	392.02	83.05
	362.14	315.99	362.01	321.00	5.01
	355.50	345.04	355.96	332.98	12.07
	297.30	333.96	296.72	415.01	81.05
	308.54	354.67	308.90	342.95	11.72
	362.51	345.20	362.19	353.97	8.77
	398.32	369.04	398.60	375.31	6.27
	351.13	385.93	351.91	373.96	11.99
	308.08	400.96	308.64	386.06	14.91
	382.93	434.98	384.40	395.07	39.93
	255.49	387.91	254.93	426.96	39.05
	266.45	408.58	266.86	396.94	11.65
	338.75	445.91	340.34	407.03	38.92
	396.15	418.91	395.79	405.91	13.00
	296.44	457.22	297.37	418.03	39.20
	354.01	429.00	353.93	421.98	7.01
	308.09	440.94	308.82	427.91	13.05
	295.81	499.89	296.63	459.81	40.09
	255.36	429.94	254.68	467.10	37.16
	284.59	433.92	285.25	447.07	13.17
	383.32	438.96	382.63	478.95	39.99
	398.99	462.01	399.10	454.02	7.98
	339.39	449.93	338.77	489.01	39.09
	371.73	457.24	371.05	468.03	10.80
	255.22	471.02	254.04	593.02	122.01
	383.98	566.96	382.04	608.00	41.09
	383.19	481.99	382.63	522.76	40.77
	339.15	492.99	338.79	532.02	39.03
	349.68	513.78	350.04	505.01	8.77
	296.35	502.94	295.70	541.92	38.98
	327.94	511.03	327.97	518.98	7.96
	383.16	525.02	382.35	566.29	41.28
	394.13	544.90	394.91	535.95	8.98
	338.46	575.34	339.19	535.02	40.33
	296.17	544.98	295.85	583.01	38.03
	361.32	545.93	361.25	552.05	6.12
	308.09	570.93	307.65	555.06	15.89
	327.90	553.16	327.04	564.02	10.89
	405.08	554.99	404.84	560.01	5.03
	269.19	575.93	269.71	566.98	8.97
	285.06	561.94	284.15	574.07	12.17
	415.83	577.06	415.92	586.97	9.92
	338.93	577.99	338.28	617.05	39.06
	354.04	601.97	354.41	590.94	11.04
	296.53	586.30	295.88	625.02	38.73
	254.52	594.75	253.88	633.97	39.22
	265.79	618.79	265.53	606.01	12.78
	382.14	611.97	381.97	634.00	22.03
	338.38	621.00	338.30	634.01	13.01
	295.97	629.00	295.85	634.00	5.00
61
	272.16	11.16	279.02	7.57	7.74
	355.26	23.84	365.97	16.79	12.82
	369.85	38.88	362.00	43.93	9.34
	358.41	26.94	369.00	21.02	12.13
	313.91	37.91	320.02	34.08	7.22
	325.96	38.33	318.42	42.45	8.59
	401.04	49.04	408.95	43.77	9.50
	272.47	60.97	282.98	54.67	12.25
	356.22	109.19	363.99	104.48	9.09
	313.86	130.93	325.98	123.51	14.21
	400.94	136.95	407.95	132.38	8.37
	271.53	138.50	276.92	135.30	6.27
	316.10	172.09	323.95	167.32	9.18
	268.09	185.05	278.99	177.31	13.37
	402.10	188.06	413.93	181.15	13.71
	272.12	188.09	281.98	181.88	11.66
	357.15	202.05	368.99	195.07	13.74
	312.93	209.93	319.06	206.20	7.18
	271.39	223.41	277.05	220.19	6.52
	399.25	226.20	406.92	220.79	9.39
	358.03	244.02	364.03	239.55	7.48
	310.11	256.07	319.98	248.82	12.24
	268.25	268.83	278.01	262.10	11.86
	272.01	273.01	280.92	266.24	11.18
	355.21	283.19	361.91	278.76	8.03
	357.62	287.39	366.00	282.03	9.95
	282.89	285.92	277.61	289.69	6.49
	272.07	313.05	280.97	307.63	10.43
	400.39	320.90	413.02	311.88	15.52
	415.08	330.07	408.02	336.04	9.25
	356.41	331.94	366.01	325.24	11.72
	309.39	341.93	320.00	334.03	13.23
	269.21	351.17	273.99	347.49	6.04
	352.39	372.93	363.00	365.00	13.25
	355.63	375.06	364.77	368.52	11.24
	362.23	377.23	357.14	380.88	6.27
	267.29	395.88	277.00	388.57	12.15
	283.04	409.03	276.02	413.53	8.34
	272.06	398.04	279.93	392.28	9.75
	396.09	405.04	408.00	395.98	14.97
	309.13	427.07	319.00	419.59	12.39
	325.79	439.84	318.05	445.13	9.37
	312.38	428.91	321.99	422.56	11.52
	397.03	446.02	402.96	440.92	7.82
	353.32	456.26	358.93	451.87	7.13
	313.01	471.01	317.95	466.89	6.43
	397.17	489.13	402.97	484.44	7.46
	395.43	534.95	404.93	527.56	12.03
	415.93	543.96	406.67	552.59	12.66
	350.12	547.05	361.01	537.09	14.76
	368.94	557.96	363.00	562.99	7.79
	311.38	557.99	320.97	549.82	12.61
	326.58	565.04	319.07	572.10	10.31
	283.85	574.90	275.98	581.54	10.30
	394.20	580.08	404.97	570.87	14.17
	354.77	590.15	362.99	583.98	10.28
	308.04	596.02	317.99	588.86	12.26
	324.91	608.93	319.13	613.76	7.53
	313.41	597.93	320.81	592.50	9.17
	414.57	590.74	406.27	598.19	11.14
	354.13	634.06	362.89	626.71	11.44
