vx	vy	vz	score	numLines
0.99998000	0.00632384	0.00004143	12476.92	385
0.90357499	0.42842914	-0.00084251	2490.11	116
-0.99311033	-0.11717739	-0.00115149	331.07	40

nLines	x1	y1	x2	y2	length
385
	498.00	5.90	633.99	6.85	136.00
	500.03	9.47	510.02	9.36	9.99
	503.01	15.65	634.00	14.94	131.00
	505.02	23.44	634.00	24.05	128.99
	537.96	31.62	634.01	33.62	96.07
	509.00	31.97	538.00	33.59	29.05
	559.99	37.14	582.04	36.82	22.05
	518.98	40.19	555.00	42.77	36.11
	555.99	42.80	634.01	41.78	78.03
	568.03	54.57	593.01	54.38	24.99
	573.01	51.63	584.03	51.56	11.02
	599.02	54.31	630.03	54.34	31.00
	612.86	58.22	622.02	58.88	9.18
	521.93	63.52	543.00	63.99	21.07
	594.98	63.65	613.99	63.57	19.02
	617.03	64.36	623.07	64.57	6.04
	548.02	80.37	567.01	80.32	18.99
	628.00	75.86	634.01	75.66	6.02
	544.97	76.36	566.04	76.40	21.07
	577.97	76.07	616.98	76.25	39.01
	541.97	86.11	553.99	86.20	12.02
	604.02	88.63	634.00	88.99	29.99
	563.01	90.46	554.00	90.66	9.01
	575.94	132.88	561.99	133.13	13.96
	560.95	93.30	574.01	93.46	13.06
	527.00	99.16	547.04	98.64	20.04
	615.95	101.61	632.98	101.44	17.03
	553.00	104.53	587.07	102.56	34.13
	537.00	106.94	546.98	106.68	9.98
	588.91	128.33	634.00	128.42	45.09
	624.00	104.87	631.99	105.28	8.00
	524.00	114.16	587.00	113.99	63.00
	614.02	117.80	631.97	117.13	17.96
	611.00	114.24	633.99	114.23	22.99
	524.04	117.24	586.06	117.68	62.02
	599.00	117.35	606.02	117.61	7.02
	518.97	128.72	541.00	128.07	22.04
	558.04	129.45	576.00	128.71	17.97
	520.07	133.42	548.99	132.34	28.94
	589.01	132.68	633.99	132.76	44.98
	550.01	149.64	492.00	148.94	58.01
	599.99	136.68	606.04	136.67	6.05
	507.01	137.94	528.00	137.01	21.01
	537.01	137.67	543.04	137.28	6.04
	512.06	141.23	521.95	141.67	9.91
	507.99	145.38	538.96	145.49	30.97
	569.02	145.08	594.79	146.33	25.80
	568.00	148.65	626.13	150.29	58.15
	626.03	155.93	632.11	155.56	6.09
	536.98	158.43	634.01	159.39	97.03
	482.01	158.82	520.00	158.94	37.99
	474.00	163.93	515.00	163.57	41.00
	535.00	163.36	634.00	163.87	99.00
	548.01	166.30	523.00	166.94	25.02
	516.06	173.92	583.02	176.49	67.01
	458.92	172.64	464.04	172.50	5.12
	486.99	175.96	499.03	175.77	12.04
	622.98	176.51	634.01	175.77	11.06
	586.12	178.67	615.98	178.34	29.86
	428.00	180.01	439.02	179.87	11.02
	481.01	198.89	526.02	198.56	45.01
	441.97	178.92	470.87	178.51	28.90
	493.21	179.85	535.00	178.99	41.80
	552.00	180.02	581.98	179.86	29.97
	527.99	184.13	546.99	184.71	19.00
	584.01	184.28	598.02	183.92	14.01
	514.91	187.34	547.00	188.52	32.11
	615.00	187.98	634.01	188.85	19.03
	526.04	194.42	568.89	192.82	42.88
	577.00	193.09	619.07	193.16	42.07
	419.94	194.33	461.01	192.65	41.10
	474.94	193.55	516.01	192.85	41.08
	385.00	193.56	403.05	194.61	18.08
	363.00	198.98	391.05	199.72	28.05
	539.03	198.37	634.00	198.01	94.97
	463.11	214.17	507.02	212.78	43.92
	436.99	198.73	474.00	198.52	37.01
	617.98	202.12	631.00	202.07	13.02
	394.97	209.09	429.99	209.10	35.02
	451.04	207.31	478.00	208.11	26.97
	568.00	212.74	615.00	211.87	47.01
	516.99	212.25	560.87	212.31	43.88
	622.00	212.36	634.00	212.13	12.00
	407.98	213.28	453.07	213.47	45.09
	351.07	214.70	401.82	214.69	50.75
	578.12	217.81	621.99	217.80	43.88
	422.00	219.95	465.01	218.37	43.04
	477.03	218.73	517.03	218.37	40.00
	524.92	217.86	569.00	218.02	44.08
	347.00	221.00	408.99	219.93	62.00
	312.27	222.39	346.06	223.16	33.80
	621.00	222.00	627.00	221.89	6.00
	545.00	223.07	576.03	222.80	31.03
	466.06	224.48	473.04	224.63	6.98
	435.00	226.15	446.02	225.43	11.04
	379.99	227.12	420.00	226.91	40.01
	344.98	227.37	367.01	227.88	22.04
	552.08	227.46	582.97	228.17	30.90
	601.99	227.22	634.00	227.94	32.02
	537.91	228.39	517.92	228.73	19.99
	459.99	229.15	494.96	231.10	35.02
	384.99	230.42	408.03	230.84	23.04
	410.99	230.42	416.04	230.42	5.04
	273.02	237.63	214.99	240.95	58.12
	503.00	233.99	553.08	234.21	50.08
	561.00	234.01	606.98	233.98	45.98
	395.01	236.16	437.01	234.76	42.02
	457.02	241.66	563.01	240.61	105.99
	450.01	235.04	499.99	234.63	49.99
	615.00	234.13	634.01	233.84	19.01
	291.07	243.31	341.00	242.46	49.94
	376.02	258.28	414.00	258.28	37.98
	340.99	237.29	386.99	236.81	46.01
	189.94	237.43	211.00	238.14	21.07
	286.00	237.10	333.04	238.69	47.06
	571.01	240.14	617.00	239.89	46.00
	351.97	243.77	396.00	242.29	44.05
	409.98	242.52	450.02	241.35	40.06
	152.02	243.26	174.99	243.71	22.98
	237.03	243.06	285.00	243.09	47.98
	538.97	256.20	494.00	256.91	44.97
	585.01	243.77	630.98	246.71	46.07
	427.00	246.96	458.95	246.57	31.95
	141.04	248.63	158.00	247.87	16.98
	249.96	247.34	262.03	247.34	12.08
	204.01	248.12	210.93	248.56	6.94
	212.99	249.06	226.93	248.75	13.94
	310.97	248.26	321.99	248.79	11.03
	334.90	248.45	348.93	249.35	14.06
	250.02	287.92	308.98	288.20	58.97
	389.03	333.45	449.98	333.66	60.96
	596.00	250.03	634.00	251.49	38.03
	507.05	252.18	530.01	251.88	22.97
	497.99	252.10	505.02	252.06	7.02
	92.99	254.65	108.02	253.59	15.06
	112.00	253.50	126.00	253.08	14.01
	172.03	253.68	193.03	254.53	21.02
	261.03	253.49	274.99	252.95	13.98
	333.06	253.70	341.02	253.45	7.97
	216.99	253.90	249.00	254.32	32.01
	281.02	254.32	301.94	254.22	20.92
	552.01	257.59	634.00	257.20	81.99
	437.00	257.77	485.94	257.13	48.95
	44.94	265.40	81.00	264.97	36.06
	303.00	281.98	416.02	281.03	113.02
	419.00	258.21	429.01	258.02	10.01
	65.95	258.26	83.03	258.67	17.08
	150.97	258.35	197.00	258.90	46.03
	209.00	259.11	256.36	257.55	47.39
	265.97	259.30	373.99	258.73	108.02
	559.02	262.82	634.00	263.14	74.98
	330.92	269.51	339.02	269.87	8.11
	503.02	262.36	553.99	262.89	50.97
	338.01	264.23	420.01	264.71	82.01
	434.00	264.21	494.99	263.65	60.99
	111.99	264.27	152.01	264.66	40.02
	159.00	264.21	209.01	265.15	50.02
	272.94	263.84	314.05	264.29	41.12
	18.00	265.08	36.99	264.78	18.99
	219.93	266.62	267.95	264.54	48.07
	126.07	282.40	175.99	281.48	49.93
	440.00	287.31	541.99	286.81	101.99
	486.07	268.43	508.96	268.50	22.89
	547.00	268.35	566.00	269.25	19.02
	303.08	270.33	319.97	269.53	16.91
	342.99	269.12	387.00	268.94	44.01
	406.01	269.88	429.98	269.63	23.98
	227.07	270.33	259.03	270.29	31.96
	494.97	274.24	518.07	275.23	23.11
	14.96	272.36	36.97	272.27	22.01
	475.00	275.03	492.02	274.42	17.02
	539.95	275.17	570.94	273.51	31.03
	614.02	274.53	625.99	273.76	11.99
	178.01	275.15	228.00	276.95	50.03
	235.96	275.29	284.95	275.90	49.00
	357.10	275.46	397.99	275.91	40.89
	416.00	275.00	429.99	274.62	14.00
	453.98	274.65	459.96	274.90	5.98
	9.98	276.53	20.01	277.03	10.04
	307.01	275.96	345.00	275.97	37.99
	599.02	280.46	634.01	279.74	35.00
	115.00	314.40	165.01	314.50	50.01
	479.03	280.85	532.04	280.54	53.02
	118.09	280.38	68.00	281.44	50.11
	421.99	280.82	474.00	280.00	52.02
	540.00	280.07	590.99	280.29	50.98
	8.98	281.35	24.00	281.40	15.02
	38.99	281.78	61.99	281.98	23.00
	185.99	281.66	234.00	281.82	48.01
	246.00	282.03	298.99	281.86	52.99
	549.41	286.46	583.03	288.16	33.66
	313.02	288.02	366.03	288.29	53.02
	406.00	306.74	574.00	305.23	168.00
	372.16	287.32	424.01	287.41	51.85
	36.99	307.87	91.00	308.07	54.01
	199.00	288.88	247.00	288.78	48.00
	15.84	289.69	69.00	289.05	53.16
	79.02	289.30	128.99	289.07	49.97
	139.00	288.95	189.04	288.71	50.04
	222.98	307.06	333.99	306.14	111.01
	597.00	291.39	633.98	290.86	36.98
	492.02	292.28	451.00	294.27	41.06
	516.01	293.15	549.99	292.40	33.98
	325.96	293.46	350.95	293.68	24.99
	356.15	294.26	369.92	293.30	13.80
	73.99	294.41	63.82	294.59	10.17
	88.01	294.22	119.98	295.76	32.01
	144.00	294.18	190.01	294.93	46.01
	293.04	294.81	316.01	294.91	22.97
	404.99	293.84	420.97	293.63	15.98
	44.03	295.25	55.02	295.12	10.99
	208.99	295.33	259.00	294.98	50.01
	607.03	303.64	633.99	304.11	26.97
	521.01	299.14	529.95	298.87	8.94
	370.05	299.67	382.03	299.86	11.98
	464.95	299.63	498.01	300.08	33.06
	533.01	298.92	542.94	298.67	9.94
	216.02	300.07	231.98	300.69	15.97
	254.01	300.30	261.89	299.71	7.90
	281.03	300.63	289.02	300.53	7.99
	305.02	300.68	321.99	300.32	16.97
	336.00	300.65	366.93	300.69	30.93
	436.95	300.56	441.99	300.22	5.04
	93.99	300.89	111.05	301.34	17.06
	155.01	300.56	177.02	300.82	22.01
	241.97	300.73	249.01	300.85	7.04
	4.00	302.00	24.07	302.62	20.08
	41.00	302.26	51.02	301.89	10.02
	477.01	312.77	538.00	312.66	60.99
	538.98	313.10	564.00	312.02	25.05
	163.98	307.24	217.05	306.66	53.07
	347.00	306.08	395.00	306.02	48.00
	102.01	307.72	153.00	307.06	50.99
	4.01	308.64	29.01	307.60	25.02
	593.92	309.74	634.00	310.88	40.10
	423.00	313.21	470.99	312.68	47.99
	48.95	316.46	101.99	314.76	53.08
	238.01	313.91	288.98	313.77	50.97
	300.00	314.17	350.02	313.55	50.02
	362.99	313.67	411.06	313.34	48.07
	176.01	314.73	227.00	314.09	51.00
	4.00	315.98	42.02	315.42	38.02
	560.00	318.06	570.07	317.34	10.10
	621.00	317.48	633.96	316.71	12.98
	441.00	319.05	477.05	318.78	36.05
	243.99	319.39	362.00	321.04	118.02
	385.02	319.65	399.01	319.85	13.99
	535.99	319.49	543.91	319.25	7.92
	119.01	321.09	162.98	320.69	43.97
	4.98	322.91	48.97	322.35	43.99
	54.97	321.61	96.06	321.69	41.09
	572.00	325.10	590.06	324.28	18.08
	460.95	326.33	496.08	326.16	35.13
	535.99	324.53	557.97	325.88	22.02
	255.96	326.28	275.00	326.05	19.04
	278.00	326.26	285.92	326.54	7.93
	391.08	326.48	435.01	327.36	43.93
	208.01	327.84	234.98	327.06	26.98
	75.98	328.71	103.01	328.83	27.03
	3.99	329.97	27.01	330.15	23.02
	31.04	329.82	42.02	329.90	10.98
	175.04	365.30	236.00	364.05	60.97
	508.00	332.99	516.03	333.48	8.05
	518.00	332.11	570.05	330.66	52.07
	581.00	331.89	634.01	330.94	53.02
	384.06	332.38	329.02	333.05	55.05
	265.92	333.46	320.93	332.79	55.01
	455.00	333.01	490.00	333.03	35.00
	137.99	335.08	191.00	333.98	53.02
	202.00	334.11	254.00	333.93	52.00
	7.00	337.22	127.97	335.46	120.98
	336.99	342.50	396.03	341.58	59.05
	593.99	340.11	634.01	339.32	40.02
	13.04	345.90	78.22	345.21	65.18
	499.03	340.37	521.00	341.11	21.99
	530.98	341.18	584.03	340.12	53.06
	213.00	343.02	267.98	341.66	55.00
	268.91	340.71	333.04	342.59	64.16
	407.02	341.42	459.02	341.56	52.01
	466.00	340.99	480.02	341.08	14.02
	150.00	343.09	204.00	342.80	53.99
	84.99	344.20	139.01	343.09	54.04
	544.04	347.26	578.00	348.65	33.99
	586.99	347.92	599.05	348.15	12.06
	612.96	348.38	633.99	347.47	21.05
	248.01	349.07	290.04	350.23	42.04
	290.96	348.34	333.03	348.84	42.07
	378.01	348.67	405.96	349.72	27.96
	415.01	348.84	468.00	349.18	52.99
	489.02	349.22	534.02	349.27	44.99
	200.99	349.69	209.93	349.53	8.94
	176.01	349.69	188.00	350.00	12.00
	22.93	352.60	80.99	351.86	58.06
	89.89	351.50	146.01	350.66	56.12
	107.96	366.69	172.00	365.01	64.06
	293.96	356.19	311.85	356.42	17.89
	4.01	353.11	17.95	353.74	13.95
	335.03	356.69	353.03	356.39	18.00
	391.98	356.85	417.00	356.82	25.02
	505.01	356.95	527.97	356.75	22.96
	588.97	356.50	593.97	356.49	5.01
	188.99	356.73	203.03	356.54	14.04
	574.01	356.90	586.00	356.98	11.99
	32.01	360.26	89.76	359.43	57.76
	111.99	358.51	118.99	358.67	7.00
	374.00	365.01	473.01	365.95	99.01
	39.00	368.03	97.95	366.63	58.97
	570.94	363.76	629.95	362.74	59.01
	242.98	364.34	303.90	363.70	60.93
	309.98	363.80	364.05	363.63	54.07
	490.00	365.49	568.05	364.40	78.05
	4.00	368.85	35.98	368.32	31.98
	383.98	373.11	478.96	374.31	94.99
	506.42	368.50	513.98	368.83	7.57
	185.83	372.64	247.01	372.76	61.18
	252.06	372.29	380.09	373.37	128.04
	583.96	372.80	634.01	371.95	50.05
	120.08	374.74	184.12	373.27	64.06
	4.00	377.18	110.99	374.29	107.03
	498.96	374.38	527.91	374.36	28.95
	535.00	376.09	581.76	376.45	46.76
	331.95	379.37	391.07	381.58	59.16
	544.01	383.69	584.99	382.76	40.99
	608.97	379.59	634.00	379.86	25.03
	169.02	380.84	178.01	380.85	8.98
	296.04	380.10	302.05	379.77	6.03
	305.99	379.75	318.02	379.92	12.03
	321.01	379.94	328.95	380.16	7.95
	366.03	402.87	430.00	403.10	63.97
	409.97	380.25	426.02	380.91	16.06
	434.00	381.37	449.04	380.92	15.04
	101.99	382.14	115.98	381.41	14.01
	477.93	381.45	485.05	381.86	7.13
	134.06	388.91	141.09	388.72	7.04
	513.01	382.06	521.03	382.09	8.02
	11.97	384.17	18.00	384.49	6.04
	21.12	384.41	53.00	383.88	31.89
	614.02	385.85	634.00	386.91	20.01
	212.00	387.97	225.01	388.14	13.02
	413.00	386.82	470.10	389.43	57.16
	560.03	396.81	623.01	395.10	63.01
	142.99	389.17	203.01	387.94	60.04
	555.03	389.35	587.99	388.93	32.96
	119.00	389.90	127.00	390.00	8.00
	4.00	391.99	12.97	391.62	8.97
	227.00	395.04	277.00	393.98	50.01
	290.00	394.50	345.05	393.65	55.05
	356.98	395.17	420.08	395.15	63.09
	448.93	411.22	491.00	411.04	42.07
	78.00	398.05	225.06	395.33	147.09
	427.00	395.16	482.99	395.62	55.99
	496.02	395.85	519.00	395.88	22.98
	541.96	396.73	554.14	396.22	12.19
	9.00	399.08	67.99	397.81	59.01
	572.99	404.72	634.02	403.67	61.04
	228.00	401.40	113.09	405.49	114.98
	304.01	403.13	361.04	402.40	57.03
	242.00	403.38	292.01	402.84	50.01
	436.99	402.99	498.00	403.80	61.01
	506.91	403.77	531.00	403.84	24.09
	554.00	404.36	567.94	403.59	13.97
	20.00	407.14	100.97	405.26	81.00
	116.03	410.86	161.03	411.11	45.00
	4.01	407.30	11.01	407.55	7.01
	164.94	410.62	243.89	409.22	78.97
	508.02	411.16	495.07	410.75	12.95
	246.05	409.93	305.75	411.67	59.72
	382.00	410.07	423.99	410.85	42.00
	608.05	411.35	634.00	410.73	25.95
	325.95	411.27	334.98	411.09	9.03
	126.90	413.38	116.00	413.66	10.91
	129.03	413.44	136.98	413.81	7.96
	153.86	413.28	146.15	413.56	7.72
	4.05	415.54	19.00	415.84	14.95
	312.74	418.08	253.00	418.92	59.74
	479.00	418.48	471.00	418.98	8.02
	535.96	418.32	562.00	418.97	26.05
	339.99	419.92	345.02	419.83	5.03
	610.04	419.37	627.03	419.52	17.00
	145.01	421.47	171.00	421.00	25.99
	185.98	420.69	194.99	420.76	9.01
	198.99	420.13	221.97	420.39	22.98
	225.00	419.88	246.02	420.84	21.04
	125.00	420.86	131.94	420.74	6.94
	135.01	421.07	141.00	421.00	5.99
116
	542.07	47.89	558.01	52.84	16.70
	588.30	51.56	598.03	54.22	10.09
	518.04	52.26	548.84	65.30	33.45
	624.01	63.28	634.02	66.50	10.51
	604.01	70.51	625.01	76.98	21.97
	584.93	79.70	593.00	83.01	8.72
	555.10	84.15	577.03	91.41	23.10
	561.01	132.97	528.03	119.94	35.46
	602.03	100.08	620.95	106.59	20.01
	527.96	103.27	536.02	106.59	8.71
	573.16	119.62	581.99	122.58	9.31
	550.00	132.30	556.95	134.59	7.32
	614.28	135.35	634.04	143.49	21.37
	533.00	139.04	539.11	141.69	6.66
	540.99	143.08	549.98	146.16	9.50
	565.11	152.68	571.80	155.52	7.27
	485.98	177.80	495.24	181.54	9.99
	617.00	177.59	633.99	184.02	18.17
	439.99	180.12	480.00	198.63	44.09
	545.97	180.14	577.13	194.57	34.34
	497.18	182.61	512.86	190.28	17.45
	598.99	184.06	613.86	189.73	15.92
	404.36	187.36	409.84	190.37	6.25
	487.26	201.44	504.00	209.48	18.57
	606.05	201.42	614.99	204.80	9.56
	592.07	201.80	607.90	209.28	17.52
	388.26	206.54	394.01	208.97	6.24
	616.01	211.94	632.99	220.02	18.80
	397.12	210.83	409.78	217.42	14.26
	506.61	210.62	527.16	220.66	22.88
	569.06	214.89	627.84	242.25	64.83
	466.00	218.39	486.81	227.50	22.72
	409.94	218.63	442.80	233.26	35.96
	531.12	222.25	547.91	231.20	19.03
	367.26	223.59	387.94	234.57	23.42
	261.15	226.28	269.07	231.10	9.26
	323.16	231.67	340.00	239.49	18.56
	550.67	231.60	573.28	242.51	25.10
	341.98	241.53	374.88	257.74	36.67
	415.02	258.44	438.02	269.11	25.35
	232.00	242.42	255.84	256.27	27.58
	457.81	243.52	504.10	265.62	51.29
	408.98	246.04	436.84	260.77	31.51
	128.00	247.00	149.00	258.51	23.95
	150.06	258.78	188.93	286.63	47.82
	297.13	246.79	312.62	255.57	17.81
	189.12	248.63	249.06	287.24	71.30
	309.94	288.24	387.99	333.02	89.98
	451.01	333.44	459.08	338.40	9.47
	82.20	253.71	92.84	260.24	12.49
	257.74	257.30	302.01	281.83	50.61
	36.35	261.62	46.84	269.36	13.04
	100.21	266.16	124.97	282.15	29.47
	623.28	266.47	633.91	271.64	11.83
	393.47	267.44	431.08	288.87	43.28
	542.92	285.76	577.83	301.44	38.28
	449.20	266.51	469.75	277.41	23.26
	510.00	268.30	525.95	276.15	17.77
	566.94	267.67	583.96	276.10	18.99
	25.12	274.61	30.98	278.21	6.88
	69.92	288.16	109.07	316.92	48.58
	126.21	283.69	157.07	307.31	38.86
	366.94	286.62	404.99	306.59	42.97
	9.98	288.12	36.01	307.23	32.30
	193.00	290.00	222.04	306.86	33.58
	491.06	289.87	516.87	302.24	28.62
	253.12	290.82	276.74	303.57	26.84
	435.24	290.56	457.74	302.53	25.49
	469.08	308.34	475.98	312.57	8.10
	158.85	306.85	237.95	362.06	96.46
	224.22	308.54	249.17	325.25	30.03
	289.91	312.67	294.26	315.67	5.28
	479.29	314.64	504.07	327.34	27.84
	606.08	314.81	630.87	327.25	27.73
	43.44	316.44	68.80	335.27	31.59
	421.92	316.63	448.93	331.14	30.66
	111.00	317.99	125.05	328.42	17.49
	553.94	320.66	593.16	341.82	44.57
	306.01	322.99	328.05	335.40	25.30
	249.95	326.62	268.04	338.39	21.58
	126.00	329.52	174.01	364.96	59.67
	576.79	417.84	503.08	379.37	83.14
	517.01	334.51	562.73	361.31	53.00
	460.10	340.34	472.75	347.21	14.39
	595.33	342.39	634.02	362.91	43.79
	339.07	344.87	366.87	361.70	32.49
	79.80	345.81	86.61	350.27	8.14
	14.14	347.88	30.06	361.45	20.92
	571.89	421.23	482.96	373.05	101.14
	86.93	352.17	106.94	366.15	24.41
	286.22	351.72	293.00	356.00	8.02
	485.13	354.81	500.23	362.60	16.99
	31.37	363.07	37.87	367.79	8.02
	238.96	363.56	305.97	408.65	80.76
	202.92	385.68	185.23	373.71	21.36
	319.02	374.94	323.90	378.45	6.01
	389.38	376.51	413.91	391.14	28.56
	453.20	376.82	498.06	400.37	50.67
	522.33	377.51	537.13	385.83	16.98
	51.13	378.81	69.74	394.33	24.24
	534.01	378.53	543.01	383.25	10.16
	330.01	380.53	365.04	402.37	41.28
	124.90	381.65	133.17	388.25	10.57
	539.25	386.53	559.00	396.65	22.19
	624.00	394.97	634.05	399.82	11.16
	421.00	394.95	448.01	410.98	31.40
	561.22	398.66	572.00	404.46	12.24
	7.94	401.59	30.72	421.37	30.17
	498.98	401.56	508.91	407.20	11.42
	368.24	404.79	395.70	421.51	32.15
	86.41	407.56	103.79	421.31	22.16
	581.05	407.89	605.80	421.42	28.21
	306.97	411.05	322.75	421.45	18.89
	517.94	411.22	535.87	421.15	20.50
	238.28	411.65	250.94	420.61	15.52
	450.93	413.61	464.68	421.44	15.83
40
	532.03	51.47	551.99	54.16	20.14
	573.05	58.84	581.92	60.24	8.98
	553.56	64.48	568.01	66.23	14.55
	538.97	79.63	531.00	79.02	8.00
	541.97	86.11	553.99	86.20	12.02
	569.00	85.95	575.00	86.47	6.02
	604.02	88.63	634.00	88.99	29.99
	563.01	90.46	554.00	90.66	9.01
	540.02	91.39	551.05	92.28	11.07
	560.95	93.30	574.01	93.46	13.06
	604.00	92.87	611.03	93.49	7.06
	527.00	99.16	547.04	98.64	20.04
	615.95	101.61	632.98	101.44	17.03
	553.00	104.53	587.07	102.56	34.13
	537.00	106.94	546.98	106.68	9.98
	624.00	104.87	631.99	105.28	8.00
	524.00	114.16	587.00	113.99	63.00
	614.02	117.80	631.97	117.13	17.96
	611.00	114.24	633.99	114.23	22.99
	524.04	117.24	586.06	117.68	62.02
	518.97	128.72	541.00	128.07	22.04
	558.04	129.45	576.00	128.71	17.97
	520.07	133.42	548.99	132.34	28.94
	562.06	136.47	542.97	139.33	19.30
	507.01	137.94	528.00	137.01	21.01
	537.01	137.67	543.04	137.28	6.04
	431.97	190.90	446.90	187.20	15.38
	392.06	199.90	414.99	196.44	23.19
	391.96	202.45	324.98	218.93	68.97
	291.10	225.36	310.08	221.21	19.43
	330.00	227.96	337.88	225.58	8.23
	214.01	241.07	146.01	254.13	69.24
	252.01	235.08	264.04	232.74	12.25
	516.08	242.86	507.13	246.43	9.64
	55.06	270.26	72.93	266.62	18.24
	32.02	278.38	60.00	274.40	28.26
	3.99	288.85	9.01	287.94	5.10
	475.67	348.06	504.04	330.12	33.57
	134.07	329.11	139.00	327.92	5.07
	487.95	345.95	507.00	333.52	22.75
