vx	vy	vz	score	numLines
0.71583495	0.69826848	0.00120368	2944.70	170
0.93857970	-0.34506202	-0.00059626	2640.36	215
-0.21027921	0.97764112	-0.00070352	2347.22	184

nLines	x1	y1	x2	y2	length
170
	191.88	4.07	195.14	9.18	6.06
	515.49	5.08	517.34	14.96	10.05
	157.00	11.00	160.76	16.35	6.54
	489.84	15.99	492.17	27.00	11.26
	177.68	16.02	181.15	21.05	6.11
	489.22	26.04	490.46	30.90	5.01
	222.35	34.09	225.55	39.18	6.01
	594.19	34.86	593.93	40.07	5.21
	3.86	46.11	31.49	71.01	37.19
	82.54	46.48	89.70	53.58	10.08
	344.09	49.03	346.44	54.15	5.63
	4.00	53.00	111.68	149.40	144.53
	6.05	57.99	49.05	95.92	57.34
	9.63	70.01	42.86	99.12	44.18
	71.97	60.17	99.27	86.66	38.05
	142.97	75.15	196.15	134.67	79.82
	71.61	65.94	75.86	70.11	5.97
	75.77	71.44	87.81	82.16	16.13
	36.09	73.90	41.97	79.50	8.12
	535.93	74.43	536.78	79.92	5.55
	10.97	77.77	35.85	99.22	32.85
	79.46	80.41	110.46	110.62	43.29
	142.05	81.94	190.90	136.10	72.94
	12.29	83.56	32.91	102.11	27.74
	88.08	83.90	97.19	91.74	12.02
	187.09	88.50	191.93	95.09	8.18
	56.96	93.03	61.99	97.13	6.49
	99.35	94.84	104.87	99.89	7.48
	55.58	110.01	83.88	135.11	37.82
	52.01	99.00	89.08	131.81	49.51
	72.02	101.91	75.89	105.13	5.04
	74.89	109.67	113.91	145.10	52.71
	92.80	114.26	96.92	118.15	5.66
	56.91	117.10	77.17	134.74	26.86
	146.25	116.78	154.54	125.48	12.02
	39.67	124.90	46.96	131.04	9.54
	103.06	125.98	107.45	129.64	5.71
	618.53	123.02	618.44	133.00	9.98
	60.05	124.92	75.00	138.00	19.86
	94.99	145.00	111.01	158.77	21.12
	91.99	135.01	112.38	152.04	26.57
	38.73	146.00	45.94	152.03	9.40
	42.98	140.52	51.99	148.01	11.71
	4.13	149.30	10.00	153.50	7.22
	618.48	149.01	618.14	170.97	21.96
	96.02	150.98	103.34	156.64	9.26
	3.79	153.82	33.07	174.38	35.77
	174.93	154.45	198.01	177.99	32.97
	18.40	159.42	32.15	168.73	16.61
	36.60	165.46	41.91	169.20	6.49
	5.95	166.61	100.06	232.86	115.10
	126.90	229.23	141.10	239.86	17.73
	3.92	177.12	41.86	203.19	46.04
	36.93	178.63	75.95	205.54	47.40
	3.99	188.53	95.93	250.64	110.95
	123.00	248.01	140.37	259.42	20.78
	65.01	193.50	76.21	200.68	13.31
	3.87	195.70	15.09	202.94	13.35
	314.19	195.87	318.03	201.55	6.86
	138.79	199.31	143.74	203.18	6.28
	248.47	199.47	264.50	216.97	23.73
	128.03	201.23	142.12	212.88	18.28
	64.04	201.93	68.00	205.00	5.01
	158.16	202.71	162.19	205.85	5.11
	15.00	206.00	62.59	235.11	55.79
	77.08	207.87	99.97	224.04	28.02
	128.05	220.71	141.28	230.67	16.56
	517.17	207.96	518.30	215.72	7.85
	250.80	211.18	263.00	224.00	17.70
	54.96	211.55	90.25	235.79	42.81
	129.22	212.74	142.45	224.02	17.38
	149.68	214.30	161.80	224.94	16.13
	174.41	215.54	188.07	228.92	19.13
	177.96	215.61	198.27	232.75	26.57
	19.98	217.03	32.72	224.48	14.76
	128.01	216.98	140.92	227.08	16.39
	255.51	229.02	261.43	235.50	8.78
	25.21	227.78	29.99	231.06	5.80
	170.06	223.94	176.87	230.13	9.21
	326.50	224.04	329.94	228.01	5.25
	247.98	230.01	262.69	244.17	20.41
	76.53	229.50	95.93	243.08	23.68
	247.11	236.96	262.02	250.98	20.47
	62.83	237.46	88.82	254.29	30.96
	162.03	237.84	182.75	254.26	26.43
	247.11	244.93	253.47	251.52	9.16
	13.90	244.12	23.04	248.90	10.32
	66.71	247.43	80.18	255.90	15.92
	10.02	247.92	32.73	261.23	26.33
	130.69	247.92	136.99	252.98	8.08
	247.45	253.46	262.05	266.33	19.46
	122.83	252.03	131.84	258.21	10.93
	138.73	252.13	143.17	255.78	5.75
	254.64	251.93	262.23	258.69	10.16
	121.14	255.29	129.56	260.49	9.89
	247.47	261.42	262.20	275.41	20.32
	158.97	257.22	171.08	265.91	14.91
	10.74	259.37	27.70	268.28	19.15
	157.97	261.61	165.62	267.40	9.60
	174.85	262.44	186.65	270.43	14.26
	10.06	263.89	19.07	268.90	10.30
	246.50	268.11	261.00	281.43	19.69
	122.73	269.43	128.01	272.43	6.08
	202.08	269.40	217.96	282.05	20.30
	297.26	270.93	300.91	274.76	5.29
	170.07	277.92	184.42	287.67	17.35
	121.00	274.00	126.97	278.09	7.23
	59.97	277.71	74.92	285.54	16.87
	247.94	287.60	260.06	298.43	16.25
	171.08	283.92	181.94	292.63	13.92
	252.17	283.82	260.10	290.35	10.28
	537.89	284.02	538.92	288.98	5.07
	61.01	286.98	73.80	294.44	14.81
	248.11	296.38	260.05	306.45	15.62
	247.09	303.84	260.02	314.49	16.75
	3.93	300.13	35.00	315.81	34.80
	118.22	299.74	124.06	302.94	6.66
	11.06	308.89	19.24	312.43	8.91
	4.03	313.42	24.28	322.63	22.25
	117.05	313.33	123.15	316.60	6.92
	36.99	315.01	49.20	320.82	13.52
	3.96	320.09	81.90	354.16	85.06
	110.97	352.63	127.96	360.15	18.58
	152.00	358.98	166.97	366.04	16.55
	138.13	321.96	143.05	324.95	5.76
	114.98	326.05	120.00	329.00	5.83
	4.03	326.94	83.05	360.85	85.99
	110.03	358.74	129.05	366.79	20.65
	151.08	364.76	170.68	374.62	21.94
	60.10	329.83	76.95	338.10	18.77
	53.09	335.69	68.01	341.95	16.19
	112.94	336.13	127.95	344.78	17.33
	151.95	342.52	168.96	350.54	18.81
	24.94	345.81	30.92	348.75	6.67
	3.97	346.51	11.02	349.37	7.61
	40.31	347.60	81.08	364.85	44.27
	108.23	366.70	124.67	374.24	18.09
	39.99	352.03	82.18	369.84	45.80
	596.06	351.04	595.93	358.97	7.93
	20.88	353.11	83.46	377.49	67.16
	548.38	357.01	549.81	363.04	6.20
	576.00	358.64	576.44	371.36	12.72
	21.09	359.66	32.78	364.23	12.55
	105.89	362.40	123.11	368.81	18.37
	188.33	361.59	195.85	365.18	8.33
	41.07	367.93	80.76	382.26	42.19
	108.02	374.35	124.94	382.10	18.61
	148.91	380.63	162.29	386.54	14.62
	172.10	377.81	182.00	382.95	11.16
	196.12	380.72	214.98	390.19	21.10
	108.04	378.95	117.91	383.44	10.84
	166.78	382.32	177.93	386.57	11.92
	194.91	386.17	207.95	392.12	14.33
	619.44	392.24	618.45	400.99	8.81
	552.60	388.01	553.72	392.99	5.11
	108.02	388.98	118.06	392.91	10.78
	193.97	393.35	204.76	399.31	12.33
	163.10	395.18	175.05	400.82	13.22
	191.97	399.47	203.27	405.33	12.72
	161.95	400.35	177.00	406.05	16.09
	628.87	400.08	626.05	416.99	17.14
	21.95	410.15	30.09	412.66	8.52
	197.01	409.95	202.76	412.71	6.38
	37.99	413.57	54.95	418.42	17.63
	244.20	429.37	249.99	432.03	6.37
	573.94	440.93	575.19	446.73	5.94
	224.66	443.54	235.71	448.26	12.01
	99.97	452.14	109.06	454.10	9.30
	579.87	462.89	580.53	468.15	5.31
	79.84	464.79	103.01	471.37	24.08
215
	433.92	5.19	438.77	3.64	5.10
	130.04	15.10	123.05	17.10	7.27
	530.06	13.13	537.00	11.00	7.26
	88.41	19.29	93.95	17.09	5.97
	369.05	19.73	378.21	17.37	9.46
	504.97	23.93	516.00	20.52	11.55
	190.12	25.41	181.02	28.06	9.47
	189.08	30.23	194.99	28.01	6.31
	510.88	35.07	518.08	33.12	7.46
	81.14	35.27	94.96	29.64	14.92
	156.94	38.84	168.01	35.12	11.68
	355.00	42.47	359.99	41.09	5.18
	483.07	51.85	492.44	49.74	9.60
	117.31	51.35	110.01	53.16	7.52
	303.18	60.31	312.96	57.32	10.23
	34.02	72.03	71.01	60.04	38.89
	100.00	87.00	142.03	75.13	43.67
	117.89	65.54	124.00	64.00	6.31
	567.96	70.88	578.00	68.40	10.33
	283.10	70.64	289.84	68.77	7.00
	384.97	72.46	390.93	71.26	6.08
	43.01	79.58	54.94	75.30	12.67
	495.26	78.36	487.07	80.16	8.39
	9.92	76.36	4.01	78.38	6.24
	568.99	78.81	577.99	76.39	9.32
	104.90	91.68	141.01	81.47	37.53
	501.06	83.47	506.86	81.84	6.02
	192.06	86.22	203.00	83.09	11.37
	407.96	87.19	415.49	85.50	7.72
	173.95	88.61	181.23	86.32	7.63
	136.81	95.72	117.04	101.40	20.57
	202.30	88.30	207.96	86.94	5.82
	291.03	86.67	281.98	88.75	9.28
	567.18	90.04	574.98	88.08	8.04
	597.14	94.59	610.05	91.15	13.36
	613.57	92.99	623.67	91.12	10.27
	552.96	94.86	558.03	93.43	5.26
	288.01	98.04	298.00	96.01	10.20
	571.21	98.76	579.94	96.30	9.07
	452.94	101.26	469.92	97.73	17.35
	533.99	100.75	543.01	98.74	9.25
	623.03	100.28	633.96	97.81	11.21
	500.78	102.46	509.05	101.13	8.37
	626.02	102.20	633.98	100.87	8.07
	33.81	104.50	41.15	102.35	7.64
	521.18	102.30	512.98	103.98	8.38
	565.09	106.34	591.03	101.60	26.37
	550.99	105.51	536.98	109.08	14.47
	195.89	112.48	210.04	108.35	14.74
	274.98	109.93	283.66	108.34	8.82
	304.90	108.38	295.93	110.87	9.31
	549.98	116.47	575.26	109.48	26.23
	585.99	119.12	613.88	112.66	28.63
	218.02	120.08	233.02	116.82	15.35
	242.96	115.83	223.95	120.64	19.60
	510.93	117.70	517.99	116.16	7.23
	33.07	117.47	26.03	119.88	7.44
	204.09	118.49	209.00	117.04	5.12
	244.92	121.97	257.93	118.10	13.57
	203.03	119.53	189.99	123.63	13.67
	210.01	121.02	192.05	126.77	18.86
	209.20	125.33	221.93	121.66	13.25
	200.00	130.99	226.23	124.43	27.04
	609.00	125.07	615.00	124.04	6.08
	235.01	135.95	264.98	127.90	31.03
	279.97	129.54	287.03	128.34	7.15
	272.98	133.19	264.03	135.57	9.27
	291.97	136.50	301.12	134.75	9.32
	272.99	136.52	279.03	135.32	6.16
	76.99	139.43	82.01	137.95	5.23
	282.91	138.44	259.00	143.44	24.42
	234.05	151.41	247.98	148.36	14.25
	165.00	168.05	153.99	169.98	11.17
	148.93	159.18	176.56	152.31	28.47
	68.01	155.73	74.97	154.11	7.15
	227.01	162.19	242.00	159.06	15.31
	247.15	160.38	240.96	161.49	6.29
	290.87	162.66	300.01	160.91	9.31
	153.02	163.61	165.00	161.00	12.27
	100.96	233.63	125.99	229.10	25.44
	122.55	189.52	132.02	187.96	9.59
	96.93	251.60	122.00	248.03	25.32
	121.00	189.41	101.06	194.20	20.50
	194.97	196.89	222.98	190.89	28.64
	111.30	196.64	127.99	192.71	17.15
	101.02	199.15	108.96	196.76	8.30
	195.73	206.02	220.11	200.53	24.98
	103.10	206.04	126.97	201.39	24.32
	586.15	204.76	592.01	203.58	5.98
	203.97	209.51	218.89	206.60	15.19
	555.92	207.43	560.99	206.59	5.13
	101.26	224.75	127.00	220.57	26.08
	123.91	211.46	104.96	215.40	19.35
	104.03	221.29	127.15	216.77	23.55
	201.98	226.37	219.96	222.59	18.38
	525.99	226.11	531.99	224.99	6.10
	201.59	234.41	219.00	231.05	17.74
	597.00	238.09	591.76	238.83	5.29
	148.95	234.70	164.99	232.05	16.26
	514.93	233.95	521.07	232.66	6.27
	517.97	237.98	527.01	237.09	9.09
	152.10	239.49	160.99	237.85	9.04
	491.03	242.59	516.00	237.97	25.39
	206.96	248.10	218.00	246.79	11.11
	484.98	249.89	528.85	242.63	44.47
	484.99	257.50	528.88	249.60	44.59
	303.00	252.97	310.02	251.49	7.18
	524.10	253.48	532.01	251.94	8.05
	287.00	255.52	301.03	253.19	14.22
	106.85	257.84	119.16	255.37	12.56
	299.91	255.39	289.99	256.96	10.04
	485.94	262.67	530.88	255.74	45.48
	105.97	257.50	100.98	258.28	5.04
	140.91	259.66	158.01	257.10	17.29
	555.73	260.34	563.99	259.01	8.37
	289.92	261.40	305.73	259.31	15.94
	313.05	259.12	318.04	258.21	5.07
	488.02	270.53	533.80	263.50	46.32
	118.04	266.32	107.00	268.95	11.35
	489.00	275.99	533.09	269.49	44.57
	184.94	288.05	196.05	286.49	11.22
	106.55	275.55	117.99	272.98	11.72
	532.96	276.39	512.00	279.69	21.21
	535.99	278.49	522.06	281.28	14.21
	116.70	279.38	105.04	280.85	11.74
	509.93	280.27	491.96	283.25	18.22
	493.03	289.21	535.86	282.69	43.33
	268.98	289.44	278.01	287.60	9.21
	495.99	296.82	537.96	292.08	42.23
	494.99	302.97	537.95	296.85	43.39
	102.91	300.32	114.01	299.05	11.18
	516.00	307.03	538.82	303.76	23.06
	103.13	306.72	112.99	304.93	10.02
	215.00	313.57	210.01	314.10	5.02
	269.02	307.12	276.97	305.83	8.05
	514.96	310.04	540.73	308.17	25.84
	514.05	308.16	497.02	311.11	17.28
	495.90	316.66	541.02	310.59	45.52
	102.04	313.47	111.98	311.94	10.06
	266.01	317.42	277.00	315.73	11.12
	83.06	354.87	109.99	352.69	27.02
	497.06	325.72	542.98	320.34	46.23
	255.98	323.83	276.01	321.08	20.21
	207.98	323.45	213.98	322.53	6.08
	111.39	325.40	99.26	327.59	12.33
	496.98	331.33	544.02	325.39	47.41
	83.96	361.13	108.98	358.87	25.12
	130.00	366.94	150.03	364.73	20.15
	257.02	330.65	263.00	330.02	6.02
	101.13	333.71	109.96	332.29	8.94
	498.02	340.21	543.71	332.56	46.33
	96.96	338.50	112.00	336.01	15.25
	129.00	344.99	150.93	342.68	22.06
	519.04	338.97	544.99	336.03	26.13
	222.02	341.08	227.07	340.70	5.07
	497.02	346.07	545.86	339.71	49.25
	84.24	369.22	106.98	366.88	22.87
	206.05	351.15	213.00	349.91	7.06
	499.00	355.02	545.96	349.50	47.28
	127.23	355.15	148.01	353.55	20.84
	498.02	361.11	547.06	355.23	49.38
	221.03	359.16	227.09	358.65	6.08
	295.93	362.44	301.03	362.20	5.11
	98.02	364.44	104.03	363.67	6.06
	525.00	366.08	549.06	364.11	24.14
	176.96	367.25	194.01	365.91	17.10
	506.97	372.71	564.17	367.79	57.41
	140.88	369.43	129.99	370.69	10.97
	95.99	375.50	106.97	374.67	11.01
	125.95	382.48	145.89	380.81	20.01
	287.90	370.41	296.97	369.80	9.09
	29.00	373.67	38.04	373.04	9.05
	127.94	374.74	149.01	373.03	21.14
	285.93	374.58	297.00	373.98	11.08
	176.87	375.72	190.03	374.57	13.21
	139.99	376.93	129.24	378.38	10.85
	524.11	384.15	552.77	380.34	28.91
	179.02	386.87	193.94	386.19	14.94
	278.00	383.02	295.10	381.67	17.15
	270.01	388.07	293.99	385.83	24.09
	530.03	388.25	555.02	385.85	25.11
	124.03	394.20	129.98	393.68	5.97
	180.24	394.61	192.99	393.17	12.84
	255.00	397.01	293.01	393.05	38.22
	597.98	400.05	611.97	399.82	13.99
	140.61	398.62	147.98	398.17	7.39
	254.02	401.66	293.01	397.57	39.21
	178.99	401.04	190.80	399.33	11.93
	102.01	404.35	87.83	406.28	14.32
	254.03	408.20	292.01	405.06	38.11
	254.98	412.85	293.14	409.57	38.30
	571.90	417.20	589.07	415.65	17.24
	203.00	417.00	210.00	415.89	7.09
	253.97	419.88	291.00	416.96	37.14
	93.92	422.73	100.00	421.99	6.13
	253.97	424.65	291.07	421.52	37.24
	91.18	426.64	98.90	425.47	7.81
	575.00	424.97	584.93	424.82	9.93
	254.00	431.96	279.01	430.18	25.08
	114.00	434.29	105.94	435.09	8.10
	202.98	435.42	209.96	435.26	6.98
	75.09	437.68	84.04	436.54	9.02
	615.92	439.35	606.90	440.52	9.10
	101.93	443.09	110.07	442.87	8.14
	115.30	455.93	99.85	456.40	15.46
	202.00	445.99	208.95	445.46	6.97
	217.97	445.71	224.04	445.62	6.08
	575.01	450.88	587.69	450.55	12.68
	600.04	451.25	607.97	450.41	7.98
	81.00	461.98	92.03	461.58	11.04
	99.01	463.87	106.19	463.51	7.19
	134.00	465.81	140.05	465.04	6.11
	217.00	465.94	229.22	465.42	12.23
	611.00	466.97	620.00	466.07	9.04
	587.00	471.05	597.94	470.56	10.96
184
	226.34	4.00	226.20	9.91	5.92
	515.49	5.08	517.34	14.96	10.05
	555.40	4.57	557.15	15.16	10.74
	166.44	8.00	165.20	17.20	9.28
	170.53	15.95	169.10	30.05	14.17
	355.79	24.00	355.79	18.89	5.10
	445.84	23.90	446.99	33.99	10.15
	110.42	22.94	109.00	30.00	7.20
	387.46	25.15	388.09	33.93	8.80
	54.80	27.94	54.00	33.00	5.12
	106.06	35.02	105.06	47.07	12.09
	139.05	34.98	137.46	44.97	10.12
	58.73	37.05	57.19	52.96	15.98
	612.47	42.99	613.85	50.99	8.12
	142.88	45.03	142.01	50.03	5.07
	138.31	49.92	136.53	66.84	17.02
	337.36	51.14	337.82	59.01	7.89
	151.50	52.94	151.20	59.92	6.99
	615.96	54.03	616.91	60.00	6.05
	611.15	66.17	612.67	71.86	5.89
	626.29	65.00	627.95	73.03	8.20
	610.01	71.96	611.11	77.97	6.11
	535.93	74.43	536.78	79.92	5.55
	114.95	102.04	113.88	107.93	5.99
	622.26	107.90	634.37	159.90	53.40
	35.15	110.14	34.46	115.96	5.86
	11.97	110.97	9.42	132.00	21.19
	129.53	111.02	122.57	186.96	76.26
	140.94	113.99	134.94	187.00	73.25
	304.77	129.02	306.75	165.06	36.09
	85.12	140.92	85.87	135.85	5.12
	619.50	137.03	622.04	148.98	12.22
	46.18	152.98	43.77	165.95	13.19
	76.71	146.09	75.61	152.00	6.02
	38.36	147.01	37.38	155.33	8.38
	289.21	189.17	288.97	196.99	7.82
	262.01	164.00	262.05	170.01	6.01
	193.84	176.80	192.96	185.01	8.26
	76.14	171.04	74.82	181.00	10.04
	261.67	172.89	261.43	178.09	5.21
	156.40	187.59	158.34	173.26	14.46
	82.71	172.92	79.18	201.94	29.23
	175.84	180.96	175.06	199.04	18.09
	328.23	176.91	328.11	190.00	13.09
	164.50	189.05	165.04	183.00	6.08
	100.73	182.83	97.89	200.01	17.41
	105.14	184.02	104.55	189.03	5.05
	182.91	194.00	181.41	209.95	16.02
	246.53	185.97	246.04	195.01	9.05
	179.47	194.98	179.02	201.00	6.04
	164.27	196.12	164.13	203.20	7.08
	264.96	218.01	266.34	253.94	35.96
	101.54	216.98	102.97	206.99	10.09
	221.31	201.07	220.88	211.98	10.92
	227.16	200.95	226.82	212.88	11.94
	8.90	203.01	8.08	207.99	5.04
	244.14	203.01	243.39	217.02	14.03
	517.17	207.96	518.30	215.72	7.85
	278.96	247.96	278.81	228.77	19.19
	193.39	211.13	193.38	224.03	12.91
	628.53	211.04	634.23	238.01	27.57
	148.64	214.13	147.85	222.95	8.86
	604.58	213.99	607.06	224.00	10.32
	17.68	217.08	11.90	246.01	29.50
	323.17	255.95	322.85	225.99	29.97
	255.25	220.02	255.43	228.03	8.01
	242.98	221.02	242.78	226.03	5.01
	11.54	223.04	10.67	228.01	5.05
	242.26	227.54	242.38	234.01	6.47
	330.20	228.96	330.99	248.00	19.06
	334.84	230.02	334.92	247.96	17.95
	286.69	224.95	287.19	237.03	12.10
	305.58	226.26	306.59	243.39	17.16
	34.90	227.11	31.08	257.00	30.13
	8.84	228.97	3.59	259.89	31.36
	278.06	231.18	277.59	238.97	7.81
	496.66	232.04	497.39	238.99	6.99
	26.49	236.98	24.74	246.98	10.15
	31.54	233.84	27.88	253.99	20.48
	319.12	234.81	319.12	239.81	5.00
	38.35	239.95	34.90	258.96	19.32
	46.07	241.97	34.62	306.06	65.11
	50.22	241.86	38.37	304.97	64.21
	319.97	250.96	319.95	243.36	7.60
	65.19	247.09	59.19	275.23	28.78
	80.60	257.04	77.13	283.01	26.20
	34.37	261.96	26.95	301.99	40.71
	241.26	258.36	241.05	272.99	14.63
	56.42	259.98	54.46	271.06	11.25
	89.56	267.54	84.96	299.01	31.81
	120.56	261.89	119.00	272.91	11.13
	624.86	265.05	625.73	270.12	5.15
	27.91	268.99	21.70	306.01	37.54
	51.31	289.07	48.67	316.92	27.98
	152.71	272.11	145.10	335.03	63.37
	160.55	272.90	156.41	340.03	67.26
	119.13	275.03	112.39	333.01	58.37
	155.87	274.88	155.38	283.00	8.14
	5.27	276.00	3.45	284.91	9.09
	293.23	276.04	293.35	283.00	6.95
	16.59	280.80	14.09	292.01	11.49
	58.88	283.07	53.22	320.01	37.37
	169.32	283.20	166.25	344.88	61.76
	144.25	284.00	143.21	292.03	8.09
	537.89	284.02	538.92	288.98	5.07
	95.88	287.96	94.99	299.00	11.08
	186.61	293.90	186.05	300.03	6.15
	152.65	294.93	151.80	301.94	7.06
	74.34	297.91	70.66	328.00	30.32
	35.74	316.51	34.18	331.04	14.62
	199.77	300.96	197.82	362.00	61.07
	139.91	302.97	138.97	314.00	11.07
	151.65	304.05	150.79	313.92	9.91
	181.42	315.99	180.12	358.99	43.02
	65.52	308.06	63.30	324.05	16.15
	130.60	309.95	127.87	335.96	26.16
	176.55	319.02	175.86	324.90	5.91
	253.97	320.00	253.70	332.92	12.92
	52.49	328.35	51.96	333.99	5.66
	96.71	340.78	95.94	348.01	7.27
	205.79	347.90	206.07	342.19	5.72
	111.43	341.49	110.53	350.00	8.56
	84.07	342.00	82.51	351.86	9.99
	193.28	345.17	192.74	351.98	6.83
	9.33	394.98	12.21	375.01	20.18
	8.53	366.22	5.84	381.13	15.15
	4.46	367.77	3.69	373.90	6.17
	194.05	369.00	193.68	378.93	9.94
	219.77	369.97	219.62	374.99	5.03
	41.39	371.99	38.09	397.02	25.24
	538.19	373.99	538.84	379.04	5.09
	591.99	376.00	593.57	382.85	7.04
	65.92	380.88	64.83	394.98	14.14
	106.78	380.92	106.46	389.07	8.15
	587.83	393.01	596.33	452.98	60.57
	105.01	391.00	103.00	411.00	20.10
	627.36	390.58	628.46	397.02	6.53
	150.26	399.01	144.89	473.99	75.17
	622.93	393.02	625.41	407.96	15.15
	20.58	409.16	22.46	397.96	11.35
	252.65	395.98	252.31	401.84	5.87
	632.37	396.23	633.67	403.96	7.84
	8.62	396.88	7.29	402.81	6.08
	138.40	396.99	131.16	474.00	77.34
	218.71	398.03	218.46	403.04	5.02
	129.50	401.02	128.69	407.05	6.09
	161.19	401.06	155.35	473.98	73.16
	54.07	402.98	53.09	408.98	6.07
	69.05	404.01	68.62	410.09	6.09
	192.11	458.03	194.52	413.00	45.09
	616.66	436.11	613.52	413.02	23.30
	32.88	412.99	30.45	427.10	14.31
	202.39	423.14	202.79	417.83	5.33
	211.09	418.01	210.62	422.99	5.01
	171.02	425.00	170.40	430.99	6.02
	52.00	422.00	48.25	443.99	22.31
	202.32	427.43	202.01	433.00	5.58
	217.75	427.04	217.29	432.03	5.01
	131.27	432.04	130.18	443.96	11.98
	176.67	432.03	174.75	448.96	17.04
	140.34	433.99	139.88	439.98	6.00
	167.50	435.05	166.88	441.98	6.96
	210.23	437.03	209.77	443.02	6.00
	573.94	440.93	575.19	446.73	5.94
	117.16	442.99	115.79	454.97	12.06
	201.04	452.99	201.25	447.21	5.78
	622.96	446.01	625.04	454.99	9.22
	209.73	447.01	209.51	452.90	5.89
	129.67	449.97	129.24	461.02	11.06
	28.32	451.90	24.99	474.00	22.35
	188.20	458.93	188.70	453.76	5.19
	185.03	456.00	184.52	465.47	9.49
	209.42	457.11	209.35	463.00	5.88
	97.97	457.99	97.53	463.18	5.21
	115.77	457.94	114.89	463.97	6.09
	123.30	468.01	123.11	474.01	6.00
	626.05	457.98	629.05	469.99	12.38
	43.69	473.96	44.65	468.04	5.99
	167.79	459.93	166.90	474.02	14.12
	579.87	462.89	580.53	468.15	5.31
	191.71	464.02	191.12	474.01	10.01
	20.53	465.73	19.39	474.01	8.36
	209.02	467.00	208.91	473.01	6.01
	181.46	467.98	181.03	474.01	6.04
