vx	vy	vz	score	numLines
0.00610815	0.99998135	0.00001340	2835.70	72
0.99999864	0.00165079	-0.00000294	1494.85	46
-0.19403172	0.98098833	-0.00368522	265.27	36

nLines	x1	y1	x2	y2	length
72
	272.06	4.00	271.90	9.02	5.03
	404.01	4.00	404.32	10.98	6.99
	627.91	4.01	627.99	13.00	8.99
	622.20	16.33	622.44	36.85	20.52
	161.56	14.97	161.49	56.04	41.07
	143.56	18.05	145.38	163.89	145.85
	271.05	19.97	271.10	27.13	7.16
	593.58	34.99	593.57	59.01	24.02
	13.12	36.09	13.35	55.06	18.98
	92.62	37.00	90.62	96.69	59.72
	155.29	36.99	155.51	44.00	7.02
	604.93	229.01	606.95	41.00	188.02
	28.04	38.00	27.97	45.98	7.98
	201.05	38.84	200.78	44.56	5.73
	622.44	40.52	623.55	264.99	224.47
	136.25	41.97	136.31	334.10	292.13
	60.46	52.00	61.76	69.96	18.01
	155.39	53.02	155.25	59.00	5.98
	6.97	58.00	7.74	72.08	14.10
	629.16	57.99	629.21	63.00	5.01
	155.33	63.00	155.73	75.97	12.98
	592.67	90.01	591.78	108.98	18.99
	208.00	71.00	208.35	76.93	5.94
	629.07	76.99	628.82	88.99	12.00
	26.26	79.02	26.29	86.02	7.00
	3.62	83.15	5.58	149.03	65.91
	15.60	307.00	13.32	92.01	215.00
	23.67	97.99	24.48	314.10	216.12
	202.13	88.06	201.04	120.00	31.96
	210.98	143.00	211.15	88.99	54.01
	28.28	90.00	28.12	138.00	48.00
	470.89	93.26	471.22	105.01	11.75
	628.67	93.03	628.83	103.01	9.99
	161.53	93.99	161.14	105.27	11.29
	92.69	113.02	95.38	260.04	147.05
	82.24	113.01	82.84	257.00	143.99
	629.21	104.99	629.01	112.00	7.01
	161.02	106.01	160.84	124.98	18.98
	590.56	114.01	592.16	143.99	30.03
	628.57	131.01	628.84	138.00	7.00
	208.73	156.15	208.34	162.33	6.19
	150.74	160.14	148.62	231.99	71.88
	150.79	235.01	151.79	287.03	52.04
	150.08	291.99	150.32	379.00	87.01
	6.04	166.00	6.89	306.00	140.01
	160.70	188.97	160.00	215.00	26.03
	27.70	191.04	28.80	215.99	24.97
	590.00	192.95	590.38	209.31	16.37
	590.32	215.07	590.45	223.24	8.17
	272.15	229.28	274.43	287.98	58.75
	265.08	231.00	266.00	286.00	55.01
	615.65	237.16	615.12	246.02	8.88
	161.76	292.01	159.72	249.00	43.06
	30.03	250.00	30.00	261.00	11.00
	289.98	254.04	290.00	261.35	7.30
	93.60	258.04	93.21	267.05	9.01
	30.45	273.97	30.38	282.02	8.05
	28.78	284.01	30.32	320.89	36.92
	15.79	322.96	15.74	330.00	7.04
	299.10	328.68	299.27	333.71	5.04
	168.92	338.11	168.95	332.45	5.66
	136.32	339.01	137.16	356.99	18.00
	27.51	400.94	27.77	366.00	34.94
	158.57	373.01	157.73	405.98	32.99
	136.66	361.92	137.89	419.00	57.09
	209.05	419.01	209.25	369.97	49.04
	218.90	370.02	218.35	419.11	49.10
	151.69	379.98	150.38	412.00	32.05
	6.56	402.96	6.48	417.96	15.00
	31.51	404.09	31.55	419.05	14.96
	16.10	405.99	16.47	412.06	6.09
	158.24	412.98	158.52	418.93	5.96
46
	149.01	4.14	159.95	4.28	10.94
	609.99	6.17	593.96	6.86	16.04
	438.78	12.92	433.35	12.86	5.43
	405.96	11.31	410.97	11.58	5.01
	589.70	17.39	621.00	15.86	31.34
	3.99	17.68	142.88	17.71	138.89
	306.92	27.66	286.00	29.01	20.96
	284.99	19.92	389.02	21.62	104.04
	3.97	24.44	47.03	24.22	43.06
	48.90	23.26	139.14	24.77	90.25
	326.99	28.08	353.99	28.52	26.99
	326.14	24.65	333.68	24.52	7.55
	359.00	28.74	388.02	28.28	29.02
	140.01	31.04	3.99	33.17	136.04
	608.99	37.52	621.00	37.48	12.00
	105.94	45.28	112.06	45.49	6.12
	591.00	78.97	483.23	78.27	107.77
	490.00	85.87	589.00	85.98	98.99
	59.39	73.39	30.05	72.40	29.36
	97.05	72.80	102.98	72.89	5.92
	34.08	75.84	51.00	76.61	16.94
	162.02	78.90	185.01	79.88	23.01
	202.87	87.26	210.02	87.69	7.17
	464.00	92.66	470.01	92.95	6.01
	546.12	99.04	540.99	99.00	5.13
	581.67	99.99	586.89	99.92	5.22
	595.99	137.42	602.99	137.12	7.01
	556.56	138.82	561.90	139.07	5.34
	161.01	153.78	182.00	154.77	21.01
	160.98	162.52	184.00	162.05	23.02
	495.98	163.66	586.53	163.43	90.55
	585.02	170.24	498.98	170.23	86.04
	610.91	182.34	616.98	182.16	6.08
	609.45	190.42	615.97	190.63	6.52
	285.00	210.04	360.00	210.50	75.00
	176.90	215.94	171.85	216.09	5.06
	284.14	217.35	366.07	217.37	81.93
	96.10	263.21	109.98	263.07	13.88
	287.95	309.65	301.00	309.04	13.07
	82.98	335.25	109.00	336.99	26.08
	21.76	344.53	57.01	343.86	35.25
	159.99	358.19	190.04	357.81	30.05
	30.69	359.68	136.63	360.48	105.94
	67.98	361.45	74.02	361.59	6.04
	189.27	376.84	195.23	377.14	5.98
	175.92	377.95	181.49	377.96	5.57
36
	420.06	5.09	424.52	8.01	5.33
	233.06	10.24	235.85	14.87	5.41
	235.07	15.51	232.04	11.04	5.40
	246.00	13.48	249.28	17.89	5.50
	572.97	25.94	568.33	22.95	5.52
	208.08	32.29	210.35	36.95	5.18
	423.14	34.31	458.14	62.86	45.17
	79.33	37.02	84.54	98.00	61.20
	22.30	42.96	20.99	51.93	9.06
	418.03	37.97	429.94	49.07	16.28
	459.05	47.06	463.14	50.05	5.06
	60.46	52.00	61.76	69.96	18.01
	13.23	85.01	14.21	72.00	13.06
	446.20	62.70	454.05	68.94	10.03
	254.01	69.40	256.93	73.96	5.42
	23.67	97.99	24.48	314.10	216.12
	28.28	90.00	28.12	138.00	48.00
	82.24	113.01	82.84	257.00	143.99
	82.76	258.02	83.65	267.97	9.99
	238.01	123.13	240.82	128.74	6.27
	28.77	148.01	27.48	168.00	20.04
	183.01	154.89	185.25	160.99	6.50
	160.42	164.00	162.94	174.02	10.33
	274.03	186.33	276.62	191.59	5.86
	30.03	250.00	30.00	261.00	11.00
	30.45	273.97	30.38	282.02	8.05
	219.01	295.28	220.69	300.53	5.51
	284.95	303.00	286.98	309.03	6.37
	6.58	309.98	4.89	331.99	22.08
	15.79	322.96	15.74	330.00	7.04
	27.51	400.94	27.77	366.00	34.94
	6.16	366.92	4.66	386.77	19.91
	181.02	384.96	181.76	390.83	5.92
	6.53	391.96	5.68	401.04	9.11
	6.56	402.96	6.48	417.96	15.00
	31.51	404.09	31.55	419.05	14.96
