vx	vy	vz	score	numLines
0.75581080	0.65454252	0.01800339	13698.03	618
-0.61268173	-0.79032974	0.00004327	4476.14	474
0.53418111	0.84536767	-0.00201353	1222.56	282

nLines	x1	y1	x2	y2	length
618
	100.65	3.36	85.86	11.80	17.03
	115.73	3.37	108.95	6.36	7.41
	164.11	3.39	117.01	16.11	48.78
	278.83	3.41	206.97	13.89	72.62
	372.90	3.48	338.90	8.57	34.38
	23.93	4.03	29.01	13.00	10.31
	69.52	4.49	64.76	9.80	7.13
	90.17	4.27	84.20	8.32	7.22
	132.01	4.02	120.97	8.42	11.89
	132.92	6.28	142.92	3.77	10.32
	171.01	6.98	184.91	3.70	14.29
	196.32	8.37	220.93	3.88	25.02
	355.08	10.65	410.90	3.55	56.27
	622.93	5.53	634.14	4.73	11.25
	582.04	9.21	606.00	9.32	23.96
	93.95	12.89	108.02	7.54	15.05
	336.05	8.24	319.10	9.42	16.99
	80.43	8.60	72.22	15.32	10.61
	94.73	9.46	84.77	14.60	11.21
	179.02	12.19	189.96	10.24	11.12
	271.02	14.37	313.99	10.13	43.18
	104.09	15.27	114.04	11.75	10.55
	346.97	13.89	371.05	10.59	24.31
	402.99	19.38	496.98	14.07	94.13
	133.11	20.44	175.36	12.44	43.01
	3.79	14.31	9.18	17.77	6.40
	182.07	18.07	197.07	15.13	15.29
	204.00	20.92	264.99	15.35	61.24
	79.07	39.36	86.02	39.91	6.97
	107.85	16.50	93.01	21.05	15.52
	499.00	28.97	445.96	28.03	53.06
	140.95	21.57	176.02	18.05	35.24
	350.96	20.82	277.98	24.85	73.09
	78.16	23.62	90.93	19.81	13.33
	262.97	25.24	275.96	24.19	13.03
	126.04	22.30	131.05	21.22	5.12
	237.93	26.21	261.97	25.63	24.05
	430.32	28.54	440.01	28.71	9.69
	454.00	24.06	448.93	24.13	5.07
	89.95	24.44	99.86	21.53	10.33
	184.14	23.55	198.01	21.55	14.01
	249.56	23.25	255.13	22.81	5.58
	106.00	23.00	95.97	24.87	10.20
	188.99	29.07	208.00	28.02	19.04
	168.99	30.05	184.99	29.39	16.01
	284.01	31.90	293.99	32.16	9.98
	502.03	28.90	534.98	29.97	32.97
	147.96	30.74	165.02	30.72	17.06
	89.01	33.31	113.05	31.71	24.09
	362.01	31.05	387.99	31.67	25.99
	488.97	30.75	499.01	30.76	10.04
	549.34	31.56	558.02	31.56	8.68
	562.04	31.34	621.15	32.70	59.12
	468.02	32.45	419.99	32.57	48.03
	356.01	35.99	305.03	36.81	50.99
	362.24	34.76	390.01	35.96	27.80
	401.00	50.73	372.01	49.75	29.01
	157.86	35.64	183.00	35.05	25.15
	190.97	35.63	210.00	34.90	19.04
	288.95	36.79	300.01	36.66	11.06
	462.07	35.52	469.95	35.72	7.89
	430.01	37.11	436.23	37.36	6.23
	105.02	37.57	124.03	38.75	19.05
	198.95	42.14	250.00	44.99	51.12
	253.04	44.41	339.96	45.94	86.93
	149.98	40.66	196.01	41.95	46.05
	562.94	41.94	569.11	41.90	6.17
	123.03	51.31	95.04	46.85	28.35
	136.02	44.48	142.08	45.39	6.13
	144.89	45.40	179.98	47.35	35.15
	341.01	45.98	361.05	46.83	20.06
	133.11	47.26	143.85	49.34	10.94
	340.00	48.98	345.92	49.12	5.92
	147.97	50.30	177.39	54.40	29.70
	405.99	50.05	430.90	50.88	24.92
	63.87	51.13	69.06	54.42	6.15
	75.89	51.41	158.99	80.58	88.07
	483.71	51.62	542.04	54.07	58.38
	3.91	55.33	8.89	52.90	5.54
	17.97	52.98	7.89	59.83	12.19
	124.03	52.76	147.98	59.55	24.89
	211.92	58.23	269.09	65.35	57.61
	273.10	72.30	280.08	73.52	7.09
	235.10	53.80	259.04	56.47	24.09
	262.96	52.83	363.00	60.20	100.30
	549.02	56.18	592.13	56.75	43.11
	101.03	53.94	151.04	69.62	52.42
	55.29	54.86	61.16	64.10	10.95
	262.99	56.54	300.00	58.99	37.10
	74.37	56.68	89.81	66.28	18.19
	82.81	57.36	124.00	75.49	45.00
	613.63	57.76	634.00	59.04	20.41
	163.85	60.69	215.29	68.42	52.01
	312.04	60.14	328.05	62.46	16.18
	54.65	64.27	57.43	70.93	7.22
	270.92	64.31	318.02	71.68	47.67
	353.31	63.63	375.99	66.58	22.88
	431.72	65.85	443.79	66.61	12.09
	419.98	66.56	425.04	67.24	5.11
	90.68	67.50	110.91	79.13	23.33
	121.20	84.67	170.92	111.10	56.31
	173.85	67.39	185.02	69.84	11.44
	474.02	72.72	450.99	69.45	23.26
	454.02	66.77	493.02	71.60	39.30
	226.96	76.59	288.00	89.46	62.39
	314.02	82.72	321.02	83.95	7.10
	432.02	67.82	448.99	69.10	17.01
	245.96	69.94	268.98	72.14	23.12
	161.78	69.50	190.01	76.49	29.08
	24.20	71.06	21.69	75.80	5.36
	74.15	70.74	133.44	131.55	84.93
	150.66	144.38	164.02	158.98	19.80
	247.50	73.44	311.80	81.53	64.82
	505.02	73.26	530.89	74.83	25.92
	581.95	103.28	634.00	111.80	52.74
	82.84	73.75	148.95	133.07	88.83
	287.00	74.75	301.38	77.05	14.56
	535.01	75.42	563.03	77.71	28.11
	32.41	76.02	30.99	83.00	7.12
	56.07	75.97	64.73	106.10	31.36
	124.96	76.56	159.99	90.54	37.72
	168.14	77.33	191.77	85.48	25.00
	207.99	76.88	212.93	78.23	5.13
	372.01	77.96	407.92	82.23	36.16
	95.40	78.55	114.14	93.89	24.22
	187.17	78.51	237.00	97.00	53.14
	579.02	79.94	600.88	80.45	21.87
	477.07	79.88	486.74	80.63	9.70
	148.96	92.07	196.04	118.77	54.12
	40.21	84.01	39.30	124.98	40.98
	52.56	83.10	56.66	97.87	15.33
	176.37	82.52	208.72	94.43	34.47
	161.03	83.94	168.28	86.52	7.69
	419.13	83.77	435.06	85.80	16.05
	435.00	83.99	488.93	93.73	54.80
	14.62	84.70	11.68	90.82	6.78
	193.81	86.43	215.01	93.50	22.35
	17.22	87.06	7.92	106.91	21.92
	45.10	86.96	45.15	117.09	30.13
	68.93	87.04	77.98	104.01	19.23
	75.37	86.77	87.18	105.82	22.42
	338.03	87.19	369.07	91.78	31.38
	20.91	87.95	13.11	112.03	25.31
	483.99	90.54	514.00	94.99	30.34
	126.10	90.89	156.91	112.14	37.43
	175.93	120.11	246.00	165.01	83.22
	346.05	101.89	388.13	112.54	43.41
	50.22	91.99	56.12	125.97	34.49
	194.09	92.85	297.02	126.89	108.41
	378.02	93.95	401.05	96.35	23.15
	68.63	94.92	75.54	113.24	19.58
	186.03	95.94	231.20	113.49	48.46
	243.04	118.92	293.06	140.92	54.65
	28.74	96.91	26.59	107.92	11.22
	240.98	97.02	289.99	113.85	51.81
	514.35	97.46	536.02	99.41	21.76
	109.14	123.90	155.33	179.55	72.32
	116.08	97.89	184.17	155.82	89.39
	201.00	171.00	247.97	210.03	61.07
	406.91	98.33	436.01	102.95	29.46
	95.86	100.17	129.50	136.23	49.32
	57.86	102.03	61.64	121.10	19.44
	173.14	101.63	184.01	106.98	12.12
	190.74	105.30	229.01	124.99	43.04
	229.94	125.56	277.80	145.27	51.76
	445.04	105.17	480.93	109.62	36.17
	60.20	106.15	61.52	111.14	5.16
	313.00	105.89	325.17	109.94	12.82
	32.44	106.88	30.08	130.01	23.25
	95.92	128.05	115.70	169.06	45.53
	88.21	108.80	134.68	183.92	88.33
	149.62	207.62	163.79	232.12	28.31
	282.98	109.27	302.95	115.61	20.95
	81.36	110.27	93.26	132.13	24.89
	122.44	111.57	137.40	125.39	20.36
	507.99	112.17	554.14	121.32	47.04
	333.95	114.23	344.06	116.94	10.47
	349.05	131.86	334.12	126.74	15.78
	497.21	115.58	526.95	120.26	30.11
	108.50	117.48	113.63	124.15	8.41
	75.77	131.08	90.07	171.00	42.40
	353.98	118.13	387.98	127.07	35.16
	420.06	118.24	485.11	131.51	66.38
	7.47	118.98	3.44	127.76	9.66
	201.71	119.46	276.00	157.44	83.44
	44.27	121.00	50.52	205.99	85.22
	50.68	206.98	50.41	243.97	37.00
	66.92	122.02	81.37	160.09	40.73
	566.00	122.18	573.95	123.24	8.02
	321.88	123.25	329.99	125.22	8.34
	543.11	122.71	556.12	124.27	13.10
	558.79	123.56	628.96	132.86	70.79
	163.84	125.17	222.91	161.08	69.13
	466.14	124.77	476.89	127.44	11.08
	582.99	125.11	589.93	126.32	7.04
	557.02	125.93	604.99	134.05	48.65
	7.51	127.01	3.64	139.82	13.38
	129.71	200.89	158.61	255.23	61.55
	107.61	126.65	169.83	216.16	109.01
	62.18	128.00	65.24	139.85	12.24
	119.73	127.88	175.59	193.93	86.51
	12.40	128.95	3.65	156.90	29.28
	165.28	128.61	221.08	170.93	70.03
	16.21	130.11	3.29	176.87	48.51
	32.26	129.88	30.70	146.87	17.06
	483.91	130.49	503.99	134.17	20.41
	21.38	132.06	18.49	146.97	15.19
	49.84	132.07	54.74	184.03	52.19
	55.89	132.01	61.36	174.07	42.42
	67.31	131.92	70.30	148.00	16.35
	403.00	131.79	457.99	145.06	56.58
	57.66	133.18	65.48	180.28	47.75
	357.00	134.01	370.88	138.70	14.66
	490.79	174.20	420.98	154.05	72.66
	148.16	134.55	160.42	146.54	17.15
	215.73	135.30	256.17	160.25	47.51
	426.95	135.35	446.85	139.55	20.34
	500.90	152.44	487.99	148.48	13.50
	135.20	135.96	154.80	160.18	31.16
	28.51	138.22	23.78	183.00	45.02
	93.18	137.83	104.49	158.01	23.14
	130.54	138.42	141.57	151.34	16.99
	450.13	138.82	455.07	139.85	5.04
	156.79	141.39	193.80	176.22	50.82
	246.00	141.17	263.71	150.35	19.94
	544.75	144.53	582.01	153.31	38.28
	24.54	142.09	16.46	191.00	49.57
	376.14	142.77	382.97	145.07	7.20
	65.17	143.96	72.03	174.99	31.79
	309.10	144.88	340.98	159.12	34.92
	279.98	146.09	284.85	148.16	5.30
	386.15	145.57	395.01	148.99	9.49
	16.34	148.08	10.69	184.05	36.41
	288.98	149.10	364.04	182.85	82.30
	353.30	160.72	375.81	171.24	24.85
	331.14	152.27	336.38	154.64	5.75
	485.94	151.67	527.84	163.12	43.45
	32.39	153.02	31.02	173.01	20.04
	204.96	153.05	213.01	157.98	9.43
	289.01	152.94	299.02	157.99	11.21
	154.54	154.33	160.72	160.24	8.55
	192.11	153.88	213.00	168.08	25.26
	111.92	156.14	133.02	188.96	39.02
	590.14	155.51	634.07	164.80	44.90
	71.85	157.07	93.76	227.01	73.29
	216.49	158.52	260.57	190.49	54.46
	378.14	159.48	448.05	180.87	73.11
	425.01	191.52	391.94	177.66	35.85
	497.02	158.72	519.63	163.60	23.13
	134.96	160.02	200.73	248.01	109.85
	543.08	164.18	538.00	163.01	5.21
	41.95	162.00	40.73	225.87	63.89
	81.29	161.87	98.48	221.01	61.59
	129.97	162.02	160.79	211.16	58.01
	161.09	211.87	195.10	254.75	54.73
	169.95	163.06	186.44	178.04	22.28
	91.58	164.22	101.49	186.73	24.59
	168.19	163.84	182.96	178.07	20.51
	528.96	164.38	535.23	166.11	6.51
	159.01	164.99	171.05	177.68	17.50
	273.95	187.06	327.04	219.92	62.43
	293.98	166.90	363.01	198.51	75.92
	545.00	167.34	557.13	171.24	12.74
	191.93	169.08	195.94	172.16	5.06
	462.03	168.91	488.99	177.13	28.19
	98.57	169.77	112.49	198.02	31.49
	328.66	170.33	357.33	184.57	32.01
	50.58	171.06	62.56	266.99	96.67
	206.00	170.99	254.14	208.82	61.22
	560.91	171.20	633.92	191.70	75.84
	108.36	171.86	121.13	203.95	34.53
	497.04	175.89	508.06	179.91	11.73
	59.50	177.01	65.83	225.04	48.45
	196.99	212.01	214.20	230.84	25.51
	197.53	176.96	221.01	199.99	32.89
	107.63	213.93	115.88	237.01	24.51
	188.51	182.49	212.07	203.93	31.86
	515.98	184.05	552.97	193.06	38.08
	553.82	193.24	600.71	209.61	49.66
	65.87	181.06	73.44	226.07	45.65
	136.96	181.02	148.08	197.96	20.26
	442.00	181.00	446.92	182.90	5.27
	20.41	182.92	19.90	189.01	6.11
	456.06	183.36	533.97	212.05	83.03
	333.29	185.68	387.24	216.34	62.06
	210.72	187.35	242.95	215.05	42.50
	160.94	188.03	195.70	234.86	58.32
	285.01	187.91	334.01	220.98	59.12
	168.41	188.83	208.11	232.29	58.87
	323.99	197.56	341.06	208.33	20.18
	34.45	189.92	32.88	224.00	34.12
	206.30	189.90	239.99	221.01	45.86
	165.50	192.37	170.23	198.20	7.50
	26.12	193.00	25.01	218.00	25.03
	75.21	192.95	85.50	229.06	37.55
	121.17	192.98	152.25	252.85	67.46
	364.61	198.25	371.05	201.88	7.40
	429.15	193.70	455.03	204.92	28.21
	92.64	195.16	95.33	203.21	8.48
	399.89	200.79	435.09	217.38	38.92
	134.66	195.92	177.65	270.91	86.45
	20.53	199.59	19.22	207.98	8.49
	257.55	200.14	268.05	208.46	13.40
	387.23	213.73	440.43	241.58	60.05
	11.42	201.64	3.63	247.86	46.87
	133.33	202.27	149.28	227.67	29.99
	276.95	202.11	303.15	218.83	31.08
	221.00	231.53	199.57	210.41	30.09
	456.95	204.56	500.92	226.16	48.99
	502.01	226.98	523.81	234.30	23.00
	17.67	217.01	8.20	281.94	65.62
	304.87	219.15	338.26	243.55	41.36
	343.13	208.85	394.02	236.44	57.89
	98.51	210.21	99.91	215.03	5.01
	257.05	209.97	262.83	215.14	7.75
	154.72	212.22	184.17	260.80	56.81
	252.98	212.05	261.01	217.99	9.99
	462.03	212.94	467.88	215.12	6.24
	186.54	215.40	193.58	224.35	11.39
	616.46	215.47	633.98	221.50	18.53
	277.80	216.29	349.02	271.81	90.30
	484.92	216.41	493.84	219.39	9.41
	219.11	216.88	224.17	221.82	7.06
	90.15	220.15	139.45	401.01	187.46
	443.00	219.99	455.92	226.10	14.30
	620.98	244.02	633.97	249.55	14.12
	148.00	221.00	154.10	231.33	11.99
	264.63	221.28	278.55	234.48	19.18
	119.49	221.54	143.12	279.92	62.98
	74.55	225.01	77.72	253.89	29.06
	76.52	254.96	97.48	354.99	102.20
	96.40	366.02	116.95	450.02	86.48
	125.86	226.05	154.08	279.72	60.64
	568.00	225.62	579.11	230.28	12.06
	40.47	227.98	39.52	261.85	33.89
	84.18	228.96	89.56	247.17	18.98
	32.33	231.98	32.38	243.08	11.10
	66.50	231.96	76.06	294.98	63.75
	102.90	231.99	105.11	237.96	6.36
	258.48	232.52	292.50	265.62	47.47
	152.69	234.11	171.43	262.79	34.26
	241.26	255.67	234.02	246.98	11.31
	241.89	235.16	247.03	240.98	7.77
	279.94	234.11	329.05	274.42	63.54
	355.45	235.05	396.12	259.32	47.36
	23.82	236.00	16.18	307.01	71.42
	93.57	235.89	95.53	242.82	7.20
	533.17	236.05	559.91	247.68	29.15
	394.97	237.54	400.28	240.70	6.17
	266.40	260.45	275.67	269.23	12.77
	106.05	241.99	116.84	276.07	35.75
	406.08	241.69	436.00	256.51	33.39
	441.93	241.60	457.01	248.48	16.58
	494.01	243.45	547.85	266.34	58.50
	216.61	243.93	221.95	250.05	8.12
	340.11	244.85	369.04	265.36	35.46
	546.04	244.70	595.03	265.71	53.31
	117.10	246.01	126.42	267.04	23.00
	183.33	245.80	192.93	258.52	15.94
	408.03	245.62	434.79	259.30	30.05
	562.59	245.97	604.97	266.04	46.90
	492.01	246.99	514.24	256.66	24.25
	508.94	249.15	519.92	254.22	12.09
	97.20	249.99	99.81	261.93	12.22
	210.34	249.73	218.33	259.71	12.78
	152.52	250.72	172.24	284.91	39.47
	79.79	254.02	98.25	340.92	88.84
	301.58	253.67	324.65	275.41	31.70
	49.99	255.00	54.62	304.96	50.18
	52.30	311.99	53.82	365.00	53.03
	43.50	256.07	41.50	310.09	54.05
	220.58	267.00	229.03	278.08	13.93
	148.13	258.94	152.23	266.83	8.89
	197.20	258.89	209.13	275.93	20.80
	439.09	258.81	539.90	319.73	117.79
	155.53	259.98	157.72	265.07	5.55
	470.15	260.37	482.03	266.95	13.58
	475.27	260.09	518.87	281.71	48.66
	91.12	260.96	105.79	318.01	58.91
	402.81	266.21	422.12	278.66	22.98
	430.21	260.71	499.91	300.47	80.24
	524.08	260.75	536.92	266.32	14.00
	38.10	263.97	37.79	281.92	17.96
	406.94	264.12	467.52	304.54	72.82
	253.65	266.25	275.84	288.13	31.17
	158.11	267.73	168.13	284.94	19.91
	134.08	295.97	146.70	325.12	31.76
	155.06	277.96	164.67	300.18	24.21
	255.80	288.19	308.77	354.20	84.64
	381.97	271.03	437.12	307.77	66.26
	32.73	272.01	30.13	336.01	64.06
	278.74	271.85	305.70	298.26	37.74
	493.05	271.88	529.86	293.15	42.51
	388.20	300.72	413.04	317.34	29.89
	337.96	282.06	388.39	322.59	64.70
	28.26	279.96	27.69	291.99	12.04
	182.77	280.08	207.25	317.98	45.12
	229.90	280.14	251.07	309.90	36.52
	148.61	292.94	159.43	322.99	31.94
	9.12	284.01	7.53	297.00	13.08
	318.99	286.01	329.11	294.95	13.51
	119.20	286.94	121.51	295.93	9.29
	200.56	286.94	213.19	304.18	21.38
	411.01	287.98	425.03	297.97	17.21
	275.43	289.54	319.85	339.16	66.59
	241.49	292.49	252.20	308.07	18.91
	406.28	291.59	439.64	314.12	40.25
	361.12	326.89	380.71	345.55	27.05
	175.59	295.21	186.04	312.98	20.61
	138.62	296.28	140.69	302.92	6.95
	544.96	296.05	575.17	312.61	34.45
	301.69	296.91	344.09	334.92	56.94
	7.05	300.01	3.59	331.86	32.04
	75.03	300.02	84.08	361.84	62.47
	78.02	302.01	99.02	466.98	166.30
	357.89	301.75	367.10	308.88	11.65
	417.14	301.84	428.07	309.87	13.56
	463.53	302.86	473.95	309.69	12.46
	99.99	303.00	102.83	317.06	14.35
	127.69	308.98	151.10	379.92	74.70
	263.44	305.65	294.25	339.76	45.96
	157.02	307.98	159.56	313.73	6.29
	42.41	312.03	39.98	357.00	45.03
	252.53	309.43	301.00	367.00	75.26
	191.20	320.00	196.27	330.98	12.09
	197.78	310.14	202.97	319.00	10.27
	369.22	309.78	381.02	320.97	16.26
	573.99	310.26	583.71	314.90	10.77
	478.16	312.26	537.10	348.91	69.40
	149.89	333.06	156.90	350.91	19.18
	172.03	313.98	174.67	320.12	6.69
	236.02	313.92	272.87	367.08	64.68
	64.58	315.47	70.03	385.98	70.72
	242.89	315.02	251.84	326.09	14.24
	55.79	316.07	55.78	337.98	21.91
	344.93	316.03	359.07	329.93	19.83
	230.34	320.10	252.46	353.03	39.67
	170.81	318.15	177.89	334.14	17.49
	221.89	318.15	257.43	375.04	67.08
	474.31	363.73	497.13	382.22	29.38
	588.19	318.61	616.98	334.05	32.67
	205.69	320.12	240.55	381.97	71.00
	324.64	320.48	341.86	338.04	24.60
	539.00	321.99	555.28	330.54	18.39
	27.37	323.01	24.02	454.00	131.04
	548.73	324.50	566.18	335.76	20.77
	105.88	324.95	114.01	360.00	35.98
	455.02	324.95	467.90	332.68	15.02
	426.31	327.74	451.06	347.90	31.92
	69.33	330.00	69.90	336.02	6.04
	354.95	331.06	360.43	335.56	7.10
	622.12	330.86	629.76	335.17	8.77
	89.76	332.98	93.24	348.95	16.34
	139.79	335.27	141.79	343.17	8.15
	179.67	368.46	171.64	349.04	21.02
	198.81	336.36	227.05	392.98	63.27
	272.00	337.00	303.08	372.94	47.51
	70.56	338.04	70.72	343.06	5.03
	238.32	337.67	245.58	350.23	14.51
	404.02	337.95	414.76	346.26	13.58
	120.00	340.00	132.29	379.01	40.90
	178.22	358.97	174.93	352.02	7.69
	180.15	340.15	184.39	348.00	8.92
	361.84	340.07	371.18	349.94	13.59
	114.16	365.92	126.79	418.18	53.76
	231.17	340.85	237.21	349.83	10.82
	322.59	340.94	335.64	356.57	20.36
	448.33	343.70	464.99	357.02	21.33
	71.26	390.03	81.64	475.09	85.69
	377.27	345.92	385.39	353.62	11.19
	56.06	346.98	57.82	369.08	22.17
	99.07	346.97	99.86	354.02	7.09
	417.05	348.40	465.87	390.14	64.23
	597.01	348.17	603.01	351.99	7.12
	94.08	351.00	95.09	359.00	8.06
	385.31	350.70	412.02	371.99	34.15
	497.01	352.16	511.71	361.24	17.27
	189.87	353.04	220.39	416.07	70.03
	246.85	353.17	253.79	364.06	12.91
	300.94	354.02	314.38	372.78	23.08
	116.48	355.22	118.97	364.02	9.14
	100.06	357.98	106.06	394.04	36.56
	40.91	365.02	41.43	405.86	40.85
	160.10	360.90	175.65	401.09	43.09
	560.14	361.76	620.02	399.97	71.04
	82.03	364.00	87.20	400.96	37.31
	552.72	385.28	545.32	380.70	8.71
	615.06	364.91	634.05	375.42	21.71
	518.01	367.53	567.03	402.73	60.35
	151.21	385.99	160.69	414.03	29.60
	403.36	367.60	441.24	397.79	48.44
	295.46	368.68	305.96	381.07	16.24
	180.07	369.92	193.71	403.90	36.61
	154.34	384.94	158.67	398.88	14.60
	58.04	377.93	58.61	447.44	69.52
	562.99	373.05	577.44	382.75	17.40
	161.38	375.21	164.09	381.98	7.29
	484.10	377.74	496.24	387.56	15.62
	495.23	383.01	542.00	419.00	59.02
	170.24	432.02	184.10	470.95	41.32
	457.53	413.48	475.97	431.03	25.45
	441.93	385.90	445.75	389.26	5.09
	143.07	397.97	144.87	403.08	5.42
	442.36	399.72	455.09	410.88	16.93
	473.44	400.09	492.09	414.90	23.81
	231.60	493.97	194.70	407.98	93.58
	9.58	403.91	7.95	424.00	20.15
	6.71	438.99	3.34	487.90	49.03
	141.90	405.06	149.03	430.00	25.94
	129.15	429.17	127.66	423.07	6.28
	70.81	410.04	75.99	461.00	51.22
	89.08	411.98	90.18	419.94	8.03
	111.03	413.99	113.21	422.93	9.20
	132.95	444.01	142.06	479.96	37.08
	140.43	486.13	160.20	562.92	79.30
	187.10	429.95	205.53	477.23	50.75
	261.10	416.93	278.06	445.98	33.63
	586.04	416.70	592.98	421.02	8.18
	497.17	417.59	539.04	451.98	54.18
	166.98	441.01	171.55	452.97	12.81
	596.93	421.62	620.10	438.89	28.90
	572.47	437.43	586.91	449.10	18.57
	548.06	423.88	557.16	430.80	11.44
	145.84	424.99	148.86	438.17	13.53
	182.16	425.09	195.83	467.02	44.10
	206.01	425.00	211.69	439.17	15.27
	218.05	424.90	221.49	431.98	7.87
	562.25	510.74	581.82	529.17	26.88
	570.88	442.14	617.03	476.41	57.48
	23.37	426.02	22.04	441.97	16.01
	517.00	427.00	544.05	451.94	36.79
	40.59	445.01	39.34	500.00	55.01
	126.48	428.87	130.13	441.85	13.49
	165.76	429.99	168.73	440.12	10.56
	445.55	432.42	452.42	440.05	10.27
	165.81	492.07	173.35	523.05	31.88
	505.13	433.89	509.27	437.71	5.64
	483.99	439.00	508.17	460.60	32.42
	623.06	438.86	633.94	447.13	13.67
	453.63	441.24	460.78	449.28	10.76
	128.29	442.92	136.55	475.12	33.24
	180.98	474.01	189.95	503.02	30.37
	60.85	446.01	60.31	468.00	22.00
	171.66	446.14	176.93	466.02	20.56
	117.61	458.97	120.05	480.95	22.11
	22.74	450.98	22.38	457.00	6.03
	99.07	475.02	101.68	487.92	13.16
	462.77	451.36	505.03	496.98	62.18
	44.72	452.08	41.87	513.01	60.99
	41.82	513.99	43.70	556.01	42.06
	24.40	479.01	19.28	525.00	46.28
	190.89	456.94	193.49	463.54	7.09
	21.31	461.06	20.31	484.01	22.98
	552.79	461.28	614.05	511.95	79.50
	602.89	462.16	607.49	465.49	5.68
	59.59	486.96	62.34	530.97	44.10
	177.43	473.86	183.58	489.85	17.13
	97.03	479.00	98.91	489.06	10.24
	125.94	508.01	131.61	536.04	28.60
	208.67	490.08	216.17	508.93	20.29
	140.97	497.01	148.16	523.96	27.89
	541.21	496.75	547.32	502.44	8.35
	507.06	497.87	582.96	574.03	107.53
	609.96	504.04	614.36	507.65	5.70
	476.64	507.47	487.93	520.06	16.91
	598.62	506.92	604.15	511.77	7.35
	192.20	511.00	198.68	532.26	22.23
	104.97	514.01	106.86	527.05	13.18
	123.77	548.80	124.81	557.10	8.36
	219.09	515.69	221.32	520.98	5.74
	621.01	516.07	629.90	524.35	12.15
	38.99	517.00	39.44	531.90	14.90
	607.01	516.99	615.78	523.86	11.14
	126.07	519.04	129.54	542.00	23.21
	487.50	521.55	510.79	545.18	33.18
	626.22	522.91	632.03	527.39	7.34
	604.15	525.52	621.02	542.44	23.90
	146.80	527.10	152.35	547.90	21.53
	176.76	528.15	178.41	533.04	5.16
	586.62	530.27	633.99	576.01	65.85
	105.24	530.94	112.32	567.02	36.77
	117.00	598.00	117.98	607.98	10.03
	160.49	532.13	163.19	540.73	9.01
	544.99	533.01	554.00	542.00	12.72
	19.22	535.07	18.71	551.98	16.92
	540.01	534.99	550.98	544.88	14.77
	86.07	536.99	89.44	572.52	35.69
	508.00	536.88	521.00	552.00	19.94
	132.79	538.01	133.72	544.06	6.12
	178.77	545.06	185.73	576.23	31.95
	164.08	581.08	168.82	603.94	23.35
	17.49	553.97	18.40	601.68	47.72
	522.03	556.97	542.02	577.98	29.00
	42.13	614.05	43.13	634.02	20.00
	89.74	578.23	90.62	590.00	11.80
	139.02	576.49	143.05	596.99	20.90
	187.04	577.95	191.27	593.85	16.45
	39.49	580.00	40.07	590.01	10.02
	609.05	585.96	617.10	594.88	12.02
	334.97	596.03	350.16	625.89	33.50
	66.95	597.00	68.35	618.83	21.88
	367.02	593.00	380.40	619.06	29.29
	40.35	593.99	40.24	607.00	13.02
	603.91	596.05	630.80	621.19	36.81
	306.11	598.93	321.49	633.80	38.11
	560.10	598.91	591.71	634.40	47.53
	114.07	600.02	119.13	630.93	31.32
	570.52	600.98	577.97	608.03	10.25
	92.61	603.33	95.06	624.03	20.85
	142.89	603.00	147.05	621.99	19.45
	16.86	606.97	17.12	633.99	27.02
	141.61	614.30	143.22	620.97	6.86
	13.91	620.98	13.82	634.00	13.02
	67.93	620.96	67.68	634.00	13.04
	604.00	623.00	608.92	628.05	7.05
	94.29	626.96	95.14	634.00	7.09
	591.86	628.09	598.22	634.19	8.81
	387.95	629.03	390.91	634.04	5.82
474
	199.98	14.08	196.95	10.02	5.06
	8.28	3.71	30.69	31.21	35.47
	32.40	4.09	55.17	34.77	38.21
	425.36	3.63	432.76	13.27	12.16
	482.71	3.84	490.05	11.95	10.93
	498.01	3.99	502.67	9.91	7.53
	511.11	3.91	514.94	9.06	6.41
	541.82	3.98	545.77	9.41	6.72
	454.01	5.99	457.87	11.11	6.41
	578.98	9.51	586.55	18.39	11.68
	308.16	12.74	313.51	19.48	8.61
	597.38	13.07	600.79	17.14	5.31
	176.82	13.91	181.00	19.00	6.59
	10.60	14.83	16.97	24.02	11.18
	506.20	14.96	514.36	25.79	13.57
	572.05	14.99	578.23	22.75	9.92
	539.18	15.79	547.88	25.69	13.18
	609.40	21.07	615.40	28.04	9.20
	630.33	18.06	634.11	22.91	6.15
	469.85	19.15	475.21	25.80	8.54
	258.35	19.68	261.62	23.63	5.12
	555.28	19.83	559.63	25.31	7.00
	424.21	21.21	429.98	28.02	8.92
	443.78	27.24	438.96	21.03	7.86
	410.33	22.09	413.91	27.07	6.13
	330.36	26.10	334.87	31.10	6.74
	20.20	27.80	23.84	32.80	6.18
	211.02	34.91	214.91	40.10	6.48
	594.93	35.05	598.99	40.01	6.42
	612.27	34.75	627.84	55.12	25.64
	601.93	36.05	608.80	44.79	11.12
	620.37	35.64	634.50	53.73	22.95
	439.94	37.13	448.66	47.34	13.42
	579.02	36.99	593.00	55.00	22.80
	322.12	37.89	327.78	44.15	8.44
	328.51	37.69	332.40	43.07	6.64
	247.51	38.75	251.98	44.04	6.92
	526.86	40.19	535.22	51.72	14.24
	514.15	43.85	520.43	51.05	9.54
	507.21	45.81	510.82	50.23	5.71
	539.50	46.02	543.04	50.96	6.07
	606.47	49.51	610.68	55.33	7.18
	405.55	52.64	412.00	61.00	10.56
	414.15	52.78	418.95	59.07	7.92
	23.97	54.03	30.99	63.01	11.39
	260.82	57.02	264.41	61.07	5.42
	549.74	58.93	562.16	74.12	19.62
	559.00	59.00	570.41	71.61	17.01
	488.74	60.21	494.80	67.89	9.78
	596.04	59.97	610.37	77.06	22.31
	608.28	60.75	622.62	77.38	21.97
	617.26	61.78	628.74	76.20	18.42
	531.24	62.77	539.33	72.09	12.35
	322.95	64.04	326.34	68.10	5.30
	417.95	68.07	428.44	82.02	17.45
	426.09	67.84	438.91	83.16	19.98
	531.91	75.18	547.67	94.87	25.22
	470.19	74.84	479.90	88.08	16.42
	78.46	77.59	85.84	88.14	12.88
	278.60	79.62	283.35	85.10	7.25
	544.12	79.90	555.45	94.05	18.13
	361.18	80.86	365.38	86.69	7.19
	530.76	81.26	542.13	94.87	17.74
	502.80	82.28	509.79	92.23	12.15
	391.89	84.09	398.73	92.30	10.69
	569.44	83.56	574.50	90.00	8.20
	369.97	92.06	376.28	99.80	9.99
	442.13	89.87	450.93	101.04	14.22
	336.29	90.74	345.07	101.33	13.75
	602.33	93.73	611.12	104.92	14.23
	379.22	102.08	383.03	106.98	6.21
	109.14	123.90	155.33	179.55	72.32
	191.80	159.24	200.51	170.46	14.20
	387.30	97.72	395.71	109.14	14.18
	444.02	105.94	452.99	116.00	13.48
	269.68	100.00	273.07	103.95	5.21
	397.49	101.50	405.13	109.88	11.34
	60.61	120.75	65.46	127.93	8.66
	340.02	103.98	343.72	108.91	6.16
	429.12	105.95	440.93	119.04	17.63
	541.51	105.78	550.94	118.07	15.49
	534.53	107.34	538.83	112.21	6.49
	81.00	108.28	95.03	126.98	23.38
	196.93	115.07	205.88	128.02	15.74
	135.06	184.96	148.49	200.49	20.53
	560.55	109.93	569.05	119.38	12.71
	594.04	109.96	608.50	127.99	23.11
	344.67	113.35	360.85	132.12	24.79
	419.39	111.35	423.61	116.31	6.52
	603.38	111.71	618.84	129.17	23.32
	616.26	112.78	630.86	132.12	24.23
	627.05	112.94	634.04	121.97	11.43
	389.05	114.96	396.19	123.89	11.43
	108.50	117.48	113.63	124.15	8.41
	596.01	116.99	603.93	127.06	12.81
	501.51	120.00	511.02	130.99	14.53
	507.00	120.00	517.97	133.04	17.04
	55.18	281.03	60.07	287.94	8.47
	156.53	120.50	162.07	126.90	8.46
	239.00	121.00	242.99	126.01	6.40
	519.09	120.95	524.26	127.83	8.60
	363.18	122.81	371.96	135.09	15.10
	121.08	189.96	129.10	199.94	12.80
	107.61	126.65	169.83	216.16	109.01
	318.14	126.85	325.71	135.21	11.28
	119.73	127.88	175.59	193.93	86.51
	136.42	127.58	143.81	136.16	11.32
	528.57	127.96	539.70	140.89	17.07
	328.66	128.88	333.49	135.01	7.80
	70.41	149.16	74.04	153.99	6.04
	468.99	148.62	481.79	166.24	21.78
	271.30	134.11	276.44	140.31	8.05
	487.19	147.72	481.02	139.99	9.89
	135.20	135.96	154.80	160.18	31.16
	512.75	141.30	525.53	157.47	20.61
	130.54	138.42	141.57	151.34	16.99
	329.11	137.87	332.74	142.28	5.71
	497.75	139.02	503.41	146.07	9.04
	507.95	143.04	516.02	153.98	13.60
	344.49	159.48	336.50	148.12	13.89
	525.24	144.89	536.65	161.28	19.97
	395.90	149.18	404.07	159.23	12.95
	530.07	145.96	543.67	161.34	20.53
	383.19	146.89	388.67	153.95	8.94
	453.77	148.88	463.88	161.05	15.82
	541.10	148.90	545.20	153.83	6.41
	624.31	150.10	633.74	162.23	15.37
	617.01	150.99	622.65	158.30	9.23
	441.68	153.24	445.27	158.12	6.06
	131.85	194.76	123.75	184.19	13.32
	411.53	155.65	419.34	165.11	12.27
	573.81	159.09	581.94	170.03	13.63
	134.96	160.02	200.73	248.01	109.85
	98.88	222.04	111.94	237.04	19.88
	161.09	211.87	195.10	254.75	54.73
	564.92	162.07	572.02	170.99	11.40
	557.00	164.00	560.47	168.28	5.51
	327.99	219.74	346.77	241.12	28.45
	349.92	166.05	357.02	174.99	11.41
	387.24	166.71	394.88	176.10	12.10
	558.04	171.95	579.72	200.29	35.68
	113.00	199.00	122.02	209.99	14.21
	231.48	171.49	240.03	182.00	13.55
	537.89	171.11	552.75	190.89	24.74
	530.54	172.44	540.65	186.34	17.19
	327.76	173.20	334.49	182.43	11.43
	366.07	173.95	374.26	183.16	12.32
	458.08	173.88	461.70	178.51	5.88
	552.16	173.87	568.50	196.47	27.89
	424.85	175.94	433.99	186.18	13.73
	66.00	226.00	72.39	234.81	10.88
	172.77	177.31	196.78	211.16	41.50
	568.98	177.01	589.13	203.03	32.90
	212.63	204.36	236.02	231.98	36.20
	580.09	179.93	598.54	205.35	31.40
	378.46	183.49	381.90	187.96	5.65
	392.48	182.61	397.34	188.62	7.73
	506.12	182.86	524.44	204.43	28.30
	160.94	188.03	195.70	234.86	58.32
	449.07	189.99	460.75	204.12	18.33
	250.08	190.86	255.60	197.47	8.61
	464.04	190.96	467.19	194.85	5.01
	165.50	192.37	170.23	198.20	7.50
	336.43	192.71	343.22	200.83	10.59
	376.64	193.94	380.02	197.97	5.26
	435.99	218.02	453.04	238.97	27.02
	460.51	198.41	465.46	204.47	7.82
	375.73	199.50	386.79	213.23	17.63
	549.81	200.99	554.24	206.81	7.32
	383.92	202.04	391.87	212.34	13.01
	35.78	205.24	39.25	209.89	5.80
	202.16	205.92	217.06	225.94	24.95
	240.06	206.96	243.33	211.11	5.29
	575.45	206.59	583.62	216.92	13.16
	516.94	211.06	524.28	221.16	12.49
	271.67	212.45	283.74	228.14	19.79
	289.03	212.99	292.93	217.59	6.03
	468.54	215.31	486.83	237.10	28.45
	526.27	212.64	537.76	228.32	19.44
	502.07	213.95	510.82	225.18	14.23
	186.54	215.40	193.58	224.35	11.39
	212.74	215.38	230.16	239.89	30.08
	380.22	215.84	392.28	232.16	20.30
	420.99	216.00	424.96	221.04	6.41
	317.31	218.13	323.89	226.05	10.29
	346.04	217.98	354.00	227.00	12.03
	602.91	220.19	619.97	243.03	28.51
	613.46	220.02	625.30	234.72	18.87
	356.33	220.68	362.16	227.85	9.25
	528.34	220.75	532.99	226.01	7.02
	297.27	222.07	301.01	226.99	6.18
	484.37	221.65	494.53	234.32	16.24
	429.70	224.22	432.66	228.26	5.00
	593.36	223.54	597.90	229.07	7.15
	364.92	232.10	370.81	240.20	10.02
	241.26	255.67	234.02	246.98	11.31
	241.89	235.16	247.03	240.98	7.77
	348.00	276.71	361.70	295.27	23.06
	396.97	260.04	422.83	293.15	42.01
	380.22	235.77	385.74	243.21	9.26
	527.92	248.09	524.29	243.70	5.69
	322.76	236.88	362.24	284.80	62.09
	554.75	237.21	561.42	245.05	10.29
	252.75	238.89	266.62	259.37	24.74
	117.13	276.94	130.10	293.91	21.35
	252.17	242.81	258.49	250.64	10.05
	601.00	243.16	608.98	254.02	13.48
	216.61	243.93	221.95	250.05	8.12
	183.33	245.80	192.93	258.52	15.94
	279.53	246.44	283.49	251.37	6.32
	541.98	247.02	555.27	264.83	22.22
	210.34	249.73	218.33	259.71	12.78
	483.10	249.90	498.08	266.91	22.66
	547.50	250.00	565.21	270.83	27.34
	292.41	251.73	297.75	259.26	9.23
	124.45	253.45	131.02	261.99	10.77
	368.98	254.02	373.47	259.58	7.15
	53.95	366.01	68.02	386.87	25.16
	503.28	254.77	524.95	281.04	34.05
	194.14	261.88	206.11	276.94	19.24
	291.71	256.28	307.74	274.84	24.52
	499.86	256.11	516.05	274.94	24.84
	542.08	255.99	547.54	261.98	8.10
	620.92	269.08	612.26	257.76	14.26
	188.28	266.77	205.23	288.93	27.90
	220.58	267.00	229.03	278.08	13.93
	235.50	258.49	246.72	274.24	19.34
	197.20	258.89	209.13	275.93	20.80
	513.87	258.74	534.97	286.02	34.48
	579.26	260.87	587.43	270.03	12.28
	416.96	262.02	429.24	275.88	18.52
	311.85	281.15	324.69	297.31	20.64
	531.40	266.06	547.77	287.29	26.81
	86.40	267.44	89.53	271.36	5.02
	391.08	267.34	396.13	273.90	8.28
	75.78	269.18	79.21	273.87	5.82
	480.11	268.96	490.82	281.20	16.27
	255.80	288.19	308.77	354.20	84.64
	437.93	308.09	442.83	315.03	8.50
	400.04	270.96	411.94	286.05	19.21
	469.82	271.16	474.81	277.19	7.83
	30.15	337.01	39.45	350.56	16.44
	442.89	272.05	463.60	297.33	32.68
	379.65	272.83	398.10	295.84	29.50
	296.24	274.14	312.64	294.63	26.24
	581.45	273.57	584.36	277.69	5.04
	415.08	276.94	423.75	289.23	15.04
	495.42	277.06	510.92	299.15	26.99
	229.90	280.14	251.07	309.90	36.52
	615.09	279.93	630.03	297.91	23.38
	141.10	281.94	148.11	291.94	12.21
	225.70	341.26	250.79	374.15	41.36
	445.71	282.20	452.86	291.13	11.44
	7.71	297.98	13.08	304.94	8.79
	358.23	284.83	372.70	304.24	24.21
	200.56	286.94	213.19	304.18	21.38
	332.66	286.89	335.87	291.15	5.33
	367.24	288.17	397.99	325.02	47.99
	603.47	310.00	585.20	288.87	27.93
	435.63	288.73	454.68	310.35	28.82
	114.14	289.90	118.54	295.60	7.21
	275.43	289.54	319.85	339.16	66.59
	313.02	290.99	316.03	294.98	5.00
	241.49	292.49	252.20	308.07	18.91
	575.87	292.09	584.10	302.96	13.63
	334.96	293.38	360.70	326.26	41.76
	564.81	294.12	576.31	308.13	18.13
	44.98	294.02	49.44	299.62	7.16
	343.98	294.01	372.87	327.17	43.98
	434.56	294.42	439.52	300.58	7.90
	195.98	294.52	208.61	312.25	21.77
	532.26	296.33	546.77	312.88	22.01
	401.37	297.63	415.67	315.94	23.24
	617.39	305.67	630.90	321.09	20.50
	553.68	306.93	558.00	313.00	7.45
	252.53	309.43	301.00	367.00	75.26
	135.00	313.00	141.38	321.32	10.49
	236.02	313.92	272.87	367.08	64.68
	8.29	315.13	12.11	320.91	6.93
	242.89	315.02	251.84	326.09	14.24
	405.36	314.64	409.99	320.44	7.42
	230.34	320.10	252.46	353.03	39.67
	606.30	318.14	618.95	332.03	18.78
	234.67	318.95	250.50	338.56	25.20
	299.15	319.01	302.38	323.64	5.64
	481.69	319.28	499.15	343.77	30.08
	585.16	319.84	602.52	342.94	28.89
	114.20	360.92	131.44	384.04	28.83
	468.94	333.09	477.00	344.00	13.57
	536.47	324.85	556.03	351.97	33.44
	484.39	328.73	492.28	338.72	12.74
	18.73	334.20	24.15	341.89	9.40
	201.91	334.10	225.33	363.59	37.66
	532.59	334.36	541.66	346.38	15.06
	141.93	344.07	153.28	359.11	18.85
	257.05	335.96	279.70	362.27	34.72
	272.00	337.00	303.08	372.94	47.51
	130.00	339.00	133.98	345.02	7.21
	231.17	340.85	237.21	349.83	10.82
	322.59	340.94	335.64	356.57	20.36
	436.51	341.01	472.07	388.93	59.67
	346.22	341.89	351.68	349.88	9.68
	620.44	364.01	607.64	346.02	22.07
	465.59	357.41	476.92	372.10	18.55
	8.02	345.98	11.21	350.74	5.73
	222.75	346.19	240.26	367.74	27.77
	619.67	347.28	632.20	364.90	21.62
	407.84	350.14	413.32	357.63	9.29
	529.71	350.21	533.99	356.01	7.20
	606.89	352.07	610.72	357.24	6.43
	472.15	352.89	475.01	356.99	5.00
	300.94	354.02	314.38	372.78	23.08
	119.47	365.03	127.24	373.84	11.75
	580.98	355.05	605.79	386.17	39.80
	442.93	356.04	447.00	361.00	6.42
	592.38	355.62	613.25	384.83	35.90
	212.59	357.36	223.93	371.06	17.79
	3.93	358.06	9.44	364.59	8.55
	36.29	358.91	40.68	363.93	6.67
	540.90	360.16	545.56	365.46	7.06
	3.98	364.01	10.06	371.97	10.01
	544.71	380.27	536.05	368.96	14.24
	182.97	365.04	203.66	393.06	34.83
	545.48	366.61	585.58	414.92	62.78
	295.46	368.68	305.96	381.07	16.24
	511.23	370.89	548.01	416.99	58.97
	401.87	374.08	407.00	380.00	7.84
	33.16	376.83	37.20	382.89	7.28
	626.53	377.53	634.31	388.71	13.61
	468.52	380.48	476.55	391.42	13.57
	613.70	381.30	626.55	398.49	21.47
	484.51	383.54	490.93	392.11	10.71
	575.18	383.91	592.70	408.88	30.50
	580.15	384.91	597.84	407.10	28.38
	91.79	388.29	100.41	399.58	14.21
	493.22	388.80	520.14	424.95	45.08
	499.02	389.99	527.10	423.88	44.02
	517.03	390.96	526.07	400.95	13.47
	214.82	393.11	218.21	398.18	6.10
	493.01	394.99	502.37	405.77	14.27
	13.88	396.08	21.52	405.49	12.12
	125.87	397.14	130.47	403.06	7.50
	542.00	397.00	556.33	414.07	22.29
	173.27	400.83	187.02	419.97	23.57
	29.09	405.93	37.47	417.58	14.34
	205.95	408.07	218.15	422.98	19.26
	12.25	409.74	20.25	420.83	13.67
	189.85	410.88	194.01	416.99	7.40
	223.98	415.02	241.02	434.94	26.22
	244.15	415.85	264.68	439.85	31.58
	593.85	421.74	617.07	454.95	40.52
	150.99	420.71	166.13	440.42	24.86
	621.42	438.67	634.53	454.62	20.65
	196.24	468.08	206.89	481.10	16.82
	546.09	491.95	561.81	510.19	24.08
	482.92	425.05	486.89	430.14	6.45
	545.09	452.94	569.83	487.18	42.24
	530.09	427.90	541.83	442.17	18.48
	29.02	506.36	25.54	501.33	6.12
	27.96	432.03	35.43	441.02	11.69
	196.40	432.00	204.09	441.91	12.54
	445.55	432.42	452.42	440.05	10.27
	45.05	433.39	54.29	445.76	15.44
	528.49	433.01	532.06	436.96	5.33
	156.74	435.20	163.96	443.55	11.03
	192.82	437.13	200.77	446.27	12.11
	233.99	437.01	253.12	462.92	32.20
	612.33	436.67	631.18	461.16	30.90
	448.55	438.93	455.71	448.32	11.81
	138.47	440.43	150.17	454.87	18.59
	97.89	441.09	103.15	447.89	8.60
	453.63	441.24	460.78	449.28	10.76
	60.84	442.08	64.43	447.44	6.46
	509.48	441.83	518.26	452.70	13.97
	179.18	442.80	189.23	455.89	16.50
	155.99	445.01	174.75	470.31	31.49
	220.04	449.93	227.00	458.01	10.65
	576.39	450.05	587.99	463.01	17.39
	62.70	451.21	76.24	469.11	22.45
	138.70	451.24	153.27	467.79	22.05
	26.03	453.96	36.45	466.44	16.26
	558.19	457.84	565.52	467.96	12.49
	121.83	460.18	128.77	469.07	11.27
	614.74	512.31	623.17	522.75	13.41
	239.05	462.97	246.32	472.89	12.29
	593.92	463.03	603.46	474.89	15.22
	613.96	463.03	618.03	468.97	7.20
	229.86	466.12	238.71	476.24	13.45
	64.26	467.73	69.83	475.15	9.29
	7.87	469.11	16.40	479.03	13.08
	84.09	471.34	93.90	483.62	15.71
	538.78	471.20	548.03	482.98	14.98
	187.17	471.97	212.32	504.84	41.39
	32.86	474.13	36.10	478.92	5.78
	64.81	474.17	68.35	478.63	5.70
	229.43	475.02	233.99	481.01	7.53
	195.82	478.20	204.02	488.99	13.54
	175.03	482.98	179.10	487.91	6.39
	603.20	482.94	614.05	496.34	17.24
	210.96	485.04	225.89	507.08	26.63
	489.52	485.58	504.43	505.05	24.52
	615.86	489.15	624.97	502.12	15.85
	580.08	488.97	593.42	507.63	22.94
	593.04	511.98	603.73	523.90	16.01
	145.63	491.30	171.31	525.13	42.47
	95.48	501.82	99.24	506.82	6.25
	132.45	497.45	140.01	506.99	12.18
	46.16	497.80	49.16	501.86	5.05
	614.91	498.06	619.08	502.95	6.43
	82.72	500.00	86.13	504.01	5.27
	4.66	501.33	16.55	516.50	19.27
	87.52	503.48	103.35	526.79	28.18
	51.91	504.11	58.15	512.84	10.73
	476.64	507.47	487.93	520.06	16.91
	497.98	508.01	503.27	514.77	8.58
	149.85	509.18	168.77	534.19	31.36
	220.52	509.37	223.96	514.04	5.80
	3.87	512.14	16.27	529.86	21.63
	195.34	512.66	210.81	533.02	25.57
	107.14	527.94	123.14	547.90	25.58
	46.02	514.99	57.33	528.74	17.80
	521.90	540.07	539.85	562.15	28.45
	549.93	565.08	557.69	576.24	13.59
	108.47	520.48	126.99	542.02	28.41
	153.62	520.41	159.30	527.70	9.24
	506.86	521.20	518.11	535.88	18.50
	112.07	590.99	116.57	596.95	7.47
	184.58	535.95	206.14	567.91	38.55
	208.06	537.41	213.37	543.73	8.26
	508.00	536.88	521.00	552.00	19.94
	174.94	540.06	178.36	544.03	5.24
	180.97	540.54	194.12	558.88	22.57
	621.22	544.16	625.49	550.44	7.60
	22.93	553.11	35.00	569.00	19.96
	136.97	553.02	140.54	558.38	6.43
	327.74	554.89	334.91	564.65	12.11
	143.00	562.00	156.97	579.03	22.03
	4.51	563.36	12.34	574.07	13.27
	619.31	581.76	634.07	601.93	24.99
	46.95	567.05	59.94	586.08	23.04
	125.01	567.65	129.46	574.29	7.99
	337.95	568.81	341.65	574.29	6.61
	3.94	570.05	9.24	577.16	8.87
	141.31	569.63	162.46	596.76	34.40
	116.93	571.05	120.24	575.70	5.71
	327.29	570.78	332.76	577.32	8.53
	624.63	576.26	628.69	581.23	6.41
	552.05	592.94	543.88	580.99	14.48
	356.02	580.45	363.42	589.04	11.34
	609.05	585.96	617.10	594.88	12.02
	327.59	581.05	336.91	593.10	15.23
	315.49	582.02	341.05	615.95	42.48
	146.10	582.94	161.20	601.85	24.20
	47.59	591.35	63.47	611.84	25.92
	3.91	593.09	10.54	603.29	12.16
	45.91	595.06	63.23	616.77	27.77
	22.96	597.01	33.22	610.74	17.14
	364.65	601.24	370.16	607.86	8.62
	3.39	598.41	12.26	611.05	15.44
	349.46	597.65	366.87	621.14	29.24
	560.10	598.91	591.71	634.40	47.53
	132.51	600.34	137.42	607.66	8.81
	591.07	601.56	609.91	623.99	29.29
	96.93	607.30	111.06	625.94	23.39
	29.41	615.43	36.36	624.61	11.51
	611.48	615.51	619.91	626.10	13.54
	46.99	618.01	58.70	634.26	20.03
	111.07	620.94	115.02	626.98	7.22
	327.93	624.05	335.30	633.92	12.32
	75.96	626.58	81.93	634.05	9.56
	300.04	626.89	306.56	634.43	9.97
	20.73	628.26	24.84	634.27	7.28
	614.61	628.28	618.96	634.03	7.22
	375.10	628.94	378.83	634.13	6.39
282
	32.40	4.09	55.17	34.77	38.21
	375.96	12.03	381.94	16.05	7.21
	10.60	14.83	16.97	24.02	11.18
	266.00	15.33	272.74	20.21	8.32
	232.47	21.03	236.97	25.55	6.38
	378.34	22.67	387.90	29.11	11.52
	371.88	24.12	377.35	28.06	6.74
	345.41	25.64	352.10	30.72	8.40
	295.30	26.70	302.96	32.11	9.37
	20.20	27.80	23.84	32.80	6.18
	278.72	28.34	282.98	31.51	5.30
	42.14	29.81	44.89	34.04	5.05
	9.73	36.26	18.46	50.02	16.30
	454.59	40.59	462.48	45.54	9.31
	61.81	54.19	69.92	67.04	15.19
	33.26	53.11	36.46	58.69	6.42
	206.08	52.98	211.03	57.95	7.01
	358.55	53.43	363.26	56.91	5.86
	543.40	53.48	548.00	56.02	5.25
	386.05	53.95	397.01	62.26	13.75
	55.29	54.86	61.16	64.10	10.95
	522.31	66.78	529.55	70.95	8.36
	52.14	72.76	49.12	67.54	6.03
	313.85	65.13	319.10	69.86	7.07
	154.93	66.44	163.94	75.52	12.78
	354.94	67.04	362.03	73.46	9.56
	218.11	68.01	225.92	76.15	11.28
	381.00	72.00	385.91	76.09	6.38
	401.85	72.05	410.65	79.30	11.40
	548.39	95.67	560.10	103.24	13.94
	564.02	77.91	572.30	83.10	9.77
	78.46	77.59	85.84	88.14	12.88
	487.87	80.14	497.02	86.99	11.43
	331.00	85.01	336.44	89.49	7.05
	75.37	86.77	87.18	105.82	22.42
	253.98	91.56	263.94	102.06	14.47
	290.14	93.90	294.58	98.33	6.27
	180.64	94.76	186.85	101.20	8.95
	435.05	95.95	441.02	100.97	7.80
	91.55	97.55	108.51	122.99	30.58
	191.80	159.24	200.51	170.46	14.20
	60.61	120.75	65.46	127.93	8.66
	552.13	103.91	558.08	107.34	6.87
	548.12	105.87	552.34	108.76	5.11
	81.00	108.28	95.03	126.98	23.38
	88.21	108.80	134.68	183.92	88.33
	149.62	207.62	163.79	232.12	28.31
	548.36	110.21	559.70	118.18	13.86
	81.36	134.08	101.71	172.12	43.13
	250.74	114.17	254.21	117.81	5.03
	108.50	117.48	113.63	124.15	8.41
	67.93	118.02	75.17	129.93	13.94
	487.37	120.11	492.01	122.99	5.46
	587.58	120.61	593.69	124.24	7.11
	156.53	120.50	162.07	126.90	8.46
	92.23	143.79	102.22	160.90	19.81
	107.61	126.65	169.83	216.16	109.01
	135.20	135.96	154.80	160.18	31.16
	93.18	137.83	104.49	158.01	23.14
	254.50	138.57	261.91	146.09	10.56
	320.92	147.10	313.71	140.24	9.96
	275.26	145.76	280.16	150.86	7.07
	211.73	148.86	216.60	153.99	7.08
	342.04	151.97	349.08	157.92	9.22
	111.92	156.14	133.02	188.96	39.02
	134.96	160.02	200.73	248.01	109.85
	129.97	162.02	160.79	211.16	58.01
	327.99	219.74	346.77	241.12	28.45
	309.71	165.86	313.69	170.23	5.91
	296.34	169.46	312.64	186.32	23.45
	455.51	168.51	460.30	172.14	6.02
	231.48	171.49	240.03	182.00	13.55
	299.45	174.74	306.13	181.86	9.76
	172.77	177.31	196.78	211.16	41.50
	336.51	177.63	342.42	183.65	8.44
	88.80	179.14	107.00	213.00	38.45
	212.63	204.36	236.02	231.98	36.20
	620.01	179.99	626.04	183.95	7.22
	136.96	181.02	148.08	197.96	20.26
	345.03	181.97	350.78	188.18	8.46
	103.27	183.86	110.44	197.67	15.56
	160.94	188.03	195.70	234.86	58.32
	32.89	225.01	37.10	233.92	9.86
	103.41	189.94	107.04	196.28	7.30
	250.08	190.86	255.60	197.47	8.61
	165.50	192.37	170.23	198.20	7.50
	394.02	194.96	398.94	200.15	7.15
	421.98	195.01	428.13	200.91	8.51
	134.66	195.92	177.65	270.91	86.45
	106.67	197.95	119.65	220.47	25.99
	558.37	199.06	564.02	203.23	7.02
	19.27	208.96	22.59	215.64	7.46
	133.33	202.27	149.28	227.67	29.99
	202.16	205.92	217.06	225.94	24.95
	483.33	205.65	489.97	211.56	8.89
	240.06	206.96	243.33	211.11	5.29
	428.32	207.63	432.72	211.25	5.70
	505.08	209.90	519.34	222.76	19.20
	129.29	225.12	145.16	250.88	30.26
	589.43	210.66	593.87	214.10	5.62
	154.72	212.22	184.17	260.80	56.81
	271.67	212.45	283.74	228.14	19.79
	289.03	212.99	292.93	217.59	6.03
	186.54	215.40	193.58	224.35	11.39
	212.74	215.38	230.16	239.89	30.08
	317.31	218.13	323.89	226.05	10.29
	346.04	217.98	354.00	227.00	12.03
	148.00	221.00	154.10	231.33	11.99
	598.43	221.42	604.01	225.81	7.10
	425.13	223.85	440.76	240.32	22.71
	125.86	226.05	154.08	279.72	60.64
	152.69	234.11	171.43	262.79	34.26
	241.26	255.67	234.02	246.98	11.31
	241.89	235.16	247.03	240.98	7.77
	521.14	238.07	529.07	244.93	10.49
	322.76	236.88	362.24	284.80	62.09
	126.91	274.12	111.89	243.07	34.49
	509.95	239.19	514.66	243.26	6.22
	130.67	240.22	133.41	244.64	5.20
	85.28	240.94	98.38	267.62	29.72
	252.17	242.81	258.49	250.64	10.05
	183.33	245.80	192.93	258.52	15.94
	279.53	246.44	283.49	251.37	6.32
	210.34	249.73	218.33	259.71	12.78
	460.56	249.91	466.18	255.61	8.01
	85.48	251.03	90.23	258.90	9.19
	152.52	250.72	172.24	284.91	39.47
	348.09	254.93	359.78	267.16	16.92
	113.86	256.12	117.12	261.89	6.63
	291.71	256.28	307.74	274.84	24.52
	188.28	266.77	205.23	288.93	27.90
	220.58	267.00	229.03	278.08	13.93
	235.50	258.49	246.72	274.24	19.34
	447.57	257.57	454.49	264.48	9.78
	148.13	258.94	152.23	266.83	8.89
	197.20	258.89	209.13	275.93	20.80
	453.71	259.33	460.89	266.02	9.82
	520.14	282.26	531.72	291.35	14.72
	416.96	262.02	429.24	275.88	18.52
	98.46	263.12	102.48	271.62	9.41
	311.85	281.15	324.69	297.31	20.64
	596.96	266.20	606.39	273.75	12.08
	158.11	267.73	168.13	284.94	19.91
	255.80	288.19	308.77	354.20	84.64
	539.06	270.97	543.05	274.71	5.47
	296.24	274.14	312.64	294.63	26.24
	13.90	275.10	16.04	279.97	5.32
	364.09	276.95	387.80	300.25	33.25
	182.77	280.08	207.25	317.98	45.12
	229.90	280.14	251.07	309.90	36.52
	144.98	281.03	147.74	285.28	5.07
	551.81	281.04	558.85	287.20	9.35
	200.56	286.94	213.19	304.18	21.38
	332.66	286.89	335.87	291.15	5.33
	367.24	288.17	397.99	325.02	47.99
	590.44	305.07	602.11	315.93	15.95
	101.09	288.91	110.77	309.25	22.52
	435.63	288.73	454.68	310.35	28.82
	313.02	290.99	316.03	294.98	5.00
	241.49	292.49	252.20	308.07	18.91
	334.96	293.38	360.70	326.26	41.76
	343.98	294.01	372.87	327.17	43.98
	175.59	295.21	186.04	312.98	20.61
	195.98	294.52	208.61	312.25	21.77
	630.05	294.81	634.28	297.76	5.16
	602.98	299.03	608.48	303.01	6.80
	171.92	301.99	187.86	329.12	31.47
	184.00	302.00	187.15	306.88	5.81
	495.97	308.01	503.40	316.07	10.96
	342.18	308.91	349.29	316.69	10.53
	197.78	310.14	202.97	319.00	10.27
	236.02	313.92	272.87	367.08	64.68
	81.62	315.25	84.25	320.86	6.20
	405.36	314.64	409.99	320.44	7.42
	230.34	320.10	252.46	353.03	39.67
	221.89	318.15	257.43	375.04	67.08
	619.19	332.85	626.04	338.97	9.18
	299.15	319.01	302.38	323.64	5.64
	205.69	320.12	240.55	381.97	71.00
	580.96	323.03	585.78	327.81	6.78
	175.98	325.04	181.07	332.95	9.41
	511.34	326.05	515.77	330.16	6.04
	58.36	328.49	63.07	337.94	10.56
	393.04	329.87	410.54	347.37	24.75
	180.84	335.30	187.45	346.02	12.60
	166.44	338.30	169.95	344.47	7.10
	238.32	337.67	245.58	350.23	14.51
	180.15	340.15	184.39	348.00	8.92
	361.84	340.07	371.18	349.94	13.59
	480.98	340.03	498.29	355.82	23.43
	100.82	341.08	113.07	364.95	26.83
	231.17	340.85	237.21	349.83	10.82
	322.59	340.94	335.64	356.57	20.36
	501.88	348.06	513.67	359.20	16.22
	622.03	343.45	634.41	354.69	16.73
	474.04	391.95	479.76	398.22	8.48
	542.17	347.86	546.81	352.25	6.38
	576.95	379.56	552.28	358.95	32.15
	246.85	353.17	253.79	364.06	12.91
	300.94	354.02	314.38	372.78	23.08
	442.93	356.04	447.00	361.00	6.42
	417.93	364.06	423.92	370.15	8.54
	401.87	374.08	407.00	380.00	7.84
	527.13	377.00	560.66	412.42	48.77
	540.11	383.93	545.03	388.21	6.52
	438.91	386.09	449.06	396.94	14.86
	499.02	389.99	527.10	423.88	44.02
	517.03	390.96	526.07	400.95	13.47
	3.93	393.05	6.42	401.63	8.94
	214.82	393.11	218.21	398.18	6.10
	493.01	394.99	502.37	405.77	14.27
	610.00	396.00	617.03	401.92	9.19
	568.17	399.79	580.09	412.02	17.08
	211.22	406.20	238.16	451.92	53.06
	4.15	430.97	6.30	437.98	7.33
	624.45	406.50	629.70	410.90	6.85
	210.97	428.04	199.05	408.97	22.49
	140.93	409.11	144.53	417.74	9.35
	621.09	407.93	624.94	412.04	5.63
	520.62	411.25	531.09	421.84	14.89
	180.29	415.98	186.53	429.00	14.45
	261.10	416.93	278.06	445.98	33.63
	223.77	420.21	231.79	434.04	15.99
	234.22	420.86	240.52	431.38	12.26
	218.05	424.90	221.49	431.98	7.87
	546.09	491.95	561.81	510.19	24.08
	482.92	425.05	486.89	430.14	6.45
	555.10	424.90	570.43	441.72	22.77
	521.64	426.34	526.29	430.75	6.41
	530.09	427.90	541.83	442.17	18.48
	601.91	431.12	612.23	442.11	15.07
	445.55	432.42	452.42	440.05	10.27
	528.49	433.01	532.06	436.96	5.33
	106.65	437.25	110.63	446.21	9.81
	155.29	466.02	165.09	490.94	26.77
	491.48	438.03	540.02	489.88	71.03
	448.55	438.93	455.71	448.32	11.81
	453.63	441.24	460.78	449.28	10.76
	509.48	441.83	518.26	452.70	13.97
	594.12	446.55	605.94	459.05	17.20
	231.33	447.97	235.20	454.92	7.96
	576.39	450.05	587.99	463.01	17.39
	462.77	451.36	505.03	496.98	62.18
	587.19	456.77	591.49	460.68	5.82
	538.78	471.20	548.03	482.98	14.98
	625.40	481.08	634.14	488.85	11.70
	187.03	476.99	191.03	483.98	8.05
	191.65	485.97	208.39	514.05	32.69
	489.52	485.58	504.43	505.05	24.52
	593.04	511.98	603.73	523.90	16.01
	215.52	512.75	213.19	507.92	5.36
	540.77	490.14	553.19	503.78	18.45
	614.91	498.06	619.08	502.95	6.43
	611.96	502.04	620.39	510.71	12.10
	476.64	507.47	487.93	520.06	16.91
	497.98	508.01	503.27	514.77	8.58
	621.01	516.07	629.90	524.35	12.15
	521.90	540.07	539.85	562.15	28.45
	129.21	542.95	135.16	558.95	17.07
	506.86	521.20	518.11	535.88	18.50
	172.68	525.89	178.55	541.03	16.24
	604.15	525.52	621.02	542.44	23.90
	199.54	539.01	209.15	561.93	24.86
	213.04	534.02	215.86	540.11	6.71
	508.00	536.88	521.00	552.00	19.94
	599.14	547.86	614.57	564.47	22.67
	615.57	553.16	622.01	559.99	9.39
	36.73	562.15	37.87	567.06	5.04
	615.02	565.99	619.76	571.14	7.00
	42.68	567.08	46.07	578.99	12.38
	337.95	568.81	341.65	574.29	6.61
	33.75	573.82	35.57	578.89	5.38
	624.63	576.26	628.69	581.23	6.41
	68.03	592.93	64.88	581.98	11.40
	609.05	585.96	617.10	594.88	12.02
	334.97	596.03	350.16	625.89	33.50
	560.10	598.91	591.71	634.40	47.53
	591.07	601.56	609.91	623.99	29.29
	70.20	608.86	72.58	616.32	7.84
	611.48	615.51	619.91	626.10	13.54
	614.61	628.28	618.96	634.03	7.22
	387.95	629.03	390.91	634.04	5.82
