vx	vy	vz	score	numLines
-0.05060433	0.99871873	-0.00031864	5174.33	748
0.96302354	-0.26941714	-0.00027276	4645.25	88
-0.72300061	0.69084695	0.00078490	2775.41	162

nLines	x1	y1	x2	y2	length
748
	267.82	3.97	267.81	10.11	6.14
	273.60	9.05	274.02	15.98	6.95
	304.33	13.97	304.93	21.00	7.06
	299.29	14.94	299.62	21.95	7.01
	293.66	17.04	293.89	22.98	5.95
	219.42	18.12	219.79	32.00	13.89
	288.44	17.98	288.75	26.02	8.04
	283.42	18.95	284.04	26.00	7.08
	319.99	25.00	319.72	19.92	5.09
	278.90	21.02	278.91	26.99	5.97
	272.93	22.02	273.45	28.09	6.09
	310.39	24.01	310.94	33.01	9.02
	262.63	25.04	263.12	30.26	5.24
	258.07	25.99	258.33	33.95	7.97
	305.25	25.95	305.09	33.00	7.05
	252.97	28.01	253.06	34.99	6.99
	247.75	29.04	248.02	36.00	6.96
	289.04	30.00	289.34	38.00	8.01
	293.95	30.00	294.18	35.96	5.97
	283.61	32.02	283.79	38.02	6.00
	233.00	33.00	233.31	38.97	5.98
	278.89	33.01	279.31	39.99	6.98
	273.76	34.03	273.92	41.00	6.97
	268.70	36.02	268.80	43.02	7.00
	311.62	36.42	311.55	45.02	8.60
	218.94	37.01	219.47	44.00	7.01
	263.86	37.01	263.95	43.00	5.99
	214.11	37.99	214.17	44.99	7.00
	258.92	38.00	258.65	46.07	8.08
	304.61	38.02	304.79	45.99	7.97
	294.85	41.03	295.24	47.01	5.98
	199.07	41.99	198.94	49.99	8.00
	194.45	42.99	194.67	50.04	7.06
	189.37	45.03	189.73	50.89	5.87
	184.99	46.00	185.19	52.03	6.03
	228.75	46.02	228.85	54.02	7.99
	179.66	47.04	180.06	53.00	5.97
	223.53	47.05	224.02	53.00	5.97
	311.37	46.87	312.41	58.08	11.26
	268.95	48.00	269.03	54.00	6.00
	331.52	47.85	331.87	54.00	6.16
	371.79	47.98	379.45	174.97	127.22
	170.75	49.00	170.52	55.96	6.96
	218.76	49.02	218.93	56.00	6.99
	259.01	49.00	259.00	58.00	9.00
	355.34	49.10	363.40	182.99	134.14
	214.10	49.99	213.80	57.04	7.06
	263.96	49.99	264.15	55.99	6.00
	13.30	197.97	18.07	86.01	112.06
	209.02	52.00	209.06	58.00	6.00
	253.54	51.99	253.86	58.01	6.03
	248.94	53.01	249.00	59.00	5.99
	294.57	53.03	295.26	60.00	7.01
	316.30	52.98	316.23	58.01	5.03
	397.94	62.07	398.29	69.00	6.94
	203.98	54.00	204.18	59.00	5.01
	289.92	54.01	289.98	62.00	8.00
	194.50	55.07	194.80	60.99	5.93
	189.87	56.01	190.31	63.00	7.00
	238.46	55.92	238.79	62.04	6.13
	284.83	56.02	284.94	61.99	5.98
	141.65	56.98	141.66	63.00	6.02
	185.08	56.99	184.97	64.00	7.01
	229.11	57.00	229.03	66.00	9.00
	234.08	56.99	234.20	63.96	6.97
	280.08	56.98	280.08	63.01	6.03
	274.46	58.02	274.68	63.99	5.97
	260.16	81.01	260.13	73.04	7.97
	123.36	60.91	123.13	67.99	7.08
	170.25	61.03	170.29	69.11	8.08
	86.03	91.02	85.66	100.03	9.01
	219.03	61.00	219.25	67.01	6.02
	263.62	61.02	264.22	66.98	5.99
	166.20	61.96	166.06	68.01	6.04
	259.02	62.00	258.95	69.99	8.00
	114.19	62.95	113.88	71.02	8.07
	213.99	63.00	214.13	68.01	5.01
	305.80	63.02	305.86	70.01	7.00
	160.50	64.01	160.50	69.97	5.95
	253.78	64.01	254.35	70.03	6.05
	301.05	63.99	301.21	70.01	6.02
	156.04	64.99	156.30	71.03	6.04
	204.02	65.00	204.22	70.98	5.98
	249.10	64.99	249.14	71.98	6.99
	244.00	66.00	243.93	73.02	7.02
	290.12	65.99	290.88	74.02	8.07
	146.87	67.02	146.87	72.97	5.95
	141.92	68.01	141.97	75.00	6.99
	189.69	68.03	190.20	74.97	6.96
	170.78	92.07	171.11	83.04	9.03
	238.92	68.01	238.89	74.01	6.00
	285.30	67.92	285.30	74.03	6.11
	184.65	69.04	184.86	76.01	6.98
	233.94	69.00	234.25	75.02	6.03
	279.98	69.00	280.31	75.03	6.04
	86.16	69.97	85.92	77.00	7.04
	180.28	69.96	180.15	76.99	7.02
	228.70	70.01	228.99	77.00	6.99
	132.39	70.95	132.03	76.99	6.06
	137.00	71.00	136.97	76.01	5.01
	274.72	70.98	274.87	75.98	5.00
	174.95	72.00	174.99	78.00	6.00
	223.78	71.98	223.89	78.01	6.04
	229.87	89.00	229.61	79.70	9.31
	270.04	72.00	270.17	78.01	6.02
	218.74	72.98	219.20	78.97	6.01
	264.74	73.04	264.76	79.00	5.96
	72.46	73.96	72.08	79.99	6.04
	165.90	74.02	165.77	80.00	5.99
	214.13	73.99	214.45	79.97	5.99
	113.99	75.00	113.99	82.00	7.00
	117.81	74.96	117.98	81.00	6.04
	160.51	75.07	160.83	80.98	5.92
	209.60	75.14	209.80	80.98	5.85
	156.08	75.99	156.16	82.99	7.00
	58.92	77.00	58.73	84.07	7.07
	62.85	76.98	62.92	82.01	5.03
	199.71	77.01	200.13	84.01	7.02
	295.59	77.05	296.08	83.99	6.96
	290.88	78.01	291.15	85.98	7.98
	50.34	78.96	49.88	84.99	6.05
	53.95	78.99	53.82	84.00	5.01
	141.94	79.00	141.88	87.02	8.02
	146.92	78.99	146.90	83.99	5.00
	86.01	81.00	85.78	89.02	8.02
	136.88	81.01	137.10	87.01	6.01
	180.15	81.99	180.31	88.94	6.95
	346.56	81.93	346.81	87.02	5.10
	123.05	83.99	123.18	90.99	6.99
	127.64	83.97	127.86	88.98	5.02
	76.65	84.95	76.87	90.00	5.05
	165.97	85.01	166.10	90.11	5.10
	264.94	85.00	265.18	91.97	6.97
	269.68	84.96	269.99	91.00	6.05
	114.13	85.99	114.05	93.00	7.01
	260.00	86.00	260.00	94.00	8.00
	306.87	87.02	306.96	94.01	6.99
	63.10	88.01	62.81	93.01	5.01
	109.14	87.99	109.20	94.01	6.02
	160.95	87.99	161.30	93.01	5.04
	204.59	88.01	205.05	94.00	6.01
	254.68	88.01	254.84	94.01	6.00
	104.42	89.10	103.92	95.02	5.94
	199.90	89.01	199.84	97.02	8.01
	301.66	89.03	301.97	95.00	5.98
	194.95	90.01	195.01	96.00	5.99
	245.08	89.99	244.92	97.01	7.02
	291.44	89.94	291.92	111.01	21.08
	58.58	97.64	58.49	107.05	9.40
	141.96	91.00	141.87	110.01	19.01
	190.28	90.96	190.21	97.97	7.01
	94.98	92.00	95.02	97.00	5.00
	170.69	103.00	170.96	94.99	8.01
	136.83	92.99	136.84	100.00	7.01
	184.89	93.00	185.15	99.00	6.01
	31.85	93.97	30.98	102.00	8.08
	35.70	94.01	35.55	99.88	5.87
	81.66	93.94	81.07	100.99	7.08
	275.86	94.00	276.13	101.01	7.02
	224.87	95.02	225.11	102.00	6.98
	122.75	95.99	123.04	102.00	6.01
	220.07	95.99	220.40	103.04	7.06
	313.30	95.93	315.98	120.46	24.68
	114.13	97.03	113.59	104.98	7.97
	166.10	96.98	166.03	103.00	6.02
	215.01	97.00	215.47	104.04	7.06
	260.35	96.95	260.49	106.00	9.05
	270.46	97.02	270.39	102.91	5.89
	22.16	98.01	22.25	103.02	5.00
	67.35	98.04	67.00	104.00	5.97
	160.70	98.06	160.91	103.98	5.93
	209.67	98.05	210.07	105.00	6.97
	109.10	98.98	109.24	105.95	6.97
	199.88	100.02	199.63	108.98	8.97
	254.89	99.99	255.01	107.00	7.01
	53.79	101.01	53.24	106.95	5.97
	151.20	101.06	151.35	106.94	5.89
	249.78	100.99	250.08	107.01	6.02
	146.89	102.01	146.79	107.98	5.98
	194.66	102.02	194.94	109.01	6.99
	317.97	102.00	318.33	108.07	6.08
	190.07	102.99	189.99	110.00	7.01
	239.27	103.06	239.80	108.97	5.93
	43.96	103.99	43.69	109.07	5.08
	86.11	104.01	85.39	112.05	8.07
	31.24	105.02	30.74	113.05	8.05
	132.63	105.00	132.15	111.98	6.99
	234.43	104.91	234.88	111.00	6.10
	280.58	105.09	280.79	112.97	7.88
	80.84	106.00	81.06	111.98	5.99
	224.67	106.07	225.37	113.99	7.95
	26.98	107.00	26.63	114.01	7.01
	123.05	106.99	123.14	113.02	6.02
	127.52	106.97	127.21	112.95	5.99
	170.81	107.00	170.73	115.02	8.02
	219.83	108.02	220.29	115.01	7.01
	270.58	108.05	271.00	115.00	6.97
	275.70	107.91	275.94	114.01	6.11
	260.99	130.00	260.33	120.75	9.28
	117.90	109.00	118.12	114.99	5.99
	165.89	109.01	165.91	116.01	7.00
	58.03	110.00	57.89	118.01	8.01
	214.89	109.99	215.09	115.02	5.04
	260.84	110.01	260.75	118.02	8.00
	265.41	109.95	265.82	116.00	6.07
	204.67	111.05	205.14	118.98	7.94
	210.19	110.99	210.15	117.00	6.01
	85.30	122.98	85.56	114.86	8.13
	103.85	112.00	104.13	118.00	6.01
	156.22	112.02	156.34	117.04	5.02
	200.00	112.00	199.97	120.00	8.00
	307.93	112.01	307.93	119.01	7.00
	52.84	112.98	52.98	118.00	5.02
	254.82	112.96	255.26	118.91	5.97
	302.60	113.02	302.84	119.00	5.98
	94.98	114.00	94.49	120.98	7.00
	142.06	114.00	141.90	122.01	8.02
	146.99	114.00	146.87	120.00	6.00
	150.96	113.99	151.27	118.99	5.01
	194.79	113.99	195.24	120.99	7.01
	244.73	114.00	244.88	121.04	7.04
	249.86	113.99	250.37	119.95	5.98
	39.84	115.00	39.66	120.95	5.95
	44.05	115.00	44.21	120.98	5.98
	89.73	115.01	90.02	121.00	6.00
	56.00	180.00	56.11	187.98	7.98
	35.01	116.00	34.75	123.04	7.04
	189.92	115.98	190.05	121.99	6.01
	239.77	116.00	240.27	121.96	5.98
	30.45	116.96	29.71	124.96	8.04
	184.95	117.00	185.09	122.99	5.99
	230.09	116.99	230.14	124.99	8.00
	80.57	118.00	80.51	123.90	5.89
	128.02	118.00	127.76	123.97	5.98
	131.93	118.00	131.77	124.04	6.04
	175.60	118.04	175.66	124.04	6.00
	281.79	118.03	281.84	123.98	5.96
	25.90	118.98	25.72	123.99	5.01
	122.97	119.00	123.11	125.99	6.99
	170.95	119.00	170.98	127.00	8.00
	224.61	118.99	224.95	126.01	7.02
	219.92	120.00	219.81	127.00	7.00
	117.96	121.00	118.04	126.01	5.01
	165.88	121.01	166.10	127.01	6.00
	214.48	121.05	214.58	128.05	7.01
	266.10	120.98	266.20	128.01	7.03
	270.81	120.99	271.34	126.99	6.02
	334.79	121.01	335.80	131.14	10.18
	57.88	122.01	57.20	128.99	7.02
	108.57	122.01	108.12	128.98	6.98
	160.92	122.00	160.95	128.00	6.00
	61.88	122.96	62.02	128.00	5.03
	200.12	123.98	199.95	132.00	8.03
	205.08	124.01	204.88	130.02	6.01
	255.56	124.04	255.66	129.99	5.94
	308.40	124.10	308.76	131.01	6.92
	98.68	124.97	98.83	131.03	6.06
	251.00	125.00	250.99	131.00	6.00
	302.84	125.03	303.16	132.00	6.98
	43.70	125.99	43.85	130.99	5.00
	141.79	126.02	141.85	146.03	20.01
	146.26	125.94	146.07	131.98	6.05
	194.79	126.00	195.16	132.00	6.00
	85.12	126.96	84.80	135.01	8.06
	89.69	126.99	89.87	131.99	5.00
	245.43	127.03	245.95	133.00	5.99
	292.74	126.99	292.91	136.01	9.02
	297.54	127.04	297.98	134.00	6.98
	30.18	127.98	29.84	136.03	8.06
	34.41	127.99	34.26	133.95	5.97
	189.93	127.99	190.00	134.00	6.01
	240.65	128.03	241.01	134.00	5.99
	323.07	128.00	323.58	133.94	5.96
	80.53	129.03	80.37	134.97	5.94
	184.95	129.00	185.28	134.96	5.97
	75.68	130.02	75.55	137.04	7.02
	230.10	130.00	230.49	136.95	6.96
	170.88	131.00	171.11	138.98	7.98
	277.02	131.00	277.32	138.04	7.05
	66.79	132.00	66.47	138.94	6.95
	118.00	132.00	118.24	138.03	6.04
	224.88	131.98	224.97	138.00	6.02
	165.58	133.01	165.92	139.00	6.00
	219.83	132.99	219.94	139.02	6.04
	57.31	134.00	56.74	141.94	7.96
	214.85	133.99	215.35	139.98	6.01
	52.51	135.02	52.71	141.03	6.01
	108.03	135.01	107.84	141.04	6.03
	155.87	135.01	156.14	141.00	6.00
	209.92	134.99	210.32	140.97	5.99
	47.88	136.00	47.91	142.00	6.00
	151.31	136.04	150.87	143.03	7.01
	44.05	137.00	43.36	143.96	7.00
	99.02	137.00	99.08	142.01	5.00
	147.23	136.96	147.29	143.91	6.95
	200.13	137.00	200.30	144.03	7.03
	250.37	137.06	250.89	143.99	6.95
	255.96	137.00	256.04	144.00	7.00
	308.47	136.96	309.24	143.99	7.07
	93.89	137.99	94.08	144.00	6.01
	30.07	139.00	29.30	146.98	8.01
	85.14	138.99	84.97	147.01	8.02
	194.95	139.00	194.64	145.14	6.15
	245.82	139.00	245.94	146.01	7.01
	293.07	139.00	293.24	147.99	8.99
	240.68	140.00	240.95	147.01	7.01
	131.77	140.99	132.13	147.00	6.02
	181.29	140.96	181.01	148.00	7.05
	231.00	141.00	230.97	150.00	9.00
	236.03	141.00	236.30	148.02	7.02
	323.99	141.00	323.95	146.00	5.00
	75.30	142.05	75.01	148.00	5.96
	79.77	141.93	79.98	147.00	5.08
	127.04	142.01	127.11	147.98	5.97
	122.53	143.03	122.53	149.01	5.99
	170.78	143.02	170.96	150.00	6.98
	352.71	143.00	352.95	148.00	5.01
	61.29	144.13	61.28	150.96	6.83
	66.01	144.00	66.00	150.00	6.00
	113.09	143.99	112.95	152.01	8.02
	57.01	145.00	56.76	153.05	8.06
	165.53	144.99	165.96	151.00	6.02
	216.01	145.00	216.04	152.01	7.01
	220.44	145.00	220.88	150.99	6.01
	294.15	150.26	294.25	160.00	9.73
	261.82	145.90	262.70	154.86	9.01
	266.89	146.01	267.29	153.98	7.98
	271.56	145.92	271.99	152.00	6.09
	336.50	145.93	337.40	154.06	8.17
	103.83	147.03	103.69	152.94	5.92
	113.14	154.12	112.78	164.03	9.91
	155.97	147.00	155.93	153.00	6.00
	206.04	147.01	205.80	153.98	6.98
	48.04	148.00	48.00	153.00	5.00
	98.87	147.99	98.84	153.99	6.00
	200.91	148.00	200.90	169.02	21.02
	210.31	148.05	210.23	154.04	5.99
	256.49	148.01	257.01	155.00	7.02
	42.76	148.97	42.90	153.99	5.02
	93.92	149.00	93.42	156.03	7.05
	150.97	149.00	151.04	154.99	6.00
	38.61	150.01	38.17	155.99	6.00
	90.07	149.99	90.11	155.98	5.99
	195.73	150.05	195.73	156.00	5.95
	251.13	150.00	251.69	155.96	5.98
	245.73	150.99	246.13	157.97	6.99
	304.11	151.01	304.76	156.98	6.01
	29.05	152.00	28.98	159.00	7.00
	132.01	152.00	132.06	159.00	7.00
	186.03	151.99	186.05	159.01	7.01
	230.91	151.94	231.47	161.95	10.03
	241.01	152.00	240.68	160.02	8.02
	298.84	152.03	299.09	159.00	6.97
	181.23	152.97	180.93	159.99	7.03
	236.14	152.99	236.08	160.00	7.01
	70.66	153.99	70.30	159.99	6.01
	126.70	153.95	126.36	159.88	5.94
	287.91	154.00	288.37	160.96	6.98
	117.37	155.08	117.69	161.00	5.94
	171.23	154.99	171.27	162.96	7.97
	175.64	154.98	176.04	161.00	6.04
	226.00	155.00	225.87	161.99	6.99
	282.86	155.01	282.97	162.00	6.99
	65.88	155.97	66.09	162.00	6.03
	221.24	155.96	221.42	164.00	8.04
	278.02	156.00	278.12	163.00	7.01
	328.77	156.00	329.45	162.02	6.06
	215.44	157.03	215.93	163.99	6.98
	273.37	156.91	273.32	164.07	7.16
	357.69	157.00	358.15	161.98	5.00
	111.80	212.02	112.33	203.00	9.03
	336.60	157.93	337.59	168.38	10.49
	102.74	158.99	103.00	165.00	6.02
	155.81	158.99	156.08	165.99	7.01
	11.78	239.98	14.95	198.60	41.51
	210.92	159.01	211.37	166.02	7.02
	261.95	159.01	262.14	167.99	8.99
	266.80	158.99	267.16	165.96	6.98
	47.12	160.01	47.24	165.98	5.97
	151.30	160.08	150.99	167.00	6.92
	205.65	160.02	206.07	167.00	6.99
	42.53	160.97	42.38	166.03	5.06
	93.97	161.00	93.76	166.96	5.96
	89.07	162.00	89.10	168.00	6.00
	141.28	162.03	141.68	168.99	6.97
	195.95	162.01	195.86	168.99	6.98
	252.04	161.99	252.50	169.93	7.95
	309.43	161.96	309.81	167.88	5.93
	33.00	163.00	32.68	168.01	5.02
	84.07	163.00	83.99	170.00	7.00
	136.85	163.02	137.20	170.01	7.00
	191.06	163.00	190.95	169.00	6.00
	247.16	162.97	247.09	170.02	7.05
	304.64	163.01	305.18	170.97	7.97
	74.87	165.01	74.94	171.00	5.99
	131.84	164.96	131.98	170.00	5.04
	240.98	165.00	240.86	172.02	7.02
	293.91	165.01	294.09	174.00	8.99
	231.05	165.99	231.11	174.00	8.00
	235.84	165.98	236.32	172.99	7.03
	65.79	167.00	65.26	173.00	6.03
	69.45	166.89	69.41	172.01	5.12
	117.45	167.06	117.42	173.94	6.87
	121.85	166.99	122.04	173.00	6.02
	171.13	167.00	170.97	175.00	8.00
	175.75	167.00	175.90	172.98	5.98
	112.75	168.02	112.31	174.99	6.98
	225.73	167.96	226.25	175.00	7.06
	55.92	169.00	55.92	176.00	7.00
	220.71	168.99	221.07	176.00	7.02
	107.68	169.98	107.89	175.00	5.02
	161.07	170.00	161.02	176.00	6.01
	165.64	169.95	165.88	174.99	5.05
	216.05	170.00	216.10	177.00	7.01
	272.92	170.01	273.02	177.00	6.99
	46.80	171.01	47.01	177.00	6.00
	150.80	172.00	150.97	179.00	7.00
	205.95	172.01	205.96	179.00	7.00
	261.94	172.00	262.61	180.05	8.08
	41.91	172.98	41.88	178.00	5.01
	93.85	173.01	93.61	178.95	5.94
	256.61	173.01	256.98	181.00	8.01
	317.01	173.00	317.71	182.97	9.99
	33.07	174.00	32.78	179.98	5.98
	84.06	173.99	83.84	182.02	8.03
	141.57	174.01	141.44	180.92	6.90
	145.89	173.98	146.12	179.99	6.01
	136.74	175.04	136.34	181.95	6.91
	310.52	175.01	311.00	182.00	7.00
	23.72	176.01	23.20	182.00	6.02
	78.85	175.98	78.65	182.02	6.05
	190.82	176.00	190.97	182.00	6.00
	246.81	176.01	246.88	183.01	7.00
	304.82	175.99	305.59	182.95	7.01
	74.51	176.96	74.29	184.22	7.26
	131.87	177.00	131.48	183.09	6.10
	241.49	177.06	241.38	185.12	8.05
	294.39	176.92	294.70	187.01	10.10
	299.86	177.03	300.53	184.07	7.07
	346.56	177.01	346.90	182.00	5.00
	121.92	178.99	122.01	185.00	6.01
	175.86	179.01	176.30	186.00	7.01
	60.30	180.02	60.32	186.03	6.01
	112.11	179.99	111.93	187.99	8.00
	288.91	179.99	289.27	185.98	5.99
	326.01	180.00	326.16	185.02	5.03
	283.88	181.01	283.85	186.99	5.98
	354.96	181.00	355.55	186.02	5.05
	107.70	182.02	107.26	187.96	5.96
	160.71	181.98	161.00	189.00	7.02
	278.43	182.05	278.89	187.99	5.96
	46.57	183.01	46.14	188.97	5.97
	210.74	183.02	211.10	190.99	7.98
	267.47	183.07	267.82	189.98	6.92
	272.95	183.00	273.05	189.99	6.99
	150.91	184.00	151.25	190.98	6.99
	205.80	184.03	206.13	191.99	7.97
	262.94	184.01	263.16	192.98	8.97
	92.73	184.96	93.02	191.00	6.04
	146.19	184.99	146.42	192.01	7.02
	200.93	185.00	201.00	193.00	8.00
	317.06	185.02	317.96	195.00	10.03
	28.15	186.00	27.81	194.03	8.04
	84.02	186.00	83.70	194.06	8.07
	88.46	186.08	88.25	191.97	5.89
	140.91	186.01	141.13	192.99	6.99
	31.73	186.99	31.74	192.02	5.03
	136.87	187.02	136.47	194.03	7.02
	195.87	187.00	196.04	194.00	7.00
	132.09	187.97	131.81	194.99	7.03
	191.12	188.00	191.06	195.00	7.00
	127.08	188.99	127.21	196.01	7.02
	180.93	189.00	181.18	197.00	8.00
	185.72	189.03	186.14	196.01	7.00
	246.74	188.95	246.46	196.21	7.27
	121.88	190.01	122.16	197.01	7.00
	236.94	190.01	236.89	198.02	8.00
	295.04	190.00	295.17	200.08	10.08
	300.27	190.03	300.94	197.00	7.00
	232.03	191.00	231.97	200.00	9.00
	55.52	192.03	54.77	200.89	8.90
	60.11	192.01	60.08	198.00	5.99
	112.12	191.99	111.74	200.91	8.93
	170.82	192.00	170.89	200.01	8.01
	289.63	192.06	290.12	199.00	6.96
	108.00	193.00	107.41	199.91	6.94
	165.92	193.01	166.20	200.02	7.02
	50.85	193.99	50.53	200.09	6.11
	160.84	194.00	160.91	201.00	7.00
	226.16	194.01	226.56	199.93	5.93
	278.37	194.02	278.93	202.01	8.01
	98.28	194.96	98.16	202.02	7.06
	274.00	195.00	273.88	203.00	8.00
	36.91	196.01	36.41	202.91	6.92
	93.43	196.00	92.95	203.00	7.02
	150.93	196.00	151.09	203.99	7.99
	210.84	195.99	211.06	204.00	8.01
	206.01	197.00	206.46	204.04	7.05
	262.95	197.01	263.47	206.07	9.07
	27.19	197.98	26.96	206.00	8.02
	141.10	197.99	141.10	205.99	8.00
	146.12	198.01	145.97	205.00	7.00
	201.01	198.00	200.96	206.00	8.00
	318.17	198.07	318.67	207.81	9.76
	23.00	199.00	22.38	205.94	6.96
	88.29	199.05	87.95	205.00	5.97
	195.90	199.00	196.35	206.95	7.96
	257.64	198.98	258.10	206.00	7.03
	17.83	200.00	17.73	205.97	5.97
	190.89	200.00	191.02	208.00	8.00
	252.85	200.02	253.04	207.00	6.98
	312.06	199.99	312.32	207.98	7.99
	69.66	200.99	69.26	208.01	7.03
	73.98	201.00	74.15	207.02	6.03
	185.66	200.98	185.93	209.01	8.03
	247.52	201.03	248.24	208.92	7.93
	401.45	201.04	403.50	234.03	33.06
	122.28	201.96	122.20	209.98	8.03
	180.82	202.01	181.10	209.00	6.99
	242.12	202.00	242.63	208.89	6.91
	301.08	201.99	301.02	211.00	9.01
	116.78	203.02	116.98	210.00	6.98
	176.20	202.97	176.18	210.00	7.03
	231.89	203.02	231.86	212.99	9.98
	236.74	202.99	237.36	210.04	7.07
	295.77	202.99	296.54	212.37	9.41
	55.23	203.99	54.93	212.02	8.04
	59.71	203.96	59.66	209.96	6.00
	170.82	204.02	170.86	212.02	8.00
	226.81	205.02	227.23	212.99	7.98
	289.75	205.01	290.32	211.94	6.96
	46.00	206.00	45.57	213.07	7.08
	160.71	206.05	161.19	213.99	7.96
	284.82	206.00	285.01	214.00	8.00
	388.99	216.00	390.81	240.37	24.44
	40.91	207.99	40.64	213.00	5.02
	54.28	224.00	54.92	214.97	9.05
	92.82	208.03	92.96	215.00	6.97
	97.64	208.09	97.45	214.92	6.84
	273.70	208.02	274.47	215.92	7.94
	31.79	209.03	31.19	216.01	7.00
	36.06	209.01	36.06	214.99	5.98
	150.65	208.97	151.04	215.00	6.05
	268.84	209.01	269.16	217.00	8.00
	83.22	209.97	82.84	218.01	8.05
	87.87	209.99	87.97	216.00	6.01
	141.45	209.95	140.89	219.00	9.07
	145.91	210.00	146.14	217.00	7.01
	201.19	209.97	201.04	220.02	10.06
	206.17	210.02	206.39	216.94	6.92
	263.40	209.98	263.81	218.02	8.05
	22.59	211.05	22.18	218.00	6.96
	196.11	210.99	196.00	219.00	8.01
	380.57	211.00	382.68	241.03	30.11
	17.64	212.05	17.44	219.01	6.96
	73.66	212.04	73.76	218.96	6.92
	135.80	211.97	136.12	218.99	7.03
	253.00	212.00	253.14	220.00	8.00
	258.17	212.01	258.44	218.96	6.96
	69.03	213.00	68.92	219.99	6.99
	130.66	212.95	131.05	219.99	7.06
	185.80	213.02	186.19	221.00	7.99
	190.74	212.99	191.18	219.99	7.01
	247.80	213.01	248.00	221.00	8.00
	383.86	213.01	386.19	240.99	28.08
	25.75	229.98	26.55	220.86	9.15
	126.70	214.03	126.69	220.04	6.01
	121.78	215.02	122.00	221.00	5.98
	180.72	214.99	181.15	222.01	7.03
	242.59	215.01	243.10	222.02	7.02
	59.09	216.01	59.12	221.99	5.98
	111.88	216.00	112.35	224.89	8.91
	116.98	216.00	116.83	221.99	5.99
	171.04	215.99	170.71	225.02	9.03
	175.91	216.00	176.17	223.01	7.02
	232.08	215.99	231.96	225.00	9.01
	236.96	217.00	237.39	222.95	5.97
	102.02	218.00	102.31	226.00	8.01
	165.66	217.99	166.00	225.00	7.02
	97.33	218.97	97.33	226.01	7.04
	161.08	219.00	161.09	226.98	7.98
	221.71	219.01	222.41	226.97	8.00
	155.73	219.99	156.06	227.00	7.02
	30.73	221.00	30.74	226.98	5.98
	35.72	220.99	35.34	226.98	6.01
	82.98	222.00	82.69	231.02	9.02
	87.78	221.99	87.83	227.97	5.98
	141.17	221.99	140.92	231.00	9.02
	146.00	222.00	146.14	229.00	7.00
	263.85	222.00	263.94	232.00	10.01
	77.84	223.98	78.01	231.00	7.02
	195.73	224.00	195.89	232.03	8.03
	397.82	224.01	397.98	237.01	13.00
	72.93	224.99	73.12	231.98	7.00
	190.88	225.01	190.99	233.00	8.00
	258.40	225.00	259.02	232.00	7.02
	64.02	226.00	63.84	232.97	6.98
	185.81	226.01	186.01	234.00	8.00
	247.99	226.00	248.08	233.98	7.98
	253.03	226.00	253.47	232.94	6.95
	58.84	227.01	59.11	234.01	7.00
	180.76	227.01	181.19	235.00	8.00
	242.98	227.00	243.38	235.94	8.95
	54.21	227.98	53.97	236.00	8.02
	238.02	228.00	238.07	236.00	8.01
	170.86	229.01	170.85	237.01	7.99
	45.07	230.00	44.81	236.99	7.00
	49.22	230.04	49.16	236.01	5.97
	226.84	230.01	227.34	237.95	7.95
	232.07	230.00	232.63	238.10	8.11
	161.25	230.94	161.05	239.00	8.06
	156.05	232.00	156.07	239.00	7.01
	216.93	232.00	216.96	240.00	8.00
	221.68	232.00	222.06	239.00	7.01
	207.44	234.03	207.06	242.00	7.98
	211.92	234.01	212.29	241.97	7.97
	21.02	235.00	20.96	241.00	6.00
	201.23	234.95	201.80	244.04	9.10
	356.80	236.00	357.33	255.99	20.00
	195.90	236.99	196.36	243.97	6.99
	68.01	238.00	68.03	245.00	7.00
	190.76	238.00	190.73	246.06	8.06
	185.98	239.00	186.27	246.00	7.01
	53.90	240.02	53.52	248.02	8.02
	58.62	239.99	58.74	247.00	7.01
	181.14	239.99	181.12	247.99	8.00
	248.01	240.00	248.29	248.14	8.15
	176.00	241.00	176.17	248.00	7.01
	233.02	241.00	232.90	251.01	10.01
	238.23	240.95	238.29	248.99	8.04
	242.85	241.00	243.22	247.98	6.99
	171.07	242.00	171.05	250.00	8.00
	298.98	249.97	299.98	282.00	32.04
	343.42	243.07	343.40	248.92	5.85
	227.29	244.06	227.82	252.06	8.02
	217.06	244.99	217.22	252.97	7.98
	212.11	246.99	211.99	255.00	8.01
	202.06	248.00	202.04	256.99	8.99
	206.85	248.01	207.18	255.00	7.00
	191.04	251.00	191.56	257.95	6.97
	180.84	253.00	181.16	259.99	7.01
	280.30	266.94	280.01	261.00	5.95
	217.12	257.98	217.07	263.99	6.00
	314.62	258.04	314.68	277.05	19.00
	207.23	259.97	206.85	269.03	9.07
	211.78	259.95	211.88	266.02	6.07
	202.03	261.00	202.03	270.00	9.00
	197.03	262.00	196.93	270.00	8.00
	191.51	264.05	191.94	270.99	6.96
	180.89	265.02	180.80	273.99	8.97
	185.90	264.99	185.76	272.98	7.99
	276.54	266.99	277.22	296.99	30.01
	394.52	415.90	384.15	281.00	135.30
	259.42	273.95	260.50	305.05	31.12
	265.40	276.17	265.83	287.99	11.83
	406.13	283.15	406.25	288.91	5.76
	263.50	285.04	263.82	302.00	16.97
	395.45	288.91	396.66	311.97	23.09
	233.88	290.09	236.11	315.00	25.01
	363.60	289.91	366.06	324.99	35.17
	351.97	306.98	352.90	330.98	24.03
	205.38	301.00	206.12	331.02	30.03
	341.61	301.95	344.20	363.07	61.17
	241.03	303.99	241.01	308.99	5.00
	360.78	305.02	362.10	327.01	22.03
	180.43	313.38	180.29	343.02	29.64
	305.79	427.98	300.32	318.98	109.13
	355.99	307.00	356.82	328.99	22.01
	194.93	307.99	195.24	335.00	27.01
	321.93	308.99	323.81	344.99	36.05
	211.32	311.10	211.18	326.03	14.93
	404.98	318.05	405.51	327.00	8.97
	155.72	325.79	155.07	354.00	28.21
	318.98	323.00	319.77	346.65	23.66
	185.53	324.03	185.67	338.98	14.95
	303.67	326.95	303.66	336.98	10.03
	368.22	341.90	368.19	335.25	6.65
	310.01	328.00	310.83	349.92	21.94
	261.42	371.98	260.97	337.99	33.99
	280.32	330.95	281.66	364.05	33.12
	163.96	331.77	163.49	350.96	19.19
	158.32	332.79	158.02	352.00	19.21
	148.61	335.30	148.62	359.08	23.79
	349.83	337.00	350.54	353.03	16.05
	359.62	338.14	360.23	347.11	8.99
	131.98	340.00	131.51	351.03	11.04
	232.94	384.97	232.28	351.98	33.00
	236.48	382.00	235.53	353.01	29.00
	122.28	347.14	122.09	371.00	23.85
	114.14	348.01	114.23	368.00	19.99
	251.74	353.03	251.75	358.04	5.01
	206.13	361.79	205.76	395.95	34.17
	223.43	355.94	223.61	364.96	9.03
	399.31	357.11	402.34	380.02	23.11
	365.05	360.00	365.10	365.98	5.97
	251.89	363.00	251.49	376.70	13.71
	344.51	364.85	348.76	438.00	73.27
	348.65	439.04	350.45	455.98	17.04
	210.63	371.70	210.57	366.08	5.61
	179.47	388.94	179.72	375.02	13.92
	196.81	369.03	196.67	395.02	25.99
	212.15	373.22	211.88	379.00	5.78
	281.56	373.97	281.75	379.02	5.05
	394.24	374.02	394.55	381.99	7.97
	324.98	375.00	326.20	388.04	13.10
	365.78	377.01	367.04	394.01	17.05
	321.82	378.03	321.84	383.03	5.00
	350.78	378.01	352.06	400.00	22.03
	359.97	378.99	361.05	393.99	15.04
	258.96	381.00	258.93	389.97	8.97
	212.57	382.04	212.48	391.01	8.97
	308.95	381.97	309.01	387.00	5.03
	221.83	382.93	221.66	389.96	7.03
	309.02	393.00	309.95	415.00	22.02
	323.29	409.00	321.85	392.93	16.14
	262.59	414.94	262.46	398.98	15.96
	325.91	390.99	327.04	409.00	18.04
	312.32	393.05	313.47	413.97	20.95
	265.91	416.01	266.20	401.98	14.03
	318.56	395.44	318.40	409.01	13.57
	352.51	403.08	353.05	426.00	22.93
	371.16	403.05	371.62	408.94	5.90
	280.05	405.99	280.22	411.98	6.00
	272.35	407.88	272.62	418.01	10.13
	317.11	417.00	317.91	430.00	13.03
	399.67	417.04	402.71	452.00	35.09
	395.15	417.99	396.47	442.02	24.07
	308.78	418.95	308.95	424.01	5.06
	329.40	424.10	328.96	418.61	5.50
	406.20	424.94	406.31	432.02	7.08
	368.81	428.06	368.78	434.00	5.94
	355.42	431.84	355.51	438.91	7.07
	369.67	437.90	370.99	464.00	26.13
	360.11	440.98	360.91	467.00	26.03
	397.38	446.94	400.34	487.91	41.08
	402.95	466.01	404.11	482.99	17.03
	405.51	489.05	406.09	495.00	5.97
	401.35	489.94	406.39	555.94	66.20
	375.58	509.96	377.63	537.01	27.13
	370.29	510.96	370.63	516.03	5.09
	362.59	515.03	363.50	536.02	21.02
	354.82	518.02	356.69	538.94	21.00
	372.21	530.98	372.19	536.93	5.95
	382.53	538.97	382.95	544.00	5.04
	357.29	540.96	358.36	582.97	42.02
	360.39	588.91	361.16	609.00	20.10
	369.04	592.00	371.06	618.99	27.07
	372.42	604.03	372.53	613.07	9.04
88
	228.35	55.56	200.22	63.28	29.18
	202.07	50.61	309.10	22.55	110.65
	258.56	47.78	308.98	34.84	52.05
	194.97	52.80	33.01	92.07	166.66
	357.04	49.20	371.81	46.56	15.01
	229.88	67.44	308.99	46.89	81.74
	257.04	48.20	229.52	55.44	28.46
	18.46	84.86	148.11	51.93	133.77
	259.96	71.94	310.00	58.87	51.72
	170.03	70.03	86.97	90.96	85.65
	198.04	63.10	172.02	70.13	26.95
	171.01	82.01	228.45	67.61	59.22
	168.03	82.74	114.88	95.42	54.64
	171.52	105.52	311.00	71.08	143.67
	230.15	79.36	258.77	71.51	29.68
	291.45	88.43	261.12	96.16	31.30
	200.89	86.33	229.07	79.09	29.09
	190.01	89.02	199.43	86.55	9.73
	31.02	92.02	18.92	95.43	12.57
	292.17	88.52	311.08	83.16	19.66
	58.00	97.00	31.94	103.62	26.89
	178.00	92.02	188.97	88.97	11.38
	84.00	91.02	60.01	97.09	24.75
	171.08	94.06	176.14	92.51	5.30
	170.19	93.12	143.02	100.28	28.09
	58.93	108.59	113.42	95.60	56.02
	16.87	152.18	259.49	95.71	249.11
	292.86	100.37	311.04	95.53	18.82
	114.53	107.53	139.99	100.95	26.30
	142.87	135.25	290.11	100.67	151.24
	18.92	106.36	30.37	103.53	11.79
	170.14	105.17	57.60	131.70	115.63
	95.94	111.49	113.09	107.12	17.70
	260.90	119.90	311.99	107.93	52.47
	17.71	117.36	57.41	108.58	40.67
	85.95	113.94	94.43	111.55	8.81
	32.01	126.03	84.14	113.71	53.57
	289.96	125.82	60.00	177.00	235.59
	30.29	126.29	17.87	129.32	12.77
	259.00	120.28	144.97	146.83	117.08
	293.52	125.53	313.11	120.51	20.23
	30.90	137.44	55.99	131.80	25.72
	293.88	137.45	312.99	132.93	19.64
	261.84	144.83	292.37	137.52	31.39
	86.98	147.92	140.01	136.05	54.34
	29.36	137.48	16.86	140.59	12.88
	231.65	151.40	260.00	144.99	29.07
	314.09	145.39	294.98	149.94	19.64
	141.27	147.26	114.08	154.15	28.06
	84.14	148.16	57.91	154.47	26.97
	203.98	169.91	292.93	149.90	91.17
	28.52	160.41	15.87	163.63	13.05
	201.90	158.46	228.98	151.91	27.87
	57.88	166.25	111.90	153.80	55.44
	56.23	166.26	30.97	171.72	25.84
	112.02	202.02	314.99	158.08	207.67
	16.02	198.10	199.09	158.65	187.27
	28.22	172.20	16.00	175.00	12.53
	29.97	206.82	199.01	171.03	172.78
	294.51	175.45	315.00	170.99	20.97
	26.92	231.62	293.07	175.51	272.00
	15.07	187.14	56.03	178.03	41.96
	294.92	187.93	315.00	183.99	20.46
	293.97	187.97	142.12	220.57	155.32
	294.85	200.82	315.99	196.79	21.52
	83.99	207.99	110.93	201.81	27.64
	294.02	201.05	204.00	220.00	91.99
	198.98	233.87	157.09	242.27	42.72
	26.13	207.46	14.90	210.22	11.56
	54.90	213.88	81.95	207.86	27.71
	201.59	233.64	316.01	209.05	117.03
	200.21	220.65	143.02	232.27	58.36
	26.56	219.54	53.83	213.62	27.90
	13.90	222.39	25.08	219.52	11.53
	117.08	225.47	139.98	220.68	23.39
	111.19	226.28	84.06	232.33	27.80
	232.98	239.98	263.10	233.53	30.80
	25.07	231.40	12.89	234.54	12.58
	27.04	243.67	82.08	232.10	56.24
	320.00	240.97	326.53	239.59	6.68
	247.87	248.86	238.99	251.22	9.18
	172.95	263.59	233.09	253.26	61.03
	388.41	254.17	395.76	252.68	7.50
	327.07	267.54	338.03	266.05	11.07
	309.87	292.24	304.75	293.32	5.23
	390.52	326.70	395.77	325.63	5.35
	354.63	371.41	363.85	369.69	9.38
	344.23	410.82	338.15	411.97	6.19
162
	363.38	184.00	344.02	195.06	22.30
	403.93	168.34	355.01	194.01	55.25
	388.86	170.91	380.99	174.99	8.87
	390.77	177.65	403.56	171.56	14.17
	376.70	177.33	367.07	182.62	10.99
	405.87	178.29	318.09	225.22	99.55
	352.14	193.00	283.97	232.44	78.76
	330.98	201.75	320.87	207.25	11.51
	332.01	201.48	340.95	196.86	10.06
	380.30	209.36	400.08	198.72	22.46
	366.01	205.48	374.29	201.38	9.24
	377.93	207.87	340.00	229.49	43.66
	319.04	216.24	330.98	209.97	13.49
	304.73	215.43	298.91	218.87	6.76
	297.41	243.42	349.87	215.69	59.33
	317.71	217.07	311.80	219.78	6.49
	376.13	220.14	362.79	227.06	15.03
	283.02	228.07	289.93	223.87	8.08
	315.85	224.69	297.98	234.97	20.62
	377.97	229.27	361.04	238.05	19.08
	319.87	237.86	335.83	229.71	17.92
	249.94	247.65	272.91	235.81	25.84
	362.00	246.01	379.02	237.03	19.24
	181.98	287.50	278.08	237.51	108.33
	277.87	300.75	406.10	238.74	142.43
	280.17	250.74	294.95	242.90	16.73
	329.99	242.98	319.82	247.61	11.18
	275.14	247.00	180.02	298.04	107.95
	405.97	247.41	397.12	252.39	10.15
	254.04	253.03	262.90	248.58	9.92
	295.92	249.39	286.71	253.65	10.15
	320.53	257.63	336.15	249.69	17.53
	283.05	309.64	405.99	251.99	135.79
	277.01	255.47	236.99	274.46	44.30
	377.01	261.49	387.07	256.59	11.18
	208.00	269.52	231.00	258.01	25.73
	336.01	258.37	320.96	265.47	16.64
	296.14	259.04	282.96	266.94	15.36
	282.01	318.02	405.97	260.92	136.47
	229.86	265.73	237.22	262.28	8.13
	275.15	265.30	260.16	272.77	16.75
	384.03	280.00	406.00	268.01	25.03
	295.94	269.19	280.64	277.48	17.40
	405.90	271.37	388.15	279.21	19.40
	256.97	271.93	248.04	277.22	10.38
	260.33	306.08	251.77	309.60	9.25
	236.01	276.02	215.87	286.23	22.58
	193.84	276.76	182.04	283.67	13.67
	247.21	279.47	232.10	286.66	16.73
	363.13	284.80	376.00	278.99	14.11
	336.45	280.39	325.11	285.24	12.34
	249.14	311.01	234.95	318.89	16.23
	287.88	282.46	282.01	285.11	6.44
	367.09	287.25	373.96	283.96	7.62
	265.02	304.49	276.77	298.12	13.37
	211.01	288.47	100.91	344.85	123.69
	360.98	291.95	343.28	300.05	19.46
	341.22	298.23	363.00	288.00	24.06
	239.02	293.03	245.13	289.65	6.99
	251.77	294.18	256.70	291.34	5.69
	379.85	291.25	375.10	293.80	5.39
	206.10	299.68	220.19	293.32	15.46
	293.84	296.83	301.99	292.96	9.02
	304.47	294.06	294.00	299.90	11.99
	366.98	297.45	372.99	294.95	6.51
	326.34	301.31	339.38	295.64	14.22
	352.97	331.98	346.82	334.70	6.73
	367.94	305.39	379.03	300.67	12.05
	274.81	304.15	164.80	355.59	121.44
	286.93	303.91	279.22	307.26	8.40
	192.89	306.38	180.98	312.47	13.38
	300.37	318.05	321.09	307.15	23.42
	369.03	314.61	381.98	308.95	14.14
	398.81	312.66	405.98	309.95	7.67
	281.85	310.99	144.14	377.21	152.81
	383.97	317.42	369.01	324.03	16.35
	338.18	318.23	326.03	324.03	13.47
	168.12	319.20	156.08	325.12	13.41
	224.89	322.83	230.84	319.59	6.77
	286.02	324.07	295.66	319.54	10.65
	280.15	321.47	220.16	349.36	66.16
	339.33	327.45	325.96	333.41	14.64
	368.67	334.39	384.07	326.78	17.18
	132.19	335.34	148.00	327.52	17.64
	362.13	328.48	356.94	330.88	5.72
	225.08	335.78	239.75	328.68	16.30
	256.04	374.60	260.76	372.85	5.03
	261.04	337.06	275.92	329.79	16.56
	204.01	332.46	198.86	335.21	5.84
	221.66	336.47	213.01	340.96	9.75
	325.88	342.10	338.97	336.94	14.06
	359.93	347.92	352.75	351.01	7.82
	283.96	342.54	289.88	339.79	6.53
	232.53	350.97	250.04	341.66	19.83
	206.51	343.42	191.94	350.17	16.06
	172.59	347.41	178.75	344.71	6.72
	141.97	346.96	136.98	349.35	5.54
	370.00	353.39	385.01	346.62	16.46
	224.05	351.12	230.33	348.66	6.75
	304.91	357.74	311.92	354.87	7.58
	97.07	354.60	107.10	350.17	10.97
	169.66	349.61	155.99	356.90	15.50
	153.90	379.41	218.12	350.31	70.51
	222.13	354.26	206.99	360.99	16.57
	146.90	359.85	137.91	363.85	9.84
	339.92	355.88	325.98	361.88	15.18
	175.83	357.08	167.00	362.00	10.10
	348.02	363.07	365.99	356.50	19.13
	221.18	358.31	210.55	363.82	11.98
	369.56	363.49	381.92	357.81	13.60
	155.03	360.04	129.95	372.78	28.12
	299.17	362.21	287.96	367.33	12.32
	251.17	377.71	238.01	383.01	14.19
	318.19	365.18	312.01	368.03	6.81
	326.01	371.01	342.89	363.71	18.40
	265.88	370.80	280.91	364.82	16.17
	264.08	376.11	282.96	368.94	20.20
	144.85	372.22	139.10	375.17	6.46
	298.97	372.46	285.01	378.02	15.03
	307.02	380.07	323.03	373.61	17.26
	327.92	379.73	343.23	373.61	16.49
	258.78	390.75	253.99	392.98	5.28
	289.57	386.03	300.03	381.55	11.38
	245.17	384.43	235.08	389.17	11.15
	327.91	389.14	342.05	383.59	15.19
	390.09	384.36	381.01	388.10	9.83
	226.04	387.07	230.97	384.94	5.37
	321.07	385.31	314.99	387.97	6.63
	262.41	397.65	281.00	389.64	20.23
	397.95	392.88	405.94	389.84	8.55
	326.78	409.83	317.01	414.07	10.65
	361.04	396.78	365.95	394.85	5.29
	371.97	400.69	389.32	395.46	18.13
	328.87	397.66	333.94	395.84	5.39
	400.01	403.06	406.04	400.54	6.54
	360.97	406.36	369.04	403.13	8.69
	390.90	414.23	377.00	420.01	15.05
	293.23	421.42	300.99	418.57	8.27
	353.04	429.72	371.91	423.93	19.75
	375.01	431.04	379.93	429.31	5.21
	383.19	439.19	393.04	435.16	10.64
	375.98	440.96	381.12	439.54	5.34
	394.01	445.10	383.95	448.63	10.66
	347.05	450.13	337.80	453.62	9.89
	377.91	461.29	395.22	455.71	18.19
	386.02	468.70	395.03	465.59	9.53
	382.97	523.89	401.00	518.98	18.68
	392.16	532.53	401.92	529.69	10.16
	369.96	540.49	380.00	537.95	10.36
	367.01	541.39	360.87	542.63	6.25
	384.05	547.09	402.99	540.90	19.92
	360.98	553.74	381.09	548.14	20.88
	364.18	564.17	380.01	560.06	16.35
	406.28	563.24	387.00	569.02	20.13
	363.06	575.54	382.93	570.85	20.41
	371.03	578.02	379.06	576.23	8.23
	404.97	576.24	386.67	580.59	18.81
	399.96	588.53	405.98	586.92	6.24
	388.95	591.29	394.00	590.12	5.19
	390.10	602.71	406.02	599.61	16.22
	406.08	611.24	395.95	613.44	10.37
	370.03	632.16	388.85	628.56	19.16
