vx	vy	vz	score	numLines
0.85493292	-0.51873737	0.00111065	6641.58	315
0.99988196	-0.01533540	-0.00094724	2546.04	122
-0.69374159	-0.72022393	-0.00031123	879.08	74

nLines	x1	y1	x2	y2	length
315
	42.00	42.00	3.95	67.42	45.77
	69.05	42.28	22.16	74.31	56.79
	3.97	59.96	27.90	43.80	28.88
	51.00	74.00	93.01	43.61	51.85
	79.19	76.27	114.98	47.97	45.62
	146.02	48.02	108.27	79.49	49.14
	141.10	81.24	176.65	49.63	47.57
	244.05	52.05	211.16	85.25	46.73
	14.16	74.82	52.06	46.63	47.24
	78.72	46.59	41.04	75.55	47.51
	272.89	49.86	237.95	87.37	51.26
	176.35	82.50	209.96	50.96	46.09
	68.01	78.38	106.02	47.56	48.94
	135.84	47.78	98.88	79.15	48.48
	285.00	51.00	251.41	86.43	48.82
	279.02	90.43	312.97	50.96	52.06
	166.92	48.90	130.92	80.33	47.79
	200.00	50.00	164.90	81.90	47.42
	293.16	90.31	324.89	51.88	49.83
	200.33	84.39	235.62	50.63	48.84
	115.03	56.04	120.90	51.86	7.20
	336.41	92.41	365.77	53.80	48.51
	354.25	52.86	323.01	92.01	50.09
	373.79	52.81	344.73	92.15	48.91
	225.80	53.97	218.02	62.02	11.19
	261.88	54.96	253.90	62.87	11.24
	302.42	54.80	294.56	64.45	12.44
	312.09	59.07	305.02	67.02	10.64
	381.35	60.26	352.53	99.01	48.29
	207.20	63.07	200.07	69.06	9.31
	12.10	71.64	22.06	63.62	12.79
	242.06	64.01	235.97	69.97	8.52
	262.25	68.26	266.37	63.54	6.26
	37.01	73.50	48.96	65.46	14.40
	280.91	65.01	275.16	71.84	8.94
	67.30	67.42	59.13	74.21	10.62
	249.80	66.84	244.97	71.98	7.06
	284.00	75.94	291.60	67.57	11.31
	321.50	68.05	316.07	74.15	8.16
	96.33	69.42	87.88	75.85	10.62
	123.09	78.12	130.91	70.88	10.65
	164.02	71.02	154.34	79.38	12.79
	259.20	71.18	245.78	85.82	19.86
	326.04	78.19	332.87	70.89	10.00
	189.15	82.16	196.58	74.46	10.69
	127.14	79.14	134.92	72.91	9.97
	194.30	73.32	185.86	81.84	11.99
	272.71	73.41	260.21	86.22	17.90
	160.21	81.26	169.01	74.01	11.40
	224.75	83.70	232.93	74.93	12.00
	220.90	83.90	229.49	75.55	11.98
	270.76	77.71	263.93	85.94	10.69
	240.21	79.17	234.02	85.02	8.52
	302.40	88.32	310.90	78.91	12.68
	309.96	87.96	314.70	82.66	7.12
	379.95	93.97	354.16	130.10	44.39
	3.89	98.88	18.01	87.55	18.10
	30.99	87.99	12.03	102.05	23.60
	45.83	89.30	24.68	106.59	27.33
	40.97	104.96	60.10	90.07	24.25
	53.99	109.99	76.81	90.72	29.87
	72.25	107.86	92.31	91.56	25.84
	109.03	93.05	85.63	112.58	30.48
	105.21	111.29	125.26	93.40	26.87
	143.23	95.35	120.67	115.57	30.29
	140.82	113.76	160.04	96.03	26.15
	361.54	104.00	355.93	112.95	10.56
	31.06	96.65	22.00	103.49	11.35
	358.57	97.38	352.98	104.99	9.43
	157.68	118.69	179.62	97.58	30.45
	178.09	117.10	196.36	99.33	25.48
	37.95	107.41	27.15	117.13	14.53
	218.95	120.94	236.79	101.87	26.12
	126.21	102.89	115.78	111.78	13.70
	260.06	103.10	246.97	116.97	19.07
	240.19	117.27	235.93	121.93	6.31
	82.04	111.21	90.44	103.50	11.40
	343.30	104.25	298.66	163.72	74.36
	384.36	104.22	352.90	151.02	56.39
	162.43	105.36	151.50	114.56	14.29
	280.05	105.04	262.25	125.24	26.93
	304.84	105.88	285.91	129.93	30.61
	198.93	107.96	187.97	117.97	14.85
	18.92	109.88	9.05	118.06	12.82
	239.47	110.79	229.04	121.04	14.62
	48.67	112.43	42.03	117.08	8.11
	67.58	113.17	58.85	120.23	11.23
	75.04	121.59	81.83	115.68	8.99
	197.16	122.11	202.54	116.57	7.72
	279.40	117.94	272.73	125.80	10.31
	78.81	152.83	116.70	118.53	51.11
	136.08	120.07	128.51	127.51	10.61
	239.94	125.96	245.57	119.60	8.50
	3.92	133.90	19.28	121.96	19.45
	278.29	126.25	282.21	121.21	6.39
	153.74	121.59	147.00	128.50	9.65
	37.11	123.20	11.18	144.18	33.36
	173.35	123.02	168.24	127.89	7.06
	29.15	143.20	51.87	124.89	29.18
	192.90	124.75	183.20	134.26	13.58
	43.88	148.88	70.97	125.86	35.55
	63.06	147.07	81.69	130.63	24.85
	17.49	133.50	8.16	141.24	12.12
	53.23	134.27	39.81	144.75	17.03
	99.18	152.22	118.94	133.94	26.92
	116.72	157.80	143.25	133.54	35.96
	159.00	136.00	137.27	157.32	30.44
	87.21	137.18	73.31	149.49	18.57
	123.65	140.86	109.91	152.91	18.28
	179.98	161.98	198.98	141.98	27.58
	197.02	164.02	203.75	156.77	9.90
	211.83	155.80	225.72	141.54	19.91
	162.27	143.95	147.64	157.65	20.04
	246.15	144.06	225.17	168.16	31.95
	367.19	144.06	362.58	150.85	8.20
	249.97	173.98	271.90	146.85	34.88
	24.04	149.02	10.43	159.58	17.23
	203.28	148.90	188.92	162.92	20.07
	40.88	150.62	3.94	182.93	49.07
	58.12	153.04	45.14	164.13	17.07
	166.78	152.76	157.52	162.55	13.48
	248.36	154.96	240.46	163.56	11.67
	74.09	157.09	65.00	166.00	12.73
	94.26	157.93	81.32	169.38	17.28
	177.87	157.68	172.93	163.34	7.51
	210.77	157.77	201.61	168.66	14.23
	241.23	170.19	248.35	161.30	11.39
	366.08	169.02	371.01	160.03	10.26
	347.13	161.07	332.39	183.94	27.21
	112.99	161.99	69.84	203.84	60.11
	133.00	163.00	120.28	174.23	16.97
	153.92	165.86	141.94	178.95	17.74
	247.31	170.37	251.14	166.20	5.66
	175.43	168.09	166.65	177.34	12.75
	14.02	190.02	37.94	168.94	31.88
	30.78	196.83	60.86	169.80	40.44
	196.93	171.88	186.22	185.43	17.26
	3.69	175.64	8.75	171.81	6.34
	50.96	196.95	77.06	173.04	35.40
	207.56	172.50	202.17	178.82	8.31
	170.44	174.56	164.53	180.38	8.30
	220.21	174.89	209.87	187.18	16.06
	245.98	178.97	242.14	183.12	5.65
	90.01	204.01	114.21	179.83	34.21
	108.15	207.17	119.96	194.96	16.99
	126.76	193.71	141.09	180.69	19.35
	133.28	211.28	157.31	185.91	34.94
	184.96	186.96	172.10	200.10	18.39
	163.43	200.40	150.39	214.37	19.11
	119.55	187.84	108.54	198.56	15.37
	207.18	189.36	180.87	219.87	40.28
	113.42	191.43	99.75	204.69	19.05
	316.04	191.02	255.60	280.65	108.11
	205.64	227.80	230.63	196.69	39.90
	158.41	195.50	142.26	212.29	23.30
	162.06	195.03	149.59	207.62	17.71
	8.51	196.49	3.71	200.66	6.35
	125.81	195.80	110.80	210.87	21.26
	3.97	219.96	27.83	199.67	31.32
	107.48	199.53	103.59	203.65	5.66
	194.42	214.39	206.29	200.60	18.19
	208.96	200.99	196.57	215.67	19.22
	170.91	202.91	155.82	218.92	22.00
	65.19	207.26	53.01	219.01	16.93
	197.04	222.03	208.82	207.85	18.43
	115.23	230.81	131.96	213.32	24.21
	56.14	259.18	72.98	242.98	23.37
	79.84	241.81	106.68	214.59	38.23
	313.48	236.42	327.19	215.45	25.06
	193.12	216.10	189.34	220.37	5.69
	379.07	216.04	353.20	259.80	50.83
	3.96	239.96	26.41	219.96	30.06
	354.91	219.90	343.46	239.98	23.11
	24.24	244.25	51.89	220.61	36.38
	153.02	222.03	126.32	251.32	39.63
	118.06	251.08	100.45	269.47	25.47
	176.19	225.25	162.18	240.15	20.45
	334.33	226.31	327.16	238.13	13.82
	177.45	226.69	167.02	240.02	16.93
	31.48	227.92	7.24	248.31	31.68
	37.21	256.26	66.08	227.81	40.53
	246.08	228.01	233.16	245.99	22.14
	81.36	267.37	112.23	234.15	45.35
	47.42	257.45	69.07	235.68	30.71
	410.73	261.21	399.83	284.94	26.12
	391.17	242.08	379.70	263.89	24.64
	130.90	277.91	160.09	244.06	44.70
	240.07	243.06	234.50	250.02	8.92
	78.81	243.80	58.69	264.72	29.02
	91.90	267.89	114.81	244.28	32.90
	232.02	247.03	223.06	258.08	14.23
	113.61	248.09	96.60	265.66	24.46
	189.19	249.25	157.44	287.94	50.05
	363.23	249.00	358.04	258.91	11.19
	232.16	253.06	228.40	258.68	6.76
	239.11	253.08	235.74	257.67	5.70
	125.45	253.51	105.46	275.93	30.04
	139.97	279.96	159.30	255.34	31.31
	163.93	255.97	148.98	272.95	22.62
	390.55	262.02	386.73	269.84	8.70
	148.35	280.93	164.77	261.80	25.21
	257.65	261.01	254.50	265.81	5.74
	277.48	291.46	296.15	262.12	34.78
	21.97	272.97	33.01	262.01	15.56
	220.24	262.01	117.37	400.29	172.34
	345.92	263.84	342.09	271.12	8.22
	156.00	280.00	169.00	266.06	19.06
	54.98	267.50	43.08	280.06	17.30
	325.98	267.99	307.64	298.56	35.66
	259.33	271.33	243.70	297.66	30.62
	399.52	271.99	396.46	278.96	7.62
	77.34	272.97	63.33	288.94	21.24
	166.08	273.07	159.07	282.05	11.39
	303.06	276.05	291.99	294.00	21.08
	294.66	278.97	288.14	290.08	12.88
	309.26	278.83	297.59	296.20	20.92
	98.25	284.20	101.78	279.70	5.71
	127.11	285.78	112.73	303.74	23.00
	108.16	304.11	122.52	288.42	21.27
	270.66	286.95	257.39	304.33	21.86
	352.52	287.07	348.35	294.06	8.14
	232.69	304.76	227.56	312.02	8.89
	365.56	290.37	347.99	323.00	37.06
	386.08	311.97	370.90	343.96	35.41
	331.59	296.99	320.21	317.31	23.29
	59.70	327.71	83.62	300.68	36.10
	59.89	306.95	51.78	314.83	11.31
	176.89	326.94	191.85	306.68	25.19
	105.80	307.91	72.92	345.95	50.27
	362.80	314.92	355.78	328.87	15.62
	54.91	320.92	62.99	311.99	12.04
	233.40	311.92	216.21	334.17	28.12
	226.34	312.91	223.33	317.15	5.20
	136.03	315.05	97.43	360.97	59.99
	105.09	320.12	83.79	345.81	33.37
	365.70	320.09	359.26	331.88	13.43
	110.06	321.02	86.89	348.87	36.23
	235.01	356.01	258.20	321.24	41.80
	90.02	351.92	112.92	325.90	34.66
	372.81	324.97	366.48	339.69	16.02
	270.98	326.98	265.88	334.91	9.42
	346.00	327.00	336.71	343.80	19.20
	105.02	343.02	117.00	330.07	17.64
	120.18	330.12	100.80	353.80	30.60
	288.96	329.97	266.81	366.71	42.90
	178.58	336.70	181.94	331.95	5.82
	308.28	341.23	293.87	364.92	27.73
	252.03	346.02	247.01	354.01	9.44
	264.24	338.23	249.91	360.90	26.83
	256.38	361.91	270.51	340.59	25.58
	102.67	344.84	98.13	351.14	7.76
	248.95	344.97	241.08	358.06	15.27
	261.34	363.24	271.05	347.03	18.89
	418.35	349.96	404.64	382.05	34.90
	320.63	360.00	317.71	364.69	5.52
	180.08	352.06	176.06	358.02	7.20
	354.39	377.04	335.68	415.86	43.10
	330.89	353.94	310.85	391.92	42.94
	270.07	355.05	267.11	360.07	5.83
	174.38	357.92	170.79	362.98	6.20
	408.43	358.94	403.97	368.14	10.22
	427.95	359.98	425.72	365.97	6.39
	292.34	367.91	285.03	383.02	16.78
	284.82	383.89	256.95	429.36	53.33
	196.04	366.04	192.10	371.03	6.37
	416.65	371.99	410.85	385.95	15.11
	143.49	371.00	135.56	381.71	13.33
	328.48	380.99	319.18	399.26	20.50
	186.46	379.61	189.65	374.70	5.86
	144.60	376.05	137.77	386.16	12.21
	419.38	378.16	413.64	390.79	13.88
	425.94	382.98	420.69	396.88	14.85
	331.58	385.29	323.30	401.90	18.56
	432.57	385.22	425.19	402.91	19.16
	205.46	385.97	201.97	390.94	6.07
	131.69	386.55	127.05	393.06	7.99
	403.22	388.06	393.71	407.10	21.28
	185.32	432.27	212.17	391.12	49.13
	339.33	390.98	330.78	409.89	20.75
	220.31	410.93	228.21	397.17	15.87
	308.17	397.06	300.52	411.01	15.92
	245.33	401.92	218.23	445.83	51.60
	209.09	411.02	195.96	432.97	25.58
	218.10	411.11	201.09	438.06	31.87
	220.52	419.01	207.70	439.61	24.27
	325.26	413.05	322.45	418.97	6.55
	412.15	435.96	396.26	475.90	42.98
	390.28	416.12	373.34	454.98	42.39
	216.07	435.04	224.95	419.97	17.49
	186.99	420.99	180.94	428.97	10.01
	316.54	451.96	293.68	499.05	52.34
	290.51	429.03	265.64	474.99	52.26
	254.93	432.94	231.73	474.14	47.29
	387.84	441.92	380.35	459.67	19.26
	398.30	450.92	391.03	470.02	20.43
	391.44	446.17	384.03	463.01	18.40
	287.56	457.03	274.84	481.94	27.96
	278.67	486.03	290.59	462.53	26.35
	299.88	468.95	288.11	493.05	26.83
	263.38	479.96	251.03	504.03	27.05
	268.78	484.69	264.15	493.02	9.54
	356.80	492.21	335.83	538.92	51.20
	380.34	513.05	360.94	560.98	51.71
	289.41	510.14	291.82	504.86	5.81
	364.59	531.04	354.66	554.83	25.78
	282.89	513.96	278.81	521.84	8.87
	352.95	520.98	343.02	544.01	25.08
	357.68	524.26	347.35	549.80	27.55
	337.04	547.01	334.78	552.94	6.35
	417.59	551.06	400.56	598.98	50.86
	425.27	588.11	417.68	610.93	24.05
	414.69	577.04	406.77	602.91	27.05
	419.17	583.06	411.46	607.85	25.96
	432.34	594.10	424.10	619.03	26.25
	399.14	604.01	395.78	614.94	11.44
122
	295.02	27.26	400.99	27.69	105.97
	38.03	35.60	58.96	35.65	20.93
	64.01	36.24	177.99	37.70	113.99
	22.99	37.90	248.00	42.84	225.07
	180.00	38.01	389.01	42.13	209.05
	250.09	43.79	285.01	43.51	34.91
	286.93	44.19	385.98	45.74	99.07
	4.01	74.82	13.06	75.25	9.06
	40.90	76.53	24.02	75.68	16.91
	237.04	88.23	209.03	87.79	28.01
	208.00	88.00	176.06	84.47	32.14
	98.17	79.83	78.11	77.69	20.17
	251.09	89.28	277.98	90.72	26.93
	130.86	81.45	110.01	80.73	20.87
	315.83	48.82	320.93	49.24	5.12
	254.05	52.17	262.20	52.83	8.17
	289.99	53.98	301.94	54.05	11.96
	322.97	93.30	281.00	91.94	41.98
	343.80	94.29	324.03	94.36	19.77
	216.96	62.88	208.00	61.94	9.01
	252.99	63.42	243.00	62.80	10.01
	273.95	75.75	283.00	76.02	9.06
	315.98	77.14	325.00	78.05	9.07
	3.99	78.21	70.96	80.59	67.02
	315.23	82.30	321.00	82.21	5.77
	72.99	82.55	344.96	100.20	272.54
	5.98	85.34	12.01	85.89	6.05
	34.00	88.02	39.98	88.19	5.98
	24.04	107.06	3.93	105.69	20.16
	61.17	89.30	70.01	89.87	8.86
	239.00	88.97	250.10	89.54	11.12
	93.01	91.03	104.96	91.23	11.95
	126.00	93.00	140.01	92.92	14.01
	161.03	95.06	174.99	96.06	14.00
	196.58	98.70	213.01	98.87	16.43
	238.06	101.09	255.01	101.91	16.97
	246.10	117.68	241.01	117.03	5.13
	68.99	110.77	81.02	111.31	12.05
	283.01	103.66	300.00	105.10	17.04
	286.02	113.91	292.95	114.57	6.96
	137.98	116.93	154.02	117.66	16.05
	20.20	121.16	31.02	121.88	10.84
	216.20	124.30	238.14	125.90	22.00
	53.05	124.28	64.94	125.42	11.95
	87.00	128.06	98.95	129.36	12.03
	298.03	134.24	315.06	136.72	17.21
	162.98	135.07	175.98	136.28	13.05
	203.96	139.33	220.99	140.31	17.06
	295.00	143.69	304.00	144.32	9.02
	249.05	143.84	267.98	145.20	18.98
	26.05	146.24	42.12	148.92	16.29
	206.03	148.14	212.97	149.19	7.01
	9.01	161.33	19.97	163.25	11.13
	96.17	155.33	110.93	156.36	14.80
	252.02	153.90	258.98	154.67	7.00
	291.83	157.82	299.90	158.50	8.10
	135.00	159.99	152.01	161.61	17.09
	272.07	163.47	295.04	166.38	23.15
	177.01	166.02	200.31	168.78	23.46
	42.05	166.29	58.02	167.95	16.05
	78.19	172.20	94.00	174.03	15.91
	118.02	177.06	136.79	179.55	18.94
	160.97	182.85	179.96	186.24	19.29
	95.93	185.21	103.10	185.78	7.20
	171.67	200.62	163.98	199.98	7.71
	273.01	192.90	237.79	188.62	35.48
	321.98	187.28	342.96	189.53	21.10
	342.05	191.22	319.00	188.99	23.15
	180.09	221.50	203.96	226.12	24.31
	208.86	190.40	231.93	192.29	23.15
	348.98	192.61	389.00	197.99	40.38
	164.97	194.10	171.00	194.57	6.05
	48.11	200.20	68.04	203.98	20.28
	317.35	200.31	382.00	207.99	65.11
	212.00	201.01	220.94	202.39	9.05
	30.01	204.91	36.42	205.65	6.45
	317.86	205.48	380.02	212.97	62.61
	67.90	211.71	73.99	212.83	6.19
	328.00	214.98	353.95	218.38	26.17
	29.98	217.31	45.89	220.54	16.23
	237.98	225.40	225.99	223.88	12.09
	166.95	220.67	172.94	221.74	6.08
	125.89	251.87	118.93	250.79	7.04
	69.12	224.41	87.95	228.34	19.23
	182.13	225.47	201.05	229.17	19.28
	226.95	228.56	236.98	230.94	10.30
	113.02	233.06	136.95	237.15	24.27
	207.85	233.72	215.00	235.01	7.26
	314.03	237.84	325.10	239.58	11.21
	160.42	243.31	187.98	247.07	27.82
	323.97	254.35	347.00	257.59	23.26
	35.09	258.58	57.01	261.93	22.17
	17.00	261.04	22.99	262.68	6.21
	297.04	261.25	326.76	266.48	30.17
	193.96	268.93	188.98	267.60	5.15
	307.02	299.13	277.13	292.50	30.61
	79.02	270.06	103.02	273.84	24.30
	158.07	283.13	152.00	281.98	6.17
	308.06	275.80	316.00	277.89	8.21
	128.36	281.54	154.95	286.24	27.00
	131.20	284.41	153.10	289.53	22.49
	56.97	292.78	81.97	299.06	25.77
	171.06	298.76	175.99	300.02	5.10
	107.00	306.89	134.88	313.35	28.63
	112.03	319.12	122.98	322.14	11.36
	259.00	320.75	288.96	328.17	30.86
	114.02	325.12	121.98	327.09	8.20
	280.00	329.02	284.99	330.09	5.10
	145.06	331.87	155.95	334.45	11.19
	130.08	345.32	150.02	350.86	20.70
	84.97	360.08	93.04	362.77	8.50
	220.15	370.67	234.00	374.96	14.51
	262.13	374.35	280.97	380.52	19.83
	288.06	378.45	294.88	380.66	7.17
	213.10	390.40	245.90	399.69	34.10
	234.96	400.12	242.08	402.46	7.50
	235.00	404.15	239.93	405.68	5.17
	182.88	434.40	217.01	446.52	36.22
	252.03	473.92	257.96	476.06	6.31
	332.12	505.93	336.96	507.67	5.15
	402.97	505.01	417.01	510.50	15.07
	407.03	550.56	402.11	548.60	5.29
74
	390.25	198.78	432.32	246.72	63.78
	396.01	196.99	399.98	201.02	5.66
	382.99	208.21	432.11	263.90	74.26
	380.81	213.15	432.08	271.92	77.99
	58.00	222.01	62.84	226.21	6.41
	392.80	241.16	410.24	260.82	26.27
	393.36	245.74	397.28	250.82	6.41
	428.05	250.42	432.03	254.53	5.72
	395.12	266.03	399.07	270.94	6.30
	399.52	262.44	404.01	267.99	7.14
	194.05	286.53	197.81	290.23	5.27
	404.79	292.20	409.48	297.40	6.99
	344.82	301.16	350.71	308.06	9.07
	361.65	304.25	367.92	311.07	9.26
	274.76	315.12	279.05	319.42	6.07
	372.23	323.81	368.61	320.03	5.24
	371.09	315.19	377.94	322.04	9.69
	347.91	331.13	365.05	348.93	24.71
	315.26	333.62	331.06	349.93	22.71
	311.25	336.68	327.29	354.08	23.67
	388.68	342.32	394.95	349.02	9.18
	423.58	346.40	427.91	351.13	6.41
	361.01	348.96	365.86	354.11	7.08
	420.29	348.75	432.31	361.71	17.68
	404.44	382.98	424.94	406.03	30.85
	382.27	352.66	389.61	360.94	11.06
	333.17	358.88	338.39	364.79	7.89
	415.92	363.05	421.80	369.16	8.47
	309.15	369.70	313.48	373.95	6.07
	422.48	369.86	431.01	378.99	12.50
	323.64	374.13	328.59	379.90	7.60
	356.61	379.36	369.99	394.01	19.84
	338.29	381.80	344.94	388.07	9.13
	335.55	386.01	339.15	389.82	5.24
	358.91	392.65	362.96	397.04	5.97
	375.09	403.91	387.18	415.78	16.94
	309.92	406.06	319.12	415.73	13.34
	420.06	406.86	424.23	411.89	6.53
	372.68	407.94	379.49	415.38	10.08
	391.73	415.23	412.00	435.00	28.32
	265.28	475.91	294.08	502.93	39.50
	260.97	430.04	266.48	435.03	7.43
	386.92	431.05	393.09	436.91	8.50
	259.88	437.05	264.78	442.15	7.07
	290.29	436.76	294.91	441.08	6.32
	357.95	439.05	363.29	444.13	7.36
	395.04	439.02	403.99	448.01	12.69
	269.16	444.87	274.83	450.12	7.73
	284.87	447.09	292.99	454.01	10.67
	281.62	451.11	287.06	455.96	7.29
	351.81	455.82	357.64	461.24	7.97
	297.89	459.09	305.80	466.20	10.64
	248.97	460.06	259.96	470.63	15.25
	255.77	462.19	263.86	469.07	10.62
	320.87	469.28	328.75	477.28	11.22
	410.38	490.06	415.46	494.76	6.92
	335.63	540.12	360.97	565.03	35.54
	358.04	491.51	379.94	512.04	30.02
	369.18	491.75	374.94	497.05	7.83
	332.93	497.29	338.02	501.97	6.92
	266.75	501.07	273.14	506.57	8.43
	351.71	510.22	359.81	517.15	10.67
	306.90	511.73	314.56	518.26	10.06
	363.57	521.37	371.01	527.98	9.96
	400.73	521.15	404.91	525.07	5.73
	282.61	526.39	296.06	537.96	17.75
	418.89	550.19	432.39	562.58	18.33
	400.62	599.97	424.53	623.36	33.44
	420.20	555.80	424.25	559.85	5.74
	377.64	558.01	382.33	562.00	6.16
	368.03	565.95	381.69	580.05	19.63
	414.73	569.86	421.44	575.97	9.07
	368.64	592.37	374.11	597.86	7.75
	381.04	592.95	389.82	600.15	11.36
