vx	vy	vz	score	numLines
0.95095276	0.30930143	-0.00463330	2209.45	108
0.99990985	0.01336655	0.00127597	1475.94	53
0.61763532	-0.78641430	0.00889687	671.44	26

nLines	x1	y1	x2	y2	length
108
	484.00	82.99	490.89	84.54	7.06
	473.95	129.14	455.03	122.64	20.00
	544.03	94.75	552.89	96.42	9.02
	594.03	96.73	613.97	99.72	20.16
	571.08	98.66	581.00	100.60	10.11
	529.00	100.01	538.98	102.09	10.19
	591.00	100.92	603.91	103.38	13.14
	520.03	102.31	530.93	105.29	11.30
	562.13	101.52	569.88	103.48	7.99
	606.03	107.45	620.84	111.63	15.39
	551.01	104.62	562.99	107.04	12.22
	589.16	104.42	601.13	106.67	12.18
	514.12	105.53	525.98	108.21	12.15
	576.00	105.57	594.97	110.40	19.57
	546.16	107.47	558.96	110.29	13.12
	505.04	109.37	516.98	112.12	12.25
	538.07	110.73	550.01	113.98	12.37
	571.02	110.53	588.09	113.83	17.38
	602.00	112.01	622.00	115.67	20.33
	491.03	112.74	507.01	115.96	16.31
	563.01	113.80	580.92	117.52	18.29
	594.99	115.14	616.00	119.69	21.49
	623.01	117.50	634.05	120.33	11.40
	480.95	116.43	496.92	120.26	16.43
	531.15	115.50	539.03	117.42	8.11
	505.94	122.16	524.99	127.05	19.66
	519.11	118.15	534.00	122.04	15.39
	555.00	117.80	573.97	121.45	19.32
	469.09	120.51	485.90	124.41	17.25
	546.00	121.54	565.98	126.12	20.49
	584.09	122.66	601.99	127.70	18.60
	610.00	125.95	633.88	131.34	24.48
	494.84	126.38	513.99	131.07	19.72
	525.95	129.39	547.99	135.14	22.78
	537.01	125.77	556.95	130.32	20.45
	573.01	127.34	593.62	133.98	21.65
	391.25	139.44	398.97	141.65	8.04
	438.98	128.29	461.93	134.44	23.76
	602.99	130.38	627.97	136.10	25.62
	563.99	131.52	583.98	137.05	20.74
	599.11	135.69	622.01	141.36	23.58
	597.02	158.96	574.02	151.95	24.04
	557.94	154.12	534.96	147.59	23.89
	428.01	133.66	448.06	139.81	20.97
	470.04	135.76	492.00	141.99	22.83
	507.05	139.91	526.98	146.08	20.87
	555.00	136.57	576.95	142.13	22.65
	412.08	138.57	432.90	145.39	21.91
	456.87	141.34	480.00	148.00	24.07
	587.10	140.59	614.99	146.44	28.50
	582.99	146.01	606.97	152.26	24.78
	396.01	144.71	417.04	151.88	22.22
	491.99	145.73	515.97	152.29	24.86
	441.96	147.16	461.01	153.51	20.08
	378.00	150.94	399.90	159.65	23.56
	425.99	153.47	449.94	161.41	25.23
	462.03	157.43	489.98	166.22	29.30
	522.97	153.47	547.00	160.61	25.07
	564.05	158.29	586.96	165.67	24.07
	332.06	158.83	338.92	161.27	7.28
	509.05	158.53	534.04	167.42	26.53
	552.97	165.07	576.96	173.09	25.30
	408.92	160.21	433.00	168.97	25.62
	337.07	165.77	358.92	174.29	23.46
	447.96	165.54	474.97	174.45	28.44
	389.00	167.07	412.93	176.25	25.64
	497.00	166.92	526.01	175.75	30.33
	540.37	171.49	566.04	180.88	27.34
	430.98	173.31	457.97	182.31	28.45
	313.00	174.01	335.96	184.21	25.13
	368.00	174.97	393.96	186.67	28.47
	482.00	174.93	511.97	184.58	31.48
	524.00	180.97	554.07	190.88	31.66
	412.00	182.03	440.95	192.39	30.75
	286.06	183.29	308.91	194.26	25.35
	345.02	184.42	370.93	196.22	28.48
	464.11	184.42	496.95	194.64	34.40
	510.00	190.46	541.10	200.37	32.64
	395.08	192.32	420.95	203.39	28.14
	448.03	192.35	479.98	205.61	34.60
	255.92	193.73	279.94	206.27	27.09
	320.00	195.48	345.96	208.14	28.88
	494.72	199.47	526.11	211.33	33.55
	369.00	202.43	397.97	215.17	31.65
	428.19	202.64	460.97	216.59	35.63
	290.14	206.35	317.06	220.85	30.58
	478.32	208.83	515.00	224.25	39.79
	406.30	214.56	440.00	230.00	37.07
	458.28	219.89	494.02	237.92	40.03
	260.11	221.31	284.89	235.63	28.61
	312.91	227.11	343.94	244.22	35.44
	380.51	228.56	415.99	245.05	39.12
	437.12	235.87	473.01	253.98	40.20
	502.95	237.07	535.89	252.19	36.24
	355.00	244.52	386.07	263.88	36.61
	410.00	252.00	450.16	273.77	45.68
	319.96	261.10	358.14	283.73	44.38
	463.07	271.73	503.88	295.69	47.32
	526.03	281.92	557.00	297.01	34.45
	353.22	291.81	390.22	317.47	45.03
	435.66	292.38	478.31	318.44	49.99
	506.93	304.62	553.09	329.32	52.36
	311.99	318.06	349.25	345.67	46.38
	482.10	330.39	531.80	360.47	58.09
	551.19	358.17	594.38	383.80	50.22
	450.96	360.05	456.88	363.66	6.94
	458.09	364.36	507.41	401.41	61.69
	415.65	395.18	449.75	421.34	42.98
53
	494.25	96.47	519.04	88.09	26.17
	455.95	121.59	542.93	91.33	92.09
	577.92	103.84	592.98	96.81	16.61
	614.40	102.32	607.02	106.49	8.48
	552.99	115.32	575.00	105.84	23.96
	510.10	157.19	604.95	107.77	106.95
	526.01	127.13	551.97	116.62	28.01
	399.97	141.48	438.03	128.58	40.18
	623.09	141.72	602.88	157.33	25.53
	634.03	139.22	626.15	145.23	9.91
	396.04	143.06	358.18	155.30	39.79
	450.93	161.76	461.09	157.70	10.94
	259.27	190.27	355.02	157.11	101.34
	312.97	263.45	508.02	159.08	221.22
	433.90	169.29	448.97	162.98	16.35
	584.84	182.24	606.09	164.69	27.56
	413.93	178.40	430.86	170.88	18.52
	526.99	175.92	536.19	169.92	10.98
	571.98	180.97	578.43	175.64	8.36
	394.93	187.43	412.91	178.92	19.89
	497.92	195.37	510.30	186.91	15.00
	255.94	189.92	215.79	203.27	42.31
	480.92	206.36	495.02	197.01	16.92
	532.93	210.90	542.83	202.91	12.72
	478.40	207.44	461.07	219.43	21.07
	537.86	223.06	551.90	209.85	19.28
	413.96	249.96	457.24	220.23	52.51
	357.91	286.86	409.34	252.32	61.95
	455.78	272.19	474.74	256.80	24.43
	528.06	278.16	541.67	263.70	19.86
	312.09	264.71	277.40	283.36	39.38
	455.10	273.66	432.35	289.49	27.71
	506.90	299.70	525.00	282.09	25.25
	315.59	313.45	349.08	290.64	40.52
	409.37	310.35	429.71	294.55	25.75
	484.24	317.29	503.43	299.24	26.35
	499.87	305.84	483.91	322.92	23.38
	304.02	319.37	314.36	313.26	12.01
	567.59	317.91	560.56	328.02	12.32
	476.97	324.98	456.49	345.53	29.02
	313.63	380.09	308.55	384.53	6.75
	554.12	337.08	538.14	358.74	26.92
	556.91	340.92	551.01	350.01	10.84
	362.79	348.73	345.94	362.95	22.05
	351.16	354.14	344.95	358.92	7.84
	423.23	379.84	448.84	353.90	36.45
	541.95	360.96	526.37	383.91	27.74
	413.26	390.18	384.47	420.70	41.96
	516.13	397.10	508.37	409.44	14.58
	396.97	415.98	408.73	402.76	17.69
	505.01	405.00	494.04	421.03	19.42
	337.93	410.41	327.06	421.04	15.20
	500.64	421.10	503.57	416.60	5.37
26
	506.05	96.79	510.95	98.67	5.25
	541.18	97.29	545.98	99.07	5.12
	626.09	102.58	633.91	105.35	8.30
	618.13	105.44	634.06	110.33	16.67
	600.03	188.94	633.97	206.56	38.24
	197.39	235.01	207.57	260.01	26.99
	215.98	254.01	227.59	281.97	30.28
	235.79	275.07	250.49	307.30	35.42
	195.11	288.95	204.65	316.98	29.60
	161.06	299.98	168.34	326.02	27.04
	259.76	300.10	277.71	337.91	41.85
	129.89	311.01	133.46	335.04	24.29
	142.57	329.07	148.13	355.99	27.49
	212.92	312.03	224.81	345.08	35.13
	349.93	346.08	353.59	351.68	6.68
	175.02	321.99	182.44	351.02	29.96
	257.51	370.04	278.24	420.95	54.97
	288.74	330.08	310.67	372.91	48.12
	134.96	337.99	139.40	367.96	30.29
	190.56	346.95	200.55	382.01	36.46
	155.49	353.00	161.53	384.13	31.71
	140.60	371.95	145.64	405.99	34.42
	169.10	379.98	176.90	416.01	36.86
	184.85	411.06	187.35	421.04	10.29
	230.58	411.09	233.32	421.06	10.34
	371.50	414.43	376.02	420.98	7.96
