vx	vy	vz	score	numLines
-0.99674345	-0.08063796	-0.00012069	2596.32	302
-0.37586948	-0.92666709	-0.00319972	1292.83	58
0.92584184	0.37791091	0.00047081	978.04	167

nLines	x1	y1	x2	y2	length
302
	149.97	3.70	160.72	4.60	10.79
	169.07	11.63	178.80	12.79	9.80
	178.04	17.38	183.86	18.25	5.89
	335.96	16.12	342.03	16.56	6.09
	198.94	19.73	204.89	20.42	5.98
	200.01	26.79	205.93	26.91	5.93
	336.01	31.75	342.01	31.93	6.00
	311.06	31.62	318.96	32.55	7.95
	152.92	37.92	144.03	37.46	8.90
	241.22	42.78	254.72	44.23	13.58
	281.97	43.06	290.03	43.35	8.06
	335.12	46.84	342.01	47.84	6.96
	356.84	53.44	393.00	56.00	36.25
	78.98	54.41	84.24	54.49	5.25
	340.13	53.90	345.42	54.61	5.34
	201.15	59.34	209.06	60.13	7.95
	220.80	62.22	213.97	61.46	6.87
	187.99	60.40	194.99	61.06	7.03
	25.09	65.41	31.84	66.22	6.80
	64.02	80.17	56.00	79.99	8.02
	57.89	72.74	67.06	73.39	9.19
	292.00	69.20	301.20	69.78	9.21
	29.06	70.39	34.96	71.12	5.94
	247.93	71.42	256.98	72.21	9.08
	275.00	74.99	281.90	75.22	6.91
	274.00	79.11	308.95	81.45	35.03
	383.00	78.99	391.00	79.36	8.00
	318.07	81.76	329.99	81.98	11.93
	335.97	82.08	358.04	83.34	22.10
	292.13	88.40	281.99	88.12	10.15
	89.21	89.47	84.00	88.74	5.26
	303.90	85.45	329.06	85.72	25.16
	157.98	85.69	183.92	87.64	26.00
	78.04	86.67	83.02	87.31	5.02
	324.08	88.28	332.01	88.79	7.95
	226.01	91.87	240.93	93.54	15.01
	240.02	88.91	248.08	89.21	8.06
	79.00	98.58	70.04	97.86	8.99
	69.02	91.72	77.21	92.59	8.24
	322.28	97.36	328.09	97.65	5.81
	311.64	98.51	325.12	99.08	13.48
	390.06	99.36	396.99	99.70	6.94
	396.24	102.38	406.02	102.51	9.78
	366.93	104.06	373.29	104.84	6.42
	188.32	105.36	193.87	105.77	5.57
	296.97	113.40	302.92	113.67	5.95
	324.10	114.34	329.91	115.15	5.86
	362.89	114.21	368.24	114.27	5.35
	302.98	117.59	312.84	118.43	9.90
	201.92	118.92	206.95	119.10	5.03
	384.95	119.08	394.92	119.42	9.98
	233.44	123.96	239.82	124.21	6.39
	205.05	125.28	210.02	125.95	5.01
	192.41	125.58	199.97	126.52	7.62
	386.00	132.99	391.00	133.21	5.01
	304.22	141.62	313.91	142.17	9.71
	285.00	145.08	293.07	145.17	8.07
	60.66	145.70	75.06	146.81	14.44
	90.24	146.31	98.80	146.40	8.57
	259.95	147.74	273.07	148.18	13.13
	316.44	146.62	324.93	146.91	8.49
	339.91	154.09	346.03	154.20	6.11
	172.96	158.28	164.05	158.08	8.91
	257.11	159.60	270.06	161.17	13.05
	333.17	163.12	340.46	163.44	7.30
	310.06	165.71	319.17	165.82	9.12
	370.01	165.35	376.47	165.47	6.46
	86.98	167.32	102.04	168.62	15.12
	140.99	176.05	147.37	176.52	6.39
	36.97	172.47	46.98	173.29	10.05
	60.00	176.53	44.98	176.19	15.03
	131.93	180.87	126.78	180.69	5.15
	10.94	184.19	27.06	185.34	16.17
	7.38	187.57	32.92	189.66	25.62
	310.99	189.94	318.34	190.70	7.38
	354.22	195.35	369.05	196.94	14.92
	300.00	207.57	305.93	207.60	5.93
	149.98	218.09	155.32	218.62	5.37
	56.07	218.59	68.04	218.72	11.98
	89.99	223.18	100.99	223.02	11.01
	17.97	220.23	23.68	220.27	5.71
	96.99	225.53	109.04	226.41	12.09
	409.01	225.90	417.88	226.81	8.91
	125.07	230.65	134.88	231.45	9.84
	295.09	242.77	300.92	243.41	5.87
	58.86	251.30	63.94	251.75	5.10
	269.99	257.25	276.96	257.43	6.98
	122.02	261.89	136.00	262.01	13.99
	30.93	312.64	11.04	310.79	19.98
	276.90	292.70	303.78	294.19	26.93
	143.85	302.84	137.00	302.99	6.86
	94.98	297.32	105.96	297.26	10.97
	60.08	298.63	66.09	298.76	6.01
	73.94	302.59	87.97	303.81	14.08
	60.99	306.42	66.94	306.51	5.95
	306.96	310.17	312.09	310.29	5.13
	147.04	312.34	153.17	312.19	6.13
	3.61	315.30	32.04	318.43	28.61
	306.04	320.40	311.04	320.84	5.02
	275.99	319.77	282.98	320.53	7.03
	298.48	320.44	304.02	320.31	5.54
	128.99	321.66	148.83	321.40	19.85
	20.07	330.71	35.01	330.43	14.95
	42.96	326.54	54.04	327.52	11.13
	58.94	328.60	80.04	329.30	21.11
	126.00	330.70	153.82	330.26	27.83
	255.00	329.09	282.01	331.98	27.16
	372.09	329.99	378.51	330.53	6.44
	82.00	332.52	98.11	332.79	16.11
	255.02	332.63	266.08	333.36	11.09
	131.07	334.32	141.98	335.07	10.94
	29.99	342.93	17.07	343.28	12.93
	275.03	340.84	287.00	341.01	11.97
	76.02	340.94	93.97	342.61	18.03
	141.96	342.66	151.98	342.91	10.02
	125.00	346.96	131.05	347.20	6.06
	138.83	348.42	154.86	348.70	16.03
	67.05	349.17	74.97	349.84	7.95
	130.01	350.52	140.94	350.60	10.93
	152.04	351.74	169.00	352.91	17.00
	120.70	353.99	162.99	355.60	42.32
	318.30	355.70	324.00	355.76	5.70
	388.69	360.25	396.01	360.99	7.36
	7.03	365.88	21.16	365.78	14.13
	150.01	371.07	132.91	370.12	17.12
	85.72	367.15	91.06	367.02	5.34
	7.00	374.01	12.98	374.08	5.98
	135.94	373.88	146.89	373.61	10.95
	58.95	375.38	66.04	375.79	7.10
	146.97	384.56	165.01	385.46	18.06
	357.00	384.10	365.98	384.10	8.98
	271.97	385.86	276.99	386.12	5.03
	116.09	391.81	150.42	394.01	34.39
	14.01	395.53	19.08	395.87	5.08
	122.99	400.09	146.01	401.17	23.05
	303.43	401.49	308.61	401.49	5.18
	277.96	402.06	283.00	402.00	5.04
	118.99	403.27	135.00	404.55	16.05
	117.99	411.28	134.00	411.98	16.02
	137.07	411.82	144.98	412.22	7.92
	148.02	411.84	165.00	413.19	17.04
	320.55	414.57	328.73	415.36	8.22
	270.98	414.58	279.81	414.35	8.83
	313.94	415.43	319.10	415.50	5.16
	346.99	417.02	353.86	416.93	6.87
	98.83	422.82	138.00	423.40	39.18
	61.26	427.20	54.88	427.22	6.38
	313.99	425.97	301.04	425.71	12.95
	55.01	424.07	60.95	424.36	5.96
	135.96	425.29	165.01	424.24	29.07
	61.95	429.66	71.04	430.37	9.12
	149.24	432.40	201.04	433.10	51.80
	24.02	435.43	19.00	435.57	5.02
	140.00	435.99	155.98	436.31	15.99
	95.94	436.61	108.04	437.39	12.13
	110.01	439.03	123.01	439.53	13.01
	349.02	441.85	359.80	442.36	10.80
	135.82	440.64	184.07	442.92	48.30
	53.05	450.75	33.00	449.26	20.11
	163.00	445.23	182.05	446.34	19.08
	309.99	445.64	315.95	446.21	5.99
	50.98	447.20	60.00	448.01	9.06
	340.60	448.67	346.90	449.09	6.31
	331.00	450.07	339.07	450.32	8.08
	94.99	450.97	127.99	451.37	33.00
	4.01	453.13	13.02	453.10	9.01
	166.96	453.71	179.98	453.23	13.02
	190.00	452.96	200.99	453.63	11.01
	86.52	455.89	98.97	456.03	12.45
	297.04	457.76	304.22	458.33	7.21
	184.79	457.90	190.87	458.25	6.09
	380.07	461.33	387.88	461.36	7.81
	398.02	461.63	404.99	461.89	6.97
	12.99	465.19	19.02	465.03	6.02
	28.01	464.81	39.04	465.29	11.04
	129.99	471.62	143.00	471.66	13.02
	125.99	467.36	145.99	467.44	20.00
	100.42	468.72	122.69	469.64	22.29
	20.98	473.31	27.97	473.62	7.00
	331.99	474.06	339.98	473.83	8.00
	343.02	473.87	349.99	474.22	6.98
	35.22	481.30	24.00	480.94	11.23
	109.03	474.92	123.84	476.16	14.86
	157.03	476.64	170.00	476.83	12.97
	375.99	476.51	384.93	477.11	8.96
	315.26	477.60	347.98	479.37	32.77
	49.98	478.71	58.94	478.82	8.95
	344.64	482.58	356.12	482.41	11.47
	332.06	484.46	339.12	484.36	7.06
	168.99	487.45	175.95	487.38	6.96
	11.99	488.44	45.03	488.54	33.04
	92.21	488.85	109.96	489.16	17.75
	120.00	489.35	134.00	489.35	13.99
	154.02	487.75	170.96	488.67	16.96
	265.99	488.73	274.98	489.42	9.01
	327.85	490.15	359.10	490.71	31.26
	378.33	490.43	388.01	490.83	9.70
	119.88	496.38	125.09	496.14	5.21
	114.01	502.95	150.99	503.91	36.99
	161.00	504.86	166.84	504.62	5.84
	358.96	505.91	367.01	506.47	8.08
	81.99	506.13	105.00	507.98	23.09
	151.96	506.25	157.93	506.72	5.99
	195.99	506.08	202.00	506.11	6.00
	350.12	507.31	355.93	507.83	5.83
	256.93	509.28	296.02	508.77	39.09
	35.03	514.44	22.93	514.69	12.10
	109.02	509.87	118.95	510.18	9.94
	120.35	511.53	162.99	511.67	42.64
	205.02	511.19	215.98	511.20	10.96
	239.99	512.64	251.00	512.44	11.01
	350.00	511.47	360.01	511.92	10.02
	369.99	511.29	388.03	511.91	18.05
	167.01	513.86	190.99	512.75	24.01
	86.07	516.69	105.00	516.92	18.93
	193.04	514.29	199.86	514.49	6.83
	36.91	515.65	45.07	515.35	8.16
	120.09	517.79	149.99	518.25	29.90
	178.96	518.03	191.04	517.95	12.08
	3.99	519.14	30.04	520.67	26.09
	307.05	519.19	318.07	519.29	11.02
	81.94	524.24	100.00	524.02	18.06
	113.98	523.79	185.00	526.49	71.07
	193.99	526.74	224.00	526.01	30.02
	237.96	526.44	255.02	527.23	17.09
	82.02	530.11	90.80	530.21	8.78
	216.98	530.12	222.00	530.01	5.02
	381.88	531.43	387.01	531.57	5.13
	168.15	533.84	193.94	534.35	25.79
	211.74	539.81	232.86	540.51	21.14
	288.03	541.17	295.11	541.77	7.11
	4.00	544.80	41.04	546.13	37.06
	395.98	545.45	387.23	545.57	8.75
	103.96	546.63	133.96	547.19	30.00
	115.08	553.90	126.97	553.63	11.89
	152.03	550.19	172.00	549.25	20.00
	172.99	549.24	190.03	550.45	17.08
	193.73	548.55	240.00	550.07	46.29
	285.04	551.50	318.93	549.80	33.93
	259.98	550.83	283.01	552.15	23.06
	393.11	551.45	406.99	551.22	13.88
	215.12	557.65	227.01	557.17	11.90
	189.91	557.80	195.21	557.80	5.30
	164.93	558.67	170.98	559.02	6.06
	93.99	564.26	104.12	564.76	10.14
	183.08	565.89	189.15	565.67	6.07
	5.94	567.18	18.93	567.29	12.99
	273.04	571.54	257.06	572.47	16.00
	312.72	572.75	322.25	572.39	9.54
	121.02	572.49	130.01	573.18	9.02
	193.04	571.86	214.64	573.40	21.65
	242.68	573.42	255.00	573.66	12.32
	170.96	572.57	176.01	572.96	5.07
	136.97	575.40	128.97	575.56	8.00
	280.97	574.06	301.97	574.94	21.02
	174.99	576.09	183.01	575.92	8.02
	4.00	577.00	17.94	577.68	13.96
	282.04	578.12	291.98	578.01	9.94
	173.96	579.47	182.97	579.17	9.01
	343.90	582.36	355.07	581.90	11.18
	4.00	583.83	13.00	584.25	9.01
	184.01	584.98	211.00	583.92	27.02
	234.01	584.10	299.99	584.50	65.99
	306.01	584.79	318.00	585.59	12.02
	131.02	585.91	161.99	586.41	30.98
	96.98	588.35	116.67	589.60	19.73
	3.82	592.70	27.91	592.22	24.10
	73.16	591.38	82.00	591.97	8.86
	155.95	594.41	181.14	594.67	25.19
	8.98	596.11	18.71	596.30	9.73
	83.99	605.93	68.99	605.55	15.00
	104.00	599.70	122.93	599.68	18.92
	182.07	595.78	194.96	595.93	12.89
	127.97	600.63	147.00	600.70	19.03
	4.02	598.13	9.99	597.82	5.97
	155.01	599.97	164.70	600.33	9.70
	310.57	599.34	367.07	601.54	56.54
	8.00	603.22	24.01	603.96	16.03
	158.09	606.44	136.02	604.91	22.12
	300.95	603.58	309.03	603.86	8.08
	375.97	605.98	381.06	605.73	5.10
	158.99	607.35	172.09	606.69	13.12
	350.98	606.34	359.00	606.46	8.02
	360.99	606.90	368.86	607.28	7.88
	120.04	611.72	159.98	614.62	40.05
	160.99	614.70	260.97	613.69	99.98
	376.02	611.61	386.64	612.28	10.65
	386.59	616.56	379.08	616.74	7.52
	284.98	614.37	302.00	615.00	17.03
	391.95	613.94	399.19	614.45	7.26
	251.00	619.01	263.06	619.33	12.07
	335.08	617.08	356.34	618.54	21.31
	195.98	618.46	219.99	618.40	24.01
	164.68	622.04	185.19	621.67	20.51
	238.89	623.28	250.03	622.63	11.16
	83.98	621.05	93.83	620.82	9.86
	228.08	631.40	237.00	631.49	8.92
	271.67	627.36	281.02	627.09	9.36
	117.02	628.43	128.01	627.99	10.99
	224.06	628.62	231.02	628.99	6.97
	272.29	629.35	281.00	630.00	8.73
	120.52	633.66	127.02	634.06	6.51
58
	322.53	59.99	319.00	63.99	5.34
	400.01	70.00	396.03	73.27	5.15
	195.26	104.21	197.86	97.91	6.82
	80.67	100.15	81.88	105.00	5.00
	257.96	104.83	254.20	109.22	5.79
	411.90	130.42	416.99	127.98	5.65
	75.99	147.03	78.26	153.85	7.19
	381.84	152.77	390.64	147.58	10.21
	320.47	166.92	314.68	170.35	6.73
	292.72	172.75	297.86	168.81	6.48
	289.22	174.19	284.19	177.23	5.88
	121.28	196.00	121.56	191.00	5.01
	302.72	200.83	296.94	203.88	6.54
	246.15	210.21	240.60	213.67	6.54
	162.84	222.85	160.17	227.11	5.02
	48.77	225.84	55.42	232.76	9.59
	350.71	259.78	344.96	260.34	5.77
	13.00	252.90	20.82	255.15	8.14
	106.67	257.99	110.39	271.09	13.62
	283.93	262.80	301.01	258.90	17.53
	298.95	268.95	310.00	267.55	11.14
	340.05	267.29	346.96	266.81	6.93
	271.05	275.59	277.98	274.59	7.00
	20.06	275.77	28.16	277.17	8.23
	344.71	285.33	352.93	284.76	8.24
	276.90	292.70	303.78	294.19	26.93
	311.80	331.01	320.54	332.54	8.87
	18.03	297.62	28.94	296.66	10.95
	278.13	300.23	288.91	301.69	10.88
	10.84	303.64	33.00	302.00	22.21
	104.74	346.06	42.91	618.98	279.83
	109.31	315.93	106.73	325.85	10.25
	36.02	330.44	42.11	327.51	6.75
	343.14	329.72	355.92	331.86	12.96
	159.42	335.67	169.24	345.74	14.07
	112.70	338.00	110.79	352.93	15.05
	314.02	339.98	331.03	343.60	17.39
	365.00	364.00	376.01	368.09	11.74
	389.09	370.28	395.95	372.63	7.26
	91.25	373.97	71.97	442.00	70.71
	40.07	386.03	34.84	392.34	8.20
	406.96	399.20	413.01	401.89	6.63
	295.11	404.67	299.99	407.45	5.62
	354.01	420.24	361.16	424.39	8.27
	253.08	426.90	420.10	596.89	238.31
	249.36	427.69	399.51	584.54	217.14
	245.61	432.29	262.15	451.89	25.65
	267.40	432.54	274.20	439.82	9.96
	69.49	450.89	53.38	510.10	61.36
	375.04	459.29	382.31	464.68	9.04
	273.68	464.43	317.85	512.33	65.15
	361.95	471.24	366.75	474.98	6.09
	75.77	492.02	75.01	497.01	5.05
	400.97	502.00	408.00	508.02	9.25
	325.62	520.99	361.91	562.05	54.80
	47.37	529.81	33.72	573.11	45.41
	368.07	569.92	376.37	579.06	12.35
	41.32	620.09	37.70	634.04	14.42
167
	171.00	4.00	178.15	7.61	8.00
	369.01	5.99	374.94	8.88	6.59
	284.59	13.70	292.20	16.72	8.19
	185.23	22.76	190.82	25.37	6.18
	206.04	22.98	211.23	25.54	5.79
	348.20	32.20	359.88	37.68	12.90
	325.06	38.80	331.85	41.73	7.40
	250.97	49.81	256.07	51.95	5.53
	151.00	52.08	171.75	61.24	22.69
	227.86	55.20	235.95	58.36	8.68
	156.97	57.01	162.98	59.83	6.64
	411.10	57.91	420.16	61.91	9.91
	397.00	65.00	402.07	67.34	5.58
	114.97	68.03	126.09	72.90	12.14
	387.00	88.98	394.34	92.42	8.11
	164.04	95.71	171.95	98.76	8.48
	52.03	95.11	71.90	102.06	21.05
	367.06	95.27	372.03	97.15	5.32
	219.91	99.24	226.00	101.73	6.58
	382.07	100.16	395.02	104.98	13.82
	269.77	104.01	275.05	106.45	5.82
	63.52	110.37	73.18	113.88	10.28
	240.16	118.88	247.98	122.16	8.48
	194.81	123.22	208.99	128.99	15.31
	394.27	122.70	403.02	125.86	9.31
	254.00	129.98	258.97	131.66	5.25
	93.99	132.01	101.14	134.19	7.47
	239.99	133.05	244.79	134.71	5.07
	98.01	138.76	93.05	137.28	5.18
	227.16	137.22	235.20	139.73	8.43
	112.02	140.16	117.13	141.96	5.42
	239.93	139.62	248.09	142.92	8.80
	291.07	139.57	304.03	143.98	13.69
	339.94	141.66	346.11	144.33	6.73
	181.07	145.60	189.59	148.58	9.04
	310.50	147.48	319.93	151.46	10.23
	299.03	149.14	303.97	150.80	5.21
	359.99	149.37	366.15	151.85	6.64
	102.01	156.43	94.03	153.67	8.44
	367.93	151.74	378.13	155.64	10.92
	375.00	158.99	383.31	162.62	9.07
	89.02	174.28	110.00	181.07	22.05
	148.30	182.81	155.08	184.63	7.03
	77.99	191.67	62.86	187.27	15.75
	87.65	210.35	97.05	212.91	9.74
	408.99	212.55	414.94	214.62	6.30
	49.73	241.63	56.14	243.85	6.78
	316.26	245.15	323.04	247.92	7.33
	42.98	251.03	50.98	252.76	8.18
	13.00	252.90	20.82	255.15	8.14
	40.02	262.04	49.03	263.98	9.22
	347.97	307.05	353.69	308.98	6.04
	289.02	310.99	294.00	312.10	5.11
	116.91	319.86	123.00	321.42	6.28
	114.14	327.83	125.00	330.57	11.20
	314.02	339.98	331.03	343.60	17.39
	38.07	344.42	44.01	345.41	6.02
	53.03	352.38	59.07	353.85	6.22
	158.01	361.98	163.78	363.39	5.94
	389.09	370.28	395.95	372.63	7.26
	47.98	372.40	56.97	373.96	9.12
	78.99	371.93	86.20	373.29	7.34
	5.01	376.68	10.04	377.49	5.10
	54.16	380.57	59.72	381.80	5.69
	401.09	387.81	406.17	389.15	5.26
	263.02	391.86	268.77	393.48	5.97
	44.17	392.67	61.31	395.18	17.33
	382.99	397.43	389.63	399.13	6.85
	397.20	397.13	405.92	399.46	9.03
	324.60	399.57	331.84	401.30	7.44
	21.99	401.02	32.92	403.25	11.16
	55.98	403.67	62.34	404.98	6.49
	149.06	404.42	163.05	408.07	14.46
	387.01	408.60	391.94	410.17	5.18
	393.34	415.21	388.05	414.28	5.37
	283.15	410.50	290.99	412.11	8.01
	37.88	414.06	44.03	415.71	6.36
	96.08	417.17	101.06	417.95	5.04
	26.74	425.47	34.82	426.47	8.14
	384.89	425.36	391.00	426.98	6.32
	267.04	427.65	275.03	429.46	8.19
	113.03	432.35	118.06	433.09	5.08
	127.02	439.65	135.13	440.82	8.20
	19.05	440.71	38.10	443.31	19.23
	36.99	441.06	44.96	442.81	8.15
	285.07	445.81	298.97	449.56	14.39
	304.00	447.04	313.01	449.49	9.34
	102.91	448.58	107.98	449.22	5.11
	128.96	450.54	145.01	453.50	16.32
	288.03	451.97	316.16	457.23	28.61
	136.05	458.97	149.00	461.01	13.11
	159.02	461.36	165.98	462.96	7.15
	89.98	463.26	95.88	464.45	6.02
	153.00	466.94	173.01	471.46	20.51
	178.00	469.99	190.00	472.55	12.27
	44.02	472.11	50.77	473.57	6.90
	145.01	476.14	166.04	480.92	21.57
	131.16	479.35	139.46	480.64	8.40
	55.03	484.08	36.02	481.95	19.13
	168.49	481.49	178.93	482.85	10.52
	343.56	484.02	364.99	487.12	21.65
	94.97	494.93	85.98	493.97	9.04
	332.02	486.30	337.00	487.33	5.08
	121.81	492.69	133.05	494.68	11.42
	87.93	502.33	92.97	503.17	5.11
	273.04	502.30	280.24	503.69	7.33
	105.75	503.65	111.93	504.73	6.28
	245.00	505.98	249.99	507.15	5.12
	38.00	507.16	46.05	508.64	8.18
	115.96	513.09	130.04	514.52	14.15
	283.97	514.29	292.97	515.39	9.07
	242.96	518.14	251.02	519.85	8.24
	391.97	519.15	401.92	521.66	10.26
	279.03	524.79	293.00	526.99	14.14
	149.33	528.45	156.02	529.40	6.76
	264.02	531.08	288.06	535.31	24.40
	228.06	534.29	242.98	536.20	15.05
	258.11	535.11	265.90	536.19	7.86
	15.78	536.80	22.32	537.48	6.57
	84.93	537.11	111.02	540.85	26.35
	247.98	537.92	254.02	538.87	6.11
	297.91	539.05	305.18	540.24	7.36
	391.17	541.42	418.99	545.14	28.08
	234.03	543.49	252.02	545.14	18.07
	309.37	553.59	317.93	554.87	8.66
	409.98	552.61	420.38	554.44	10.56
	99.99	556.89	87.17	555.22	12.94
	292.08	558.09	303.03	559.93	11.10
	214.98	561.16	220.00	562.15	5.12
	270.89	561.16	276.07	561.87	5.23
	323.00	561.98	329.29	562.55	6.32
	405.04	563.22	412.25	564.61	7.35
	157.00	564.07	165.94	565.70	9.09
	228.10	565.28	234.01	566.06	5.96
	237.66	564.98	248.05	566.51	10.50
	121.02	572.49	130.01	573.18	9.02
	193.04	571.86	214.64	573.40	21.65
	170.96	572.57	176.01	572.96	5.07
	68.93	574.50	77.84	575.39	8.95
	79.89	576.43	99.93	578.53	20.15
	358.01	576.09	364.99	577.14	7.05
	4.00	577.00	17.94	577.68	13.96
	106.00	578.50	151.00	583.01	45.23
	160.97	579.21	171.01	580.61	10.14
	4.00	583.83	13.00	584.25	9.01
	306.01	584.79	318.00	585.59	12.02
	96.98	588.35	116.67	589.60	19.73
	73.16	591.38	82.00	591.97	8.86
	321.91	592.59	335.02	594.38	13.22
	292.02	598.17	309.33	599.69	17.38
	8.00	603.22	24.01	603.96	16.03
	158.09	606.44	136.02	604.91	22.12
	70.98	609.01	124.01	614.56	53.32
	301.00	608.70	313.22	610.61	12.37
	256.01	610.64	263.90	611.65	7.95
	120.04	611.72	159.98	614.62	40.05
	376.02	611.61	386.64	612.28	10.65
	314.05	613.66	331.98	615.13	17.99
	347.96	612.60	376.01	617.01	28.40
	391.95	613.94	399.19	614.45	7.26
	146.26	629.75	163.93	631.22	17.73
	236.04	616.89	248.06	617.94	12.06
	335.08	617.08	356.34	618.54	21.31
	309.03	628.64	297.12	627.50	11.97
	224.06	628.62	231.02	628.99	6.97
	272.29	629.35	281.00	630.00	8.73
	120.52	633.66	127.02	634.06	6.51
